# Packing of N=8 4-dimensional subspaces of R^10; each block is an m x n basis (integers / 10^12)
# m n N 10 4 8
63110121956 702641142873 296322763419 -124458108421
251355191487 120071876298 -678962547308 -515130034729
61534802241 -66901295984 250000666778 37555501276
-222755347053 214444681448 105483980656 -126457755744
-594519118785 75921687078 -176241343165 87441047990
-438955749696 38163775367 -435769544081 61437758238
-422210382668 -380982780280 123137245672 -231966489995
-192464462223 478042567879 -36932710703 -167998435408
-5003834172 -229149991609 267925943867 -765266269763
343463034534 -89515325569 -261358472774 150546741832
-6345554645 455107942668 520728230168 143974051823
-209473761378 306782456571 443128550556 51979777757
-176755086432 153496995084 -255734717550 -193815952300
120468881961 -193459667309 -59113889450 -39451749979
292135899476 76358145774 -81285155000 835214517371
214794496898 -226530300594 473023092029 -196677034751
-411025112730 517074270547 -161276972277 -146830979103
258353183071 -55101804359 380272777728 -227213294551
475039870781 141331098063 -156134474136 -342399364225
563466428583 538748811217 -195526870287 -103734386157
-236504184827 -102840555828 66576202036 -363362493936
-13674104079 -133598990425 116504520761 70320963730
-725774805977 27964892460 -243794575026 -414840676455
242828191251 -351012052439 576200762407 -608189750301
519557926174 -174647472246 -569851580179 -349194004721
-29288550792 373626258028 262603689683 -33542081897
110908546367 274302783425 333328527190 -48256217635
176366207535 654815404661 -210992619739 -428444806018
-163142474082 109005754311 110191682279 -90098771972
-131699356323 -401967446155 -170562809017 -62945798918
482642415166 -228606687613 -257278079097 204392250873
-428073278518 -116066492941 -87904368452 277349242488
-178201676245 -116391795498 454215343420 153650027357
-162533515248 -225677877403 171713834422 438877768035
-165938772402 -160852682273 -84920883664 -173979733114
209998424240 302717705620 642973729173 177721993119
-472779382039 375451653418 -20817960635 315590095871
-219152333557 381386238410 95975383606 -619993697052
-101103130654 435547196087 -509713145816 263575953852
415007999350 525507027140 14306195958 223077449499
316985532243 287994090077 100278524764 89101104514
-237022701823 -182756730603 520909335916 68544669914
-134578721358 495291443872 -312370182057 664096337144
-217505700677 -47559657473 -72963708137 -214745916025
117597000342 -98220902623 167564126954 479173803024
-28854027830 -515990346106 -409127501995 314094409273
699428692924 -95132890644 -367016721821 -206913768062
-15683667844 451404790254 118973424386 -209691778521
208258853859 -357995099014 337260472627 249209614942
480042097691 138612483770 397033024004 151890272666
436051658683 -85112124643 448132891953 264325463851
-235728333557 66117675657 709983973396 -305822448643
-76637866642 -503916977399 -91688315777 -31724384125
413515911993 -31997812329 -370865332342 -557292584768
134854050055 -478368123242 -54469100756 289336539683
479881998205 -195497460632 95245047864 29184138926
-52510666633 -378894696502 104244901529 322722005664
-541296680036 -423906228643 -66580112925 -192505839881
-117576009192 115572541092 -342918572680 339863320855
139163216259 -360219636719 64963575849 -428649976238
-143874910876 9524204499 445654718105 336212510715
-87504657347 305881585520 81511219582 -575390198733
-408829820839 -175816707354 369899508806 -446720442037
-621126876661 -256243872579 -443490618247 -73671712263
79396533832 -113819298806 -369623349198 -158920457508
505670328573 144091387965 -27950573360 -479556701458
-245138261487 399489598720 106422740827 -19635172456
164824264972 130890932295 70860591222 274100005211
263096909610 -705795294533 -12366485431 -89805887283
-14712085064 318095542337 -554378580291 109949080700
604978000306 -332457481849 75846639592 -137877505463
16611892589 516954435385 105337418628 33334577735
-190854320326 390579122568 -352506295961 -129446565122
-7798491449 41150994604 643944499365 -215248939954
310203028589 324901203257 -41925167639 410721601233
186736661613 -337082153595 -205538077210 -388461474245
-57079594050 -237014942888 355292754821 551374851083
-227507284483 152382297461 501160192807 -370292424809
312649999911 302874699891 -24517331339 -376703389006
-559799347431 -278693339423 -149086913114 -118993192172
