-131613895173
-144918197227
-342452419052
-335039215961
158790465503
231382901834
-412320454870
88993751014
181638926963
-214858700837
-548276331924
24306470814
69826981202
271465407027
128635463396
138105534890
-55862101336
-225570424840
-167015235378
183632461467
-505221013602
80526344718
-10718320861
12371865631
-125055375684
-176016924046
273356693030
124996929272
-658420714915
-181167971763
-264178202486
24003575656
193290552610
162912009037
26525239855
-13647515266
476600396861
-360644790277
-22264113470
200966533368
-98186109036
-117789600108
543484406656
384292991549
-13234628432
-377808815171
62621042390
-208403971520
-9197156319
399779685826
-289902377792
597990158717
192624402030
-92176679144
364985098891
4403336284
128268182129
-68487259637
-60082489027
-69105256260
-94286051515
-171391270011
-172111925168
456994075173
-146908881032
-86095522349
-556720424945
15930364214
-476361511543
-73016604648
344924706573
-122354247133
-91721248919
-16698950984
-95895961750
-249123631190
-232016682439
226799932687
-39114430675
366400090918
198099377259
133209741565
-120969277809
-210991224423
52299617773
-548203089388
58396134813
-140401416847
-193247595691
465854335935
224046781749
-64501122030
-415219455930
-155906246556
183421070563
323708481692
92076488592
514339316260
143249588651
-422579322896
173163919084
3278544371
300799308135
-108714788706
-78011914011
-178744150136
250298390472
-203617902979
-11573890975
288747696624
444286486583
-453578375098
-218448979218
-116941951441
-272527445791
-4982008983
-73284427439
106277359360
-472934797669
-35829728112
144019992284
235431117916
310827916071
-135148090525
295454520848
301273329788
86711774687
205707789035
-250440690897
107479176831
-57090237941
522016486198
295337470331
-379178335532
-4955757215
-170331196422
216006149532
-244323675222
-444095325622
22126787723
-551575185312
-66980865026
444724429625
74398693750
-231252430362
-78402876363
-291889098421
-76678746845
31075687019
56731283115
-121093882133
-134404095649
538364507814
-282416467813
-190395065936
-144569393899
-346098716498
83969687097
-27709896439
29148978066
438681052751
-281908485774
-287996512635
93248538794
-220277875797
311335202347
124585962029
277240148697
-377839009393
-445649052686
-90123618478
158994663112
408358465709
136283363672
-144828795656
302050877495
48565655331
92035407707
-260546845047
244266172693
-142613898158
135941004097
-390227588851
465498789904
-209237762
228145602501
140106588981
216329506946
5388758440
-38421386257
223569025155
331130970457
-248865526621
-249808998215
-433890766448
114396812388
323810093797
72608002222
389995901850
95154402579
60993262775
291070677519
432920067235
412382056509
283876302412
161146179549
141632570330
366973110107
91831216241
614071115
-459946627383
206690866087
169107456561
-176026755038
200375201940
-26779225222
32616422619
259192785128
333330191438
-76365980937
373615688887
-26546638836
164043544520
-428726190989
-330276457253
-274159277655
314706728599
-162515126350
284836890173
129068473274
-54709423641
-92337622614
86867967912
332123781101
-533493507281
37651340132
-105095880838
271464015981
238061780243
380497902589
469890775166
-265261277008
-418675332193
-290203933516
217367035124
-399647743663
-324736232922
-93790200094
-90067123618
186273404389
209355717539
-168304823042
-1752271950
111160456526
28086874567
567740869391
14763001461
123777298470
380553829571
-108478849934
49707419745
143952121062
564350312331
-354275068608
-28277579304
-128972620448
-52431070283
-73118120465
-82419031425
-77625959445
-439440728933
-93015341286
-207891025717
487062936783
-33392316175
-12007233769
182943537366
-364849474092
59074180779
35656254365
136636878093
-58186234596
-76738860503
-441327576785
349961465913
-208527777820
92642949243
116703061008
-39623444219
-468743250233
28938458000
-197213347712
-143362325656
121628458166
12020638595
-220363429582
488669303333
213865126783
263447802934
485078915331
-334648606012
-279738152212
-401625189255
-102136039177
-73990033006
-221518906384
-281828351942
-25758062015
-98626176565
561737582159
-279728732656
160243504179
-5441273255
-212392538583
170422676432
54275481734
-8481430262
-34776284180
210826704571
-256334167179
161599978080
-276801377296
-91443229570
-211109929982
-85342324782
-625417734955
409506609292
-155066832894
-297834444201
-226003369958
207056392719
-106134960481
-260502505010
-87263312311
340679691159
226872981051
110053172545
-208900466174
321844411754
376375154154
320056046842
-17799563623
295085707631
-456920280545
57052390872
90691953743
401644829543
235707836084
-22679542766
346047555213
165234945098
45929623008
-348816915350
294654796295
401128206745
161946065569
-163707659252
-119257019457
227541479936
-369865126314
-460415641737
134269590169
39043391049
389469254006
-254854259313
-23956277997
-481505895304
-64971566973
369947780136
183206522803
-158650305598
-197873704741
202861279558
-76101859779
-183004084658
-401155240250
149408633651
-407475704233
27988155654
114943049222
471306082336
272192829865
68519152812
406502855973
114738126179
-82573421327
-376580649972
-13884216764
49554543567
-78213928757
-108571202140
131181428134
-562107674974
-32377090175
-311828513375
16924379607
61352995372
347186191580
-132759698589
217906106346
106085370682
-83524670506
342316155836
389647017581
282525539796
-261308745143
-391256421866
-350424115751
38771451380
186778207780
-140150079707
-73530197691
-58194393690
18946552270
-121347253481
-105575549208
-478726180838
555752675674
-163502174542
-3371404289
-519314983152
414255407517
80776294026
112697104837
117500245961
-23836675682
73553445145
-226722471959
-263560901725
-236101252266
234896290077
-467766182052
-212431278931
82075429388
-131294448581
188692911583
-70187613317
-334851976432
-164243177168
-67432691794
18442153248
375564432244
270690070262
-2396293426
195150202295
-222610245055
-342961608442
-236539665792
-478119015811
333679250665
-301645729023
-191765606591
166715983608
-346317055240
343867579241
575286094056
240271802183
-152920116869
-200178692179
-187121853498
61296102184
31922211119
39165186097
114330413756
-315791528288
90414969818
90549983238
-254801616924
131642585330
324509813410
-304418320995
-214799614648
414816944734
-218383236504
101311466750
-196549445969
492945946981
-104877425138
341734450001
133486864533
-66449172366
-206568481336
-23167082339
236410419059
200083919022
259066095667
-266048099272
-145153528035
460656795575
-262340384761
586147354226
-55159064173
-263601258887
-17846929101
-6698886935
-59364125263
-253579804255
457082388128
-133858547744
283413249701
-232813678318
381397780533
423435848249
-128298077022
-286083580619
-148638815662
-164936916375
295339174854
-102814895977
-25402225444
340689654973
262886208601
-332042018726
441795584604
131053383034
97213984069
17575583306
-292913652895
-113547946751
38935605614
207348408388
-490909834149
257042799766
165171439002
70041073429
-212906645300
274208776168
122644372543
27084103536
-474372002966
-345036647092
-158328516385
-280039295520
140998577321
-460065492826
139358760286
175615774829
-153391210007
-328964444932
-50862709703
-312414365848
-155297806458
291185472489
-170727532012
-218503751905
230720071673
317518326343
47113585949
78753714830
594761818726
202367933272
52964024976
25047393980
-112646724826
378564886908
-355178430137
177845298516
226546305942
209193000525
-69640035127
-308532011492
-99105395155
357420098845
-330401517822
100421088884
-168740855296
-110683820092
-236405121115
-540916318677
32708743373
-434019838308
-460608700295
-94593728358
132072273693
266047984156
161362777364
97361480977
160765215121
206309348886
-38209265522
117448283212
470062142390
342445626818
81490573790
195564375054
-239794058434
-87959430128
242474647871
-276551630895
71263996315
-42012151053
-7351636696
46282150945
127250594136
166303563404
-567914165126
-444805341302
-147227458369
29617137249
-451294302964
24224344947
-361652943545
-585307421527
-181585247220
-108713055441
-61919587935
315584090680
135034073633
-185781812810
-99124091197
-299324422001
-7250711728
-158713153492
156111797571
-419563294896
-11249407284
-88044726501
-82417163330
239246640108
245683521300
-30261874620
35689042086
-175520504975
543793868602
363302942865
-129417764158
42743800929
-176402392237
310579796484
510762469529
37168807481
-313964239664
-171915823205
9514408818
87917079073
-245943713252
170279503920
-434302748946
63015998343
70604189166
20085100068
672896539469
-318589813243
116081383899
-86279564224
310759942825
37850619087
139252219855
181564828014
688866964018
-332907362764
140514879055
-226744892642
105980832717
-127576332910
99341864896
207277762551
300299702668
111070684499
101285705910
-164420833018
348577461353
-178099573682
-467336082687
-164735524558
236084397032
-241627253852
36808658935
-126735466387
-423598136666
341646538546
167968742493
-133840698681
307214612065
77443927817
-77303096473
119329047868
-217420897269
-549001942399
-12377524111
-7403837648
143767170445
-104630647364
-81680535529
411790296090
-91663648742
-154273590613
-454089136382
402580581908
150238633161
142455356515
-211954304335
-284812499627
195827127691
70385409561
-117883106080
78651022197
-5971411868
-388485427812
278366351988
178790020539
314135331509
546419093524
2503679159
-364153156097
4160288579
406555124696
136611070850
200654284399
54772104658
-158056961084
347198095354
173172490657
-284883280488
62688152188
-6974644242
-135506700746
-187473037945
199679547992
647098616398
36840042984
-475409314845
143048005039
147421222500
-282394646076
-275279167772
-179750083994
-303638900972
268305611853
210374182342
401751943378
12319408558
390685651442
44590989162
134073824595
518165937740
-175568898223
25610541365
-235751398384
159384673185
288797461968
79538117497
-174350557688
-147638921574
-172450897990
-461200606314
-239101265451
276273335280
-283013128024
-145181816636
272552710955
-312626861046
129275668025
237713540542
-113915879466
313969472374
329967683558
81921960996
165706084368
-153005824940
-3940877149
-232815272166
337234453100
33999318634
554657734451
983124841
310734149258
-106783897877
-132462721380
124235610123
264106636174
-193769537296
331021139940
-277509054420
478578096908
555427565627
-56815492609
-118997699406
-86976031364
-51811044225
-207251418142
-33977384747
-17114320620
-69463264243
408461855025
-116366719327
168144578261
146646620230
386170302397
-276165533395
-46769602551
82733438025
-339292507458
546400949082
-269283654535
122002067319
430450986744
-501465196361
-115767965657
201558425588
-164144668148
319718627013
-247592129362
275031857074
-260240996219
273178660060
-2649683302
-272431699134
-103794459965
29545292249
369807720921
-13800577866
93083027201
-23694912870
142428381653
-201063905825
-133402953591
30501110118
715751340526
-131170197064
-61226004917
-443104626312
167997455147
-62053365597
-112769633149
-276046645285
-268217807756
450359636258
-25744815260
-35791763505
-48265966216
232968201977
-317540807607
-123415222141
-373485182137
324046358752
134221747544
-132993115788
178126510685
403104970406
259558087170
129916976108
-266033053794
217267113569
-432945840512
220744122435
89724901542
264536649061
451436404964
-240934311934
-283218170327
95879769503
-199997252530
302439473220
-29226028060
127557581201
386912404268
-11192860190
-338220427302
-36844845439
-403376847600
78050043863
-159858684815
71044350906
472846992013
279739008945
384819679316
234647015733
52728566681
104791626397
278855593504
165750482370
503547961223
47199633428
-450017360523
-100849514840
52659878335
-156443073933
253352989131
148721108698
-204644273528
168911712281
306439277006
-49076119569
-382118550746
-95694119679
-436426435217
-140395021385
159168009462
-81778055229
-168358111413
-113356469605
701624243313
181639290134
258184012293
221049935919
-218823933180
-14572543555
-107654008489
-83489307336
-339631830395
-353917565559
189322689047
110870287012
331780778381
-475784304221
-497482088857
27652405445
138327077271
-172164556100
-87986683367
-17254248133
-138295681821
28592411846
223153311195
-326356035974
-205381834120
145530454157
-290135013394
-381666336778
42915947888
42634203032
252543897398
413907825492
-215202369065
16628009145
-154498494015
375042382956
362367526161
-138204552358
191382794939
-107442215874
347400504126
-94317413275
10916983303
625724146487
-28234842185
369588723401
394501393974
170910992264
3064517485
-62616234427
-174742307928
-173094304389
-209605293203
-555760813992
-445301297035
174699299201
289855174537
-143125668323
-267565358155
191833467730
-44347716524
-100759571137
-71111943922
60869055485
6078838506
-32092250235
-11627839962
-476803224505
355501702599
-257936455616
123312442254
344500508099
26460337927
-123669431847
-414336137194
40579413766
233404296754
238341095868
-65187626107
72767400910
-396730215447
287334851091
-350856978126
-216470482482
-297640622477
-355975863338
-353490174459
-257909494238
-181863056487
158907621373
-38214664471
-118711457955
41575812811
596770052943
98525958580
-117839292528
-298076536984
-46631108438
-191127523860
-64671341523
413448726536
460296990445
529302838106
150287906928
14774377123
271910915894
-263513706526
16085978935
231983852099
100670701684
-229442425822
112090018033
-26750916918
135781702503
-491575018584
79224676701
34132166578
-317714386191
291731182240
15291785285
268240769105
-133774165822
-238859527708
351880815651
347064321767
-144278763716
287268588482
-227324782002
-33633598561
-336783234844
30847467354
-20182280232
-232113098123
-15683931520
314293364248
31972827713
-602977977052
104425292219
131903961100
-561937346406
32076004842
130403235249
66848290875
-98425812218
4664939527
-61900016886
-26613388592
-274315300727
-195017172571
186569727043
-64626002111
611744771521
372404938106
13645925729
16756678411
-427652897638
-279699540491
-242862952092
-43693097424
199501964017
-28877605573
-69456823440
-142697690250
-234117355226
411436210224
188958162806
-9112693453
-415735996447
7330007713
595908119054
284787142491
183483440748
-172115191429
33725420045
-791228126858
58000966304
-306868856306
194848243827
-2458775698
224908665423
-87662906555
309149029916
26135573570
15995143683
-184786618033
-210899604213
-22715886070
58263876581
102120663399
-137592465083
102823532162
303915284242
132875098995
-202916710159
374402537614
299771941590
342026969980
-304126517654
38582318891
299982641322
-360110613712
-254709522458
288653567910
254631092334
27406453435
77186358381
12694696786
180624370366
-267757209041
-61651957968
-95126502917
-150231231766
-506049023458
183439691821
-407575078957
-25198687950
-409809567914
405120283060
11306688356
182818289594
223878449878
239676723491
178911164668
-553816661316
-146595939696
186467356055
-232025579122
225192962617
10910128948
-350622984155
220313286269
301719528337
-311005997505
264316868426
63243175224
367050919960
-229237498076
451162231864
-315944862550
-38244211555
326821573620
134343928204
399011580359
-13275712344
-71661118062
-321811473433
-117206685575
165369540394
-49025575838
44904412916
-61186880311
-229657401252
-36439432577
-134648267635
-683059214171
327574735508
4917810627
8502968997
182473521261
191357092612
505932104489
-114314524582
81944686415
549027231479
-361435775972
-302152805291
299624740830
-292828913971
-36095390072
117753842677
-252190807713
103182630724
-166587407008
148553218021
-58471520266
-179222939293
-329504753732
-133285083384
-54814126565
290198070467
-209025785862
326480197033
-277966432254
-289063618090
452004968037
108993386857
78107487993
-218778020197
-189860533258
-360122107384
171656245644
-224341702868
-293246668373
110413046140
-62725336789
133779694861
-440560582254
43164627584
-455962637387
308172643393
-406938426882
3860233728
-178466920141
128719449800
-119820579464
65594530457
150049882116
-460370355518
