-3.356408058484 -0.682444621017
-2.701326562891 -1.438002847848
-1.279990871134 0.596514021358
-3.477745116341 -2.068220453012
-4.534038517572 -0.396676960593
-0.595605582013 -2.224443288715
-2.642263315666 2.005103658061
-2.750558901876 0.398078928947
0.724224658271 0.313062296027
0.597066473622 1.304944746762
-0.847800410186 2.654823661557
-0.198349833959 0.698881303189
-4.674400404548 0.593423307403
-3.738268000690 0.241775582472
-1.562831646174 -2.478360087700
-2.104932326782 1.161732204676
-0.818275262118 1.483542034665
-4.253718609167 1.500631567416
-2.562810272840 -2.471822029009
-1.702585921698 -1.488173871641
-0.342356634737 -0.290695394864
0.580217857492 -0.676514402026
-0.022858954538 2.089605478238
-1.336153314299 -0.401907623028
-3.287889890761 1.241450382332
-3.608092034073 2.264284843145
-1.643216717766 2.048760217983
-2.180547706651 2.892131671368
-0.742942359717 -1.206954679643
0.179632132513 -1.592773686805
-4.132826611935 -1.312662226181
-2.330364088312 -0.509354990770
