# Packing of N=99 1-dimensional subspaces of R^12; each block is an m x n basis (integers / 10^12)
# m n N 12 1 99
-215265991542
110647539637
98822534162
-208551622408
-642714501511
311317479077
-139312400940
401815622664
-64724051380
-170512545341
359891938641
-185762808555
-269977399244
-537402468534
-53201744450
179455059244
519209904956
376359337375
-135049132395
-194500622071
-320078972929
46910737661
-157021664588
81702148450
-204112122891
-205573981887
-205021425524
292050951989
-362603601597
-170028167292
-381241141444
534263347007
247092893223
103220876536
-43185636103
352139898237
387316387371
203336498578
286345830749
464881899616
-327119198839
91449738242
-255775839030
348877132385
305369014758
-69383418059
-304802065930
-130598688987
-324916013678
156670289750
313148753397
96930199944
-277009031160
131448728407
-723150753997
-181958444764
177555053261
-63169304347
-65438376806
-269368520190
-78190608279
-439069661049
222727119696
45719066729
401052300897
-150240821027
40477952262
11764439501
96555156287
388806259144
332611352660
541378631205
212426766364
534088182445
290142766803
412766961149
-165835816723
-254849828501
58357334653
259721691519
-441735142494
66580585747
88890098277
210451999580
-225097190999
530041305428
-172402352549
298176912917
149097917510
251903104937
-75671715507
-388287057947
-263711259601
290706295535
-111621146864
-375584819013
-512095164786
-128464414391
411746138512
-144609052536
284277439651
247092457087
-90491837295
-63161366405
267882237992
514940179486
-28297091922
-197578573293
-51979692673
249968317726
-317252689997
21356851114
-155049818763
-306389416931
535139170202
-101075617920
-239809631159
-173437336958
369297268397
-441852682080
349295862013
-43524922407
-349496905657
18846047962
-516859860563
335053588551
148501163399
-125160231874
-376624336519
240064053647
355087481419
-104442612541
-36254669618
39622919885
-361928234512
414783592491
-91194351440
-147701039183
57711574287
2605491097
-262384741267
653728699693
-27973955504
404498725676
24184637795
-19656273901
89967673395
-187994629017
-146883964721
497569619310
381187800490
-96157668608
363729831210
173996355376
375715395387
-477656288184
-569908267164
-31528783348
-345821660529
-104117733604
253321239165
-290945795392
-472851899542
-239741861861
-25341343177
192396700654
-230549899910
-151918608976
89572871024
99092450197
164972618234
246554945451
584574742909
408450317563
-306259816589
-229206750695
349211180945
-118096561865
-118199504332
-298990986095
371062876063
-18355335180
205410598057
-53369408975
275618731241
-197781413625
-9697879311
653882857143
-135105044243
400562714826
-264411904320
159925254794
159187683926
-623053266332
41935124680
-173134993845
-132284697119
-280927534723
144890382417
38975715455
-42236536818
158688848265
477678417830
-425035329340
549800827214
-431863419124
-171781038975
64175551643
188989321989
183750420913
180966598812
-436838436805
252642542279
-1283662080
331141227458
105087989751
-171417319855
67033122880
247613666316
-223089837230
-16360579324
-744378264221
-317044690050
262929249732
53909753704
187968842431
266227534733
148018976809
-185847207490
136228249116
172847206573
-485657884241
-618448838938
122514845406
-80564619549
-234165923674
-74444056009
257341508163
-387677058666
-17019979117
97951169022
197043844568
-672490300738
-226957196984
374160956979
108354775558
53740074407
-208511507514
27382406648
-466687955756
43025244730
-171247419111
136078315007
30828563032
234838522374
-65460893156
2010100112
-621811447713
422401161484
-117939704713
-222420172816
483424753765
-152170901342
-189171325888
-54636252437
-170563662459
323183273063
-451298291682
217961496412
-151478064963
579554119140
-201927046055
421023654552
60900422739
-95002184468
150664593207
33644429971
385071392924
-209518962366
324677528469
152733960706
55995238500
370116925949
-447913625219
-278997262259
-126789643569
259825440970
419253803492
354429375323
-440627150398
-289479737126
-193131983352
19946365425
-120586264376
210540381674
-228120865857
-236125809656
-192283623770
-414285320090
-428325866879
495554130746
-65060742533
-54747598715
-289118228650
-277108536539
501387384180
-423780479964
-217243499683
209083603022
10079109165
-99886565605
-234197785442
-323079953197
66217034536
-379450795828
96226084225
-209622181655
472800443340
-252100177752
-153209346327
354297266239
439102821051
-219410315399
130400283467
-12083219622
544432119629
38086022093
-242334804032
297357819512
-36799382003
451588379951
392636473837
65424657037
-410372254369
-148966951808
-22862679772
335858096556
-108620766732
17100151744
-583793922834
-397169414245
-165487777063
135904381026
-452561578335
-13500905231
-278643428704
218672219521
15472658350
253705241641
-70614848010
-206596921635
-344711367389
201113260361
83339712046
-82830987208
-294051359950
-23275573319
720639946328
170783811818
-281760462104
77794247444
-30015101577
-201424085915
41856992806
-175016068849
-547575972739
179667038036
477394748172
121674329190
-194217352530
-533150839623
-152619061375
82236871281
82029962449
-197808216305
156866287852
471678806625
53339539403
485976479481
132770645140
156742092878
203442161838
-201564824536
-580569288091
104435453964
195591863480
116895456614
-398587764884
337948038328
-29304419237
-402194790791
-120081148316
-293471727272
-203761887962
-562078078851
-208509517452
-428157496082
377049000312
-95930403158
29631444922
-56428338924
82393263242
1241998428
140677921613
710473636119
-234792019450
72826320579
-263564346406
233499157736
482731012497
-118799552606
-221166868433
-222094917529
15433641699
-571793228373
205552353051
14481529023
389070048137
-95281960268
264562489744
-277507840132
-581062616235
187342805413
-326425409147
-345094030173
373866521856
209117105456
-49346294204
-75839552345
164935287489
212314091483
246254164695
-106425753976
-195188685248
110482890052
315538582128
-42119022025
78011378746
489625000617
160643720477
-15549150809
113926255055
-605861587306
430250864257
-342811293705
1574445654
-213112617524
100327180371
495229023334
438676358820
399402472094
-72477146259
364421542436
74749911670
198200008679
216466045950
-302285844935
502279877784
-592282707762
42390851236
-109175429385
-377958408088
-146724351036
146929078195
-60067176725
-63050160146
221257788139
222072022291
338225452396
243184523823
140536288892
-373598919238
276988557550
370038381712
-35933621524
191427639622
569295814962
-48865932757
170376980907
245025465029
62900114886
2988990240
-266516890281
34358251046
386487424809
-199596040385
-422269691132
272766680684
576902875493
334761266570
145796984880
-125537413165
221184892432
-514983384701
150555197414
213452464829
-509796261574
150892038842
-125290477280
-93270287591
-27438155678
-523508841903
107012763512
-155938312144
-411452760947
-14521064107
380976305171
697873291890
52687285240
34840405865
11285859966
-409742620041
108524078669
74059594901
93573615547
17354468501
-621686471424
-18715808320
-121686695287
-101209622043
-247547914638
-144632063264
181871545767
-141724393873
343504597781
-58394713310
-56641012001
572825966713
-164840022111
73352357461
3185624066
-364761345505
-274315938297
114663217274
234725145590
511096420541
370410208800
514877825437
-17202387813
164545005613
5169547571
439602580896
-40071618355
-440876509154
-51496237711
-136559337278
-50995637068
-46960900197
-699295126561
239259496916
138381561541
-138674374030
229263099485
281277626528
-61894424645
247622917241
144128865256
-356615878821
180825355795
268597371793
413793629606
-48748256307
-54760713030
611377649851
-198437479105
-228442573425
-608979967793
301092823723
122126518038
197908453140
-59970396308
-82263133267
54159341567
183682035830
403403123384
-427867210219
-414601061036
340203329428
-24992567053
103645057
619860501807
118078061338
-299248759884
33922488762
-291644111608
-264016679107
249961764779
75040064931
-17205563877
183106690036
-79864690381
-131161728266
-24295820008
-75870212195
167088778033
66274255525
231378687876
-588376265626
673392894667
225290724405
-34843416022
306631562370
-8521415544
-395665822123
212195598956
68127325053
-203161296726
-678778002713
353591131349
123121768987
-170180014147
165256390276
97262564024
334549476315
-494122810289
291259209267
-206599702520
345045639714
244494935138
541202420545
122568026557
-36513106482
-87664695359
105680519185
-19541217100
157854887713
480126134711
336709309213
78092265407
-143926086402
243758459569
-104723502088
-136205114065
-222498340530
-566254547075
-380664991340
80346796189
-60587401306
25515676717
-541481935317
266777371361
484652847692
218651532647
-52518257902
-222686552800
291057753521
-376629902030
251476866807
355584794280
-118210074168
513631740535
-527416720257
-86924790546
116354182143
-261451309350
205325717892
-186308499095
187592450560
339183251906
32297918398
-226558336878
-274022373810
-246388657365
213742631542
252106158925
64144589680
-234861378351
285757285194
-19485419430
-487803044494
-273339559518
-499654512844
88669216295
109501572094
15572705888
-196727234221
-13916575307
237461720502
129982594192
17434493614
534352278471
21786489204
-747997580892
-148035455773
-653568177491
32959032305
-259783183276
299741273163
-171256548517
381059360627
128262141123
104957292780
-366054947579
-57414474401
196775306749
190826587931
-135017565035
-150618322604
599526963234
149993499224
64137631898
151979576415
-349054462874
198689496554
-554953734802
-274305799045
-43558810621
-59254517674
276199638323
-2791710020
633288067296
227861440970
141953082555
-108111205504
-301619741132
-92250918495
294905099023
-342556003935
288071527498
228274187900
-47354368892
-286301037028
-256016330711
-175531690878
206608427399
-712871967631
78495776392
-214991176896
306384710149
-328295531737
92893718823
-76801539832
618347234856
514139285485
-170961286727
-78356938818
-52811303019
90600611416
315606752008
-53962310016
-128736126081
294821754162
-311875831985
-60526622693
163845418352
-264330309264
93205963190
635063732828
-43658006647
297224542327
-115446518497
90456292863
-199674509538
-95986370779
134758580903
558828249324
116511029114
649006034354
577641538441
-141822621762
143881932501
59241188470
-140542815388
93677030749
103386016822
212568890306
-55672290502
-315784960064
334358108299
258529489984
45258515457
141318344416
-30623944321
-93484023119
401380856715
-414670920992
443076183631
-495985633055
-118795251136
-13480828803
-135758441145
-200558245895
179854170530
259586713556
153138023290
228123945049
441037194053
10612365293
-414646332022
514878730428
301789643126
-208293920765
99531499019
136999247699
-148547731357
222267121460
-327965836241
-148400971105
-48866564983
350131496024
36424984273
586954464494
60181249509
-543899839815
-46365004868
267595344904
-289092018269
-327501172998
-24048431256
-396197816777
363580328882
-338624841904
-187590282951
-185077360795
-451991602282
239297254327
498376884069
-127476715185
-328222842408
53761411195
-88569328766
-2991948658
70980197292
289192470580
451161144711
-296208147151
164006056979
-458303460641
-112272948728
339844432799
191924894066
443734394972
91545865786
381008465636
200643177466
166965824502
-96854234481
-394466817961
286416958457
-411658005255
-350306162704
-506316625112
-215678436499
162241830571
39554400073
-343312556220
241850714587
120153777329
313641790650
462713720707
-174784722223
-112729093300
-206325242056
561032826801
-288455364693
-440819723415
-185104331560
440148186588
242024865066
-107791187942
22353057816
1518732061
181371793449
183185226872
-97461107446
254638544053
-139200279039
434667583682
-794591501999
-2440030323
27395953058
-174515631309
-3931310444
-38482697744
-113060798416
201198778453
353626532734
180610119567
-422144748636
151720881242
482585077699
465684042998
-203713572948
39700244034
-144007953696
224111947318
52433031937
273063825237
-433281926650
175665713768
564113922359
-332606403169
83846026157
80662300058
335166653110
77585275946
-194345283605
-101417844775
414359374682
-30244159396
-272471879498
-264449949003
300214582413
-125565251392
215904800986
465753256533
174774511548
606828009685
139499479516
-207219970817
-138334215757
77884227405
-408900046003
-150742076796
-351832505056
-307999878883
154148536473
-187438301795
174153150940
569255349855
101190124245
-102647880542
327240551005
-224252699453
-244999653304
522561240172
210678038567
239197508173
-183884231151
52269376304
653366357964
-13665001636
150187872626
269278905159
-44780742678
-67908522178
657358175625
-115202267325
-11852875438
235681596102
-210125186764
-302686055808
-238196517746
191212366000
77108940586
261264061238
401018770366
186629086894
119078949236
195312095620
529740195471
217449055210
592645849971
259057165745
272498118478
56025326578
-180527718321
22627698424
-50510875906
297283070551
-249353797762
-399030080774
95986420812
63637575833
-188588619977
-88554439479
-209552108229
-429756934672
86128812759
-258349837425
-641851416496
84781053894
158403307765
-328963136149
-111770201915
-224216528820
169766864382
443211946046
172466495223
161416792146
-431897512035
-421707638062
394089536904
-56470976544
576419745550
-160149292342
25571019237
67487923416
356320707126
199697830453
-11794860610
250804369713
52394750939
-467288153972
-411320909780
129267336408
296620875465
-598150536973
-320467114765
-25882738634
43483291141
409871430261
93580857608
388197389973
19450055980
326004869854
-87359825949
-85051208520
327537318253
14780546814
171739212718
337183937691
152213866107
256937301716
166683796054
20158535010
442514842139
648196871063
-81027593075
96921324317
311980096434
454630585423
-196251903125
381231790240
-159822975812
302006515383
-145022130442
-215975496104
381014615947
31092368606
423268489193
-49027785961
431179953624
-45506793962
-80687053395
758897506583
-105744692086
-82016231740
348862828088
-168819654755
-102660939963
70889273214
15655456122
-213666917021
23790770312
-196008589118
56066369802
209129779396
-87644753753
-177492566932
-42977601414
-481374804431
381644544873
121977921839
-93975841646
-687036613424
-54241186795
-175929854409
229815329913
-229028498555
-319919028584
-112878632883
-208509342625
-201324457492
720296796889
198478905239
313926848808
70488079665
95673663325
56578406680
296004711856
-331393778181
-212485226208
173862556349
423867418668
405530877459
-298602781695
124768277789
-232081292562
-460559764430
-111303783563
272751768375
-249012559867
-291718561258
213834997720
516414695089
-265476781789
376779747205
49938583524
136007820162
-12409466252
-469163659516
-191267691478
138543385889
513628476884
-5760655906
-302471375991
527924653713
122843705113
-207448686000
382198361397
-227356580207
-82636379335
217854821595
168086764212
185097207780
93143890788
-62313911665
153876910530
-83714289573
-439877283295
703936778965
20885225932
-396057873261
210244936560
-60999109793
-390015259439
-244407268563
132419575067
362576421408
-429131001905
357298887262
147799527161
166249857171
131529075867
69433631397
-294649417045
-410996041892
-42071637485
21971503356
-447936412393
-170638902104
-115423010627
274645667909
-329463355587
-501775456157
-478866386088
-50788528041
-198356315630
218328702386
113967420741
176883544347
244642588202
316014013493
397450894424
-195413581187
-558801508989
-158019167991
-211474851399
439287343321
145601209431
61083762215
-333026337038
49378927187
267914180680
121775522044
320953605602
-352559737867
-95082015646
117438520188
-211441410267
86794191260
207585376623
-674220678098
-4835733354
228681215327
132780556237
77478192939
402852702365
-310646556083
181842876772
-388014900399
348696470061
237202732874
536041277464
-128216136697
193419915860
132121008135
545694616966
155472128644
-374636576519
-54053679452
57752565054
-350184061355
-188697770351
50043785780
445042798722
-343170009670
