55561930621 -21375573723 487145045295 35509255669
165387380268 -419782968605 44149775917 -705725966405
-217132608207 -472222940718 16655889808 -113549475565
-525277030814 90131589636 58470971129 50516160006
386349038882 87156122457 -118965356779 -387238292849
-241749875603 297357199413 -477922677841 -366561894499
-482781135838 -504711650841 -8426884156 -4086120965
-374984499487 208039841685 -11970637533 -231306864888
209885034222 -403031137976 -620700961767 378294064750
145072560809 -189053211559 359162072628 65555379486
389045061088 210530153915 483759333972 -306272703715
2185939204 -322598903083 -251147334787 -506497563913
-403352048465 -614127106824 413182584523 -140983280335
389809572476 64595821253 360077334035 244858868520
-487353243450 340227127390 197362074072 -121658861501
159524551143 -138826964919 284549386518 189804536079
-406494864479 33850893725 118685094452 604552859669
-223718870385 367442434548 -203634136017 -216709405203
154290293928 -446138210928 -196220177580 162043859111
178717137913 -7464931386 -434224453076 283360404204
346682463990 -411661829909 -59920733122 -36787935831
-296752230418 -313265601942 351227725981 -301137821146
-194507189858 476340801919 215193359887 -189371453154
115004370745 -456340371294 107531238220 204117110214
272729651536 384611125183 93826605747 -115913180580
224672829772 166577961505 62488256449 -443518236146
180651476707 -148890910592 653731882395 142210734898
649203094751 244078712299 108442219068 363415721973
25707162146 -47884684963 -584827427439 119318249320
401335912903 -193758373774 -146017183754 -673618068758
353310295401 618214718692 386787242402 -373925571345
59959059775 374998884428 159566978433 722362106519
188765383088 -296165713361 350385577072 108735029151
-229366651519 224956150766 -441149067753 -134387397709
-432445969151 429964290643 -163058996950 16478156981
-293809014582 -222452960712 24584585868 320890850659
-81610068364 -145029013021 -285761699517 -261184079370
-595358492332 -110094579426 611049456679 -165755544986
-363749243550 263508054345 46073068563 63160367963
-128750194231 -43836765785 152298727820 -324908681243
78314899164 -65236542573 -564276118138 -560344387435
-115043326034 -170245890762 53758821235 184901194550
-691808303104 128447666360 -393809792973 49469402323
-50460166850 -427715214071 -334829599772 633911973871
-39950170901 687766155305 -105309969746 308515107688
-246860840224 432475385230 141184087500 41098481158
-116642735183 89615336923 -81887006122 -331472198750
-386778491011 -114396600487 291923128169 -64616775920
498965579979 285017910209 -341236120548 189377386507
157419133673 70081949774 414868192230 -27395359470
229126728924 -595625171896 96452756774 83551711607
-149931547669 187802161169 -494853817277 -206130709542
-145939841369 180002059028 -76785171505 167476042944
-501455065844 337852163182 -67202916775 279063267932
110414327893 -246186159803 102474568179 -34600050992
202344592382 318292709127 557237568385 564700374303
-24348876356 -69866193765 -214040930660 409041469228
580030608872 241753843717 -251679182773 28800839511
511768610032 344560225504 -256644323713 10728236963
13989626686 345615897346 489251863538 -596876474961
74548868674 -145572411812 228443687448 66738064890
617386769816 313909696974 221470668728 61822562276
-405155443029 598074002094 -309104568367 76466446720
438210315829 182290615958 -238840315565 -123099991091
161987405871 276350421729 -230334840024 -322347887158
73412109316 159465554662 255037743012 -31447691815
-264514491386 406573423581 449631645455 -597460005918
81206126772 449113350977 -132018114816 556425340818
124329567633 129965858681 579857991293 242052954545
365304501340 -60434265895 -268780237077 -375058538301
415906786359 -351279528753 90291497022 97640017730
-153034230331 -47694874419 -330695992561 -14968735432
132563296100 154094029224 528101526586 87599578127
77155974464 515019386125 130659632869 191272466461
-173360352833 542275523599 -179613622721 -448099029021
189592153154 866933234 -446546142288 641437711746
379949577312 -14839530877 -2372542797 -191436997359
57517838521 14406789415 -586100943269 -162890768068
-491112053448 213882163405 67193459272 508239150739
570277098415 495076874392 -82613726078 110724355494
-205235143764 220996989187 -104226226866 -305341323629
217268271420 -99514823637 214231089545 -222173164132
-317775560255 620706768497 72480595697 -229811168917
-200688507863 -566040875806 74980582756 -112401176517
160829976574 47996049963 -72643087876 57584981968
49126134756 9290672957 -763711729040 275692953242
675480416506 214833351330 65313705309 345826194243
471612712043 -200910251432 -145883285414 -687909930539
171927400762 177877106686 510157163678 104141640562
181341714056 339159939605 -240885120662 -330113038683
641747740488 -37717466429 9613244177 -258348068453
179558344834 -584024221366 -60635430811 -398693797094
345602294752 326814886182 281670823688 55546776622
-89878502814 -168239149254 355795083206 -9079536819
-370790998314 189178158480 142015658014 -590182829027
414781843190 -205833113236 222166811153 350302741944
-226479824779 -659403830265 34264773636 122519666339
-126904737113 -91641871827 141054320243 141165399747
207360709973 -28094428688 12099865294 -511992292886
92050082715 14971082097 -836396433580 55036532517
-689941511162 115581023080 130330994650 106850245001
118557013442 -132495863417 282943198333 -683873747654
15580145818 -231728043557 2684957299 483461437686
-425111693823 -105825254117 -28016218488 227552497128
-236570287756 -494191079031 -438060490416 -211170942624
-53001543924 -385420556414 308374800518 -120441900321
-305919329415 78017718696 -450008405785 -316781276047
76368983803 455998062499 137066027519 79326781566
253076508014 251987447441 -618688626637 -5910215912
326681819446 -483628476933 -105368743426 263831684208
-255249254439 -195715974602 -127028398223 641457768245
512373117483 107080038470 -438741198297 238486591826
540271635671 149317646569 261836941433 427627218418
-168517637435 569065802795 -516334012305 29159387509
-452060304272 26287326232 186125236482 330584756416
-176127374122 -311013332862 -558685639799 177511096832
109198955624 -125942044784 135702001868 138270632234
-261860123843 119907760863 34029232411 -194823040625
-106518085466 -169487006910 205498037984 306228820760
-157509881081 669112877735 218256357163 237262350641
-298029150466 133748302663 -46526935510 302654841397
477713296665 -177051951805 -52111984088 471617781306
-114911611265 -77878351028 -578827404567 -502351588754
-643071108943 -230015100465 458897678856 -111172860306
235398624580 114561534678 199097410149 -537542147987
-69762277818 821801821789 -82763702123 103114419885
-124259460066 -253276260380 -38409958076 236959842953
-140074042637 -65872583228 -511908901484 -4155608863
-399551658984 137060387965 -252272576157 249598417283
-35235425470 -340640313424 -275380157879 56651929575
203403505229 -225970054513 233688183990 5106538096
-20652633109 -108053634664 -272440777062 -137885540780
48012465929 62898798557 -158231647598 -2428440978
548943435217 377342242692 -190163615169 216891489722
462027727988 -493914476975 437534121637 -262620534347
-301571906174 -84878526226 -13987899021 592026339085
-242313281180 637365997328 583175294844 -306524221229
492805809731 360405242124 -223343132927 -47132979207
219855786700 58045519993 464507219862 549501808441
15208403754 16309789912 112214504678 341054395416
-544255859966 -421995607881 -146180619487 335050620826
-153691981220 -483894483623 223249358498 -25131366258
213116194550 -331760046992 364787541914 240264365661
261362107481 -210533733373 512151875100 79866102109
-562328902172 125182859714 485310384846 8003843536
-124735463801 93827839533 68546429775 -263862447421
-80027560475 -275120776623 -351369107545 -339291220350
-67317584818 9237714940 -359693194971 670065762433
450796068482 -79279004030 2312060049 309845387950
143212349418 -571699487979 -200877783665 -305296021830
