287159293903
-409252408620
-245300479941
-451042580067
-469062437384
-115141624309
-358498934507
-74707561495
84924629429
-31560144893
172012801322
256124652746
125155602668
-245384966178
-103243606682
173308124264
504992619984
164974293070
-402814118444
294056774259
-146561624741
-387348433939
-169745849484
337729005206
191802697507
130179405945
104347265754
-136423955625
-523438121388
56420982014
518749294479
-252755978928
82693490792
365813942405
22981489324
-307133246379
-113603267744
334292968974
-12977581200
28893238388
-185150509087
-304042610965
265024478030
409416153492
546286641712
432222191152
-180962715066
-230377647735
-206601201773
48994602272
83460137020
107081256200
-91930577100
90756140008
-289428019881
676801434250
-116778280506
215287901552
31551631213
330120693846
59177175913
-101214390758
268397832182
430973274578
-675198917
-23167882234
355597627092
574382985592
-114643658312
173526248886
118555936865
-215139162852
-102427377158
189866714186
10947301670
-563598860378
135869343275
-238197673535
-154592329189
-604430771391
-298404159481
-527371247772
110786998053
279585055270
251978046593
203535848111
110815001386
-165990141365
6691427619
-4814871468
-91308212813
452632880926
132682136216
117576547090
-497910822465
45306061390
423069867133
-7497829111
-125774060844
-161492671694
24129214169
494159242911
-212716891254
-52530711176
-224088527926
-4338476692
-305455881345
396912148630
436785845942
88193330170
-372969385541
78805633562
-390009543332
-102525782551
286478697153
-273393262618
-188715741303
276168663273
5626381288
-85253297314
-126759259282
-212520197616
-416972527742
-185645229683
-248342972710
46624874605
-349492472326
402832449991
-535371536282
-109445604238
-192777294963
149948104568
-52771340838
-194499150461
419612076569
-62216477967
259594692469
97413478941
167091356441
-367207553179
634573883503
-126210326743
-248072172281
336283223834
-342763192122
240308672918
-360637689873
187447104964
-237737161831
3479659711
289587803489
519657615473
15458731341
262774034327
-168239569391
196093985382
490100611500
405579830966
-212218561842
147845721297
346288900434
385596647488
-217278513808
-154072342680
-129805054141
229789199657
-265040177476
218228917827
-36602116800
-415459000002
455803151873
49350355852
-50499507931
99515474083
-78080610499
-304608372418
539162050358
-387738824351
-77883553790
-48630987677
237399441752
6248836541
-129195067298
-133432503134
149715165523
479306213161
482120488303
56945388044
-267242169829
-546480880231
2458598566
10293139128
-242780903445
74739130864
207297261190
83187925130
-266901626059
-88414471960
99406276500
375704707731
202725562607
-49602920206
117751256405
-230618147378
-108133896791
-746282505120
-229984345057
-175667382521
321525426293
44659380568
57768149467
65730442767
-374660279617
586991084832
433827957184
62664143175
-243309732094
111262082515
-235545700257
-107130743049
-267150313406
194522016891
-172661901670
321675194232
-166485078535
307012439346
-467312189197
-196555877439
338744306538
-241673819481
169236142359
-348924669800
230258509057
270782365292
41318903333
-499294682959
-122277296864
181411718864
-59687585711
-290502253766
-495135346464
291482691785
-18666513722
73452766151
-66575776955
-474938700176
217525699346
-246735665759
-216961540320
465106720144
307919949639
-138785638351
-15334974263
-402575486333
96977507140
-25739933318
249497591553
210988133873
346387401753
403150286782
-289318623101
-452310508628
-134571010442
16668630987
-153593943704
-214787893348
85551249443
307519379767
-681007189388
84378534144
-168921507324
49768128272
-140743535786
-294903506071
59596296206
-607721257778
203384487644
-128024850444
277583852573
262851651172
344442953905
-1074051001
109851386627
-308336869880
-292589699027
157689226084
164893376484
-119947271482
30326288324
-456568882764
336454170626
-38651860223
-467740053252
269456968068
-161236141070
-406256150978
21039221631
-111228493153
-372973494723
83294907128
9931867058
254557065246
478616227929
-87260029474
228480925156
25085184847
368994672039
-511632874416
-236966733340
-189080645277
-101949353211
372048049358
-378220990996
-315421475984
200674740622
-110202323883
-158954456812
27294722050
-298073093167
-284973887531
617173563949
41239021007
-299887341545
-108055629655
157358706458
78715716826
-137474556703
286934132689
239237118012
-230308783254
-170113790017
387104940253
242184953163
187299460985
75279359086
-453509228316
-541057137166
75450962264
338972104590
-336984357734
-328662681144
-81745816854
242251898436
-255171495914
-249620939572
-447452597472
-509554937644
-25277156124
-73554233061
940256059
-69417036385
453915169796
358231576462
341234848017
-89040399432
-309729306922
222898302466
-291148546101
357594080041
-869469031
-30716407681
78990374939
403062806459
115591886719
-137075475149
-27247148583
511942562238
187620249520
315406160190
534149830042
-115739434007
160268059246
12708169155
-374361365487
223866467762
228447251350
-129191857939
253508677829
-123393489537
294580827629
485235744676
70216086653
-60771447897
-89754175849
58099594518
-320084700212
-2697948901
-243539400822
481500232882
-429657484702
326489983414
-481078810740
336178716254
21237563440
196306690874
-26612280023
353362874826
23239486463
-397463722470
-252849137505
110373613569
-348164859087
-168935428985
-568472047049
311131012486
-17132605569
344370638293
-207264025238
-29542959629
-173716017257
-65514521957
21397844295
-411507626396
125909722011
-214541922503
388810883735
-464012656945
193837647239
-231108576591
-263040979792
47080136707
-335121839855
538328475635
241102714003
30973648063
130578881795
5716012586
287718254038
247470318489
387986892840
-28178523760
-160844743939
171948306830
71402052739
-431176374701
-95612821542
-312654948186
304930402954
166114972036
-159597275467
578497067017
120920473621
-28169802232
-255327112001
-494740425207
88017639831
-283502356665
-50016340861
467066992322
-175024624819
1933629297
94714080899
-72600274152
423816437743
-394934489397
-136435741482
1984138265
-415310992782
77402750142
115106967258
10687842457
-124037750916
-43775290246
-356503597200
35481943693
-109685093690
313706616210
730373204351
-20244767771
90987365086
-499354270510
-467993872401
437692442286
53164778021
-107002973818
217337746809
-295297833439
396591244623
-29192263271
-152937148511
33535221267
228634224295
490137138795
-132926063094
122598668875
-80678620856
-181761541742
270493211656
400167173919
198846670138
120108473146
-420798782934
302856175151
-281400142412
220028154152
-200744671420
84093274950
318897485056
200132338538
153467670262
-396167793461
414504709796
527204434155
-16030360917
-299471146886
205589667954
-1407975879
-812521728602
59300527365
194132359363
88496084067
97384073773
51890391807
11286815067
-237862999012
123474525639
157802502331
271477895654
204247317264
-257537737845
347207264972
518609525484
-107230575050
-564276186642
145618634149
-417540046263
-24841235999
3967556203
24448279774
-112460855207
107097636325
169037832789
176406076655
82573873238
-10318657561
-389574114181
185929395773
-320433176480
-294602911865
123516004691
140893093048
728655421970
-202019971615
95124287982
-36880776989
-1540126000
321851477650
73158687124
-423491524167
-245988458984
21150640038
321677902777
263977115392
115522019882
280564303002
247974902506
242474783845
396414147777
328792768853
-220070914326
680890419925
-26713746261
-230181514844
104035383711
49857244902
-319023577695
-201512781743
-48536707628
83961197640
136414013040
-347647216906
-360131447348
-90505072228
-270146826657
213915016689
47599937129
-3130688244
255549663222
567650997957
238650423848
-68244598804
283170587353
514736729253
233643828094
-148056671740
-42231265809
-106578177443
219019034118
-165583458386
154793646493
-403266005996
-127767777418
240236428099
-366363592717
331241961197
590433790643
-235680571530
-52409832180
300530421152
229768119282
79792687623
45055439167
-172471053755
37070688359
664397512645
27641756525
74592624613
-346101273562
285716886491
-222722514240
344373316492
81535532137
-131138542317
122462748905
104332490395
-245385168267
470491032205
-170629954803
-231664290874
368238400322
347534047406
135723707054
474082984397
-293868328737
48045070874
-188494565039
63502065620
-279663424909
606649523850
-157116446363
325472327519
-342934804916
-60922452764
259458327881
273485327786
156412408386
305585262190
-234867073393
382690805031
-2364854582
165200896150
133708050838
590544792937
-93352497032
4046838141
-104129495839
347039180953
393954504561
-33692164927
328818730256
96951743108
91070892355
-149029380827
-86371754878
393759771149
-34627226645
117950082937
3590574919
398991413356
290376423051
-521321217128
-117587190971
503339373869
223520872637
131169401103
-140244740977
129749845657
165995358873
245346468858
75532525655
-313188769943
-246285830883
183098558195
-105337959642
-737850225084
234705875485
502850064672
113575179811
141371892706
160098637518
576096445194
-390481071919
-58858213683
-118313844772
151597605257
6093118353
-143189230191
-318229297720
-204958207329
-156332468104
-455702009949
446380564598
72260477413
-64737972374
-365301302262
225257041327
-301176778913
-27914079906
470271664056
-166846569367
99922143107
-156772360156
34981233514
326975291754
198052686087
184276723372
518660895513
-115903986704
-85314174230
245618527576
216873819836
361511475715
335032898154
391893545607
-158361838275
-140436704532
-218152569417
147596110119
80296530187
393698497603
-38609836649
517426981287
-12791047793
601970132957
-79457282216
-153647488722
222892358821
-195195467531
2293857785
148631117915
-193948780754
373066722725
-45215871376
35922860721
-86464796872
-266562503312
390492167469
454367994044
-382247473357
-277785263573
-370175327668
-496874755900
221194884250
-162162817923
-291547811350
563753872221
209573408907
-51150262458
-141432450948
52664483561
-349345091268
-272524902705
58535986769
77592780932
397800791398
303258177008
-35447245031
-148031999152
-477778464938
-94628694109
-119802786024
-476940628236
-50651943362
-7642426760
-170668614207
129929724759
-446019698528
313735040336
-137069876321
139948408222
100164381724
-327558653566
256648155846
93724176279
-486493246192
-416546154907
-35209715285
203799874851
376410929386
276714412232
209771479347
-160010308976
-14819093692
208509375325
-439327543180
456826774958
-151490952916
95328688953
330145774434
-34889458094
100134092518
-197332611094
542014667257
-336129828729
296461254199
-181395857076
369009784092
-302815433082
-389057719749
219791044822
204437302341
-94026827984
241597223498
218993408346
-222542365705
-363586984475
-145363305162
-211779223320
184497165990
-144092820368
567441557458
450949992830
-91594393149
-107506566090
247184446216
350523807352
-1418871876
-331667208971
-199879645020
6814622110
-221824557494
44376389691
116991350146
231096685928
160488576768
7552079803
22529580388
390683393980
-676267371639
-84754676463
-478108804306
98091044510
130284134520
-261683700194
100574644415
-354744134960
-238241901678
137375196013
278140100034
163735426132
-345119578603
422015551067
19779809697
-197836349126
511909719540
229543618004
195393697736
213620067387
-366766848768
413428793500
298400817932
353336108884
538006251367
1363471476
-128204252702
-180822056902
-47856999604
57366626589
9936389549
-379182429312
-278199272010
-202779980654
-263423820664
142195270346
-151364511987
-123588193233
-168906874554
380491964990
169091566885
-439904550984
-463032285163
-167339251902
-85149256569
-102599290938
-306323402931
-234624313753
-99951410580
-132210043951
530274962629
226428049771
-335235322993
-370617264864
44551004011
440093535424
62920912191
-677235256680
-66035125527
227340374432
255815984585
-198075745752
-140383260399
-15465213038
158122312342
12429601470
389821228584
146596659517
-397640917336
143914257772
354510807574
-168906141773
140656735744
-97414716784
-255046451708
-42396794805
556761246452
57728890874
296040101390
202318828418
-146040572835
515504757136
-275783757986
111483988709
332205235827
-680572604569
108823050048
156889252712
-161735517208
155738168491
133190113389
325977210263
146408580018
265203739292
187980207066
-200015023037
-163346090035
-257446931869
-112361142838
-36067599657
-115502038988
256233535259
-514403750411
195229983454
-526760945927
208481613669
267716381265
280662031400
-134217243987
-406817836746
-97673923456
225635278459
-87375137249
50915885874
-492848137904
-16530926959
-180444268763
-604996542878
-126889642216
287395530541
73184567959
492338958150
-53779661066
-30988800640
340472346933
359367949911
-18161923259
-239831428920
-24383100430
-12438882577
-194645422400
477706798535
120769990411
411593005986
389325790152
161291894924
-496881168051
77893059099
-23889841521
-280003689545
-458311444612
228360239625
50372890029
188824766697
212831129560
50360113806
-377168541375
-424613896551
64513814724
226704914328
-301971786090
-200229672454
-313961150791
-211494009164
-381349432966
-279443271968
-106826429168
-283613500594
381958838646
168251884275
-218413782495
441068945003
172744896623
-49129293191
-56321286794
-517122163095
329491432737
-355909441217
315616538834
-213531542141
-168040912312
-205514971750
-63181438790
-551654820457
135705551242
90423789410
43036019275
43214232823
-209461569957
-153760750479
-10838316010
-209774913306
550766608426
-209250377787
-332541656511
309857870586
4397657982
490487124432
-579660916026
281982096739
312792635411
-206752136409
181833276450
-295967383633
75315574783
40154325907
236508993731
-24825381363
137109592207
452942985118
-38855965741
618346604244
287380269420
203190835328
259198232749
213765353083
-42383015453
92098782490
328075527379
-56813774720
46852727829
225592592571
-175571965353
128812017213
-259188344562
-76660150243
146867272681
436559919006
10796430490
349311455254
-32458021080
70795775974
72921066156
170485188823
-710484842721
195009891516
366263302398
172322380853
93013154381
239616702188
69587952958
-4833318355
-426145294573
-365922817589
-632266429744
24111363162
-106270058440
-7683470001
-323376799482
27831939091
-11826165912
104307191491
-69070041088
27241233116
456145983854
235512150565
-152517455534
-672701830660
-191725151150
130566428415
-291529827446
-159945355577
-82257168851
284805284730
471170122595
119384140781
-197365997630
-17164600003
-145058863139
399833036825
204571837103
398742210433
-469613008352
93517257986
270611527151
71640244544
2042988828
65525463652
104466750411
-232246348923
599121858986
-274122894713
-360096819407
-5472188357
-491736017894
151797339671
154437291081
-182737542168
3865013117
-222414244497
-353891447938
-26934660942
417385197635
63578650271
-593804603764
-50240402745
398886722225
-240209033731
90414183551
181088233141
153937918192
-234973038025
-262701018465
499804139943
360595548517
-201730018475
123839586486
107168233239
-209038609005
587601394397
-74037285288
14749832828
100288314590
-13518374181
297140364629
695962821567
-68418871277
-194844892457
-243432444222
377506713819
224918712828
-341074383353
8573376695
10140522
51824641793
-114301362962
