71348601071
-291793846592
-405797056934
101162754073
-413845310995
-121039138191
171089445192
-175902251743
108816298458
243116358388
-301356567536
-129258592796
-19177582115
477310992004
286470384646
225773905025
-27770431350
124479534553
149016500625
-450846576970
-20576713386
28700515116
151963195502
-493070941884
164669440821
-342750333410
207063522774
-264889288612
306758515201
-296809891447
-263289572992
-149423392378
153460718752
477208459970
92482219358
-261460949727
-186972610235
-39994724435
372470295670
-279746676944
-422547636179
28296213943
47993905054
310932420138
219722848631
-164833116800
76545965997
-270218293182
-358626469129
-194315765652
-440810036345
2840483624
-237287823617
-4838312132
-421608772740
48059027516
-21825183813
417511394961
279582659652
209543790334
-10672903652
-366963027296
-248388962283
-228643738066
218399625548
-334281186340
-48727260903
-9178682385
56624416570
220027186559
-355540389554
194178773207
442789403442
-284067385735
311221626264
159208425465
-186975644993
41139875067
-228433427562
77601293706
249674059038
-710172998658
-109619542514
-43059015908
260330156870
228398857818
-394927332
-43715760246
-355842201715
225322952148
-100505322816
323085476640
-164683933466
151896606299
232744196627
-43786793380
-664863274467
-196070501877
-101590563741
11283495936
115084233866
374415343148
137532040036
340133179678
-16195252355
-70015975899
165846033309
202624845048
-141961177469
579115060740
409500579140
-79897263140
-14874910494
228468960333
-172066287666
-285414118212
52675423759
76123117521
383672608426
-278698846960
-182381459589
254621273885
77884880069
-36060240174
15888439614
63300229206
-201042488706
-420358618741
87445321296
190704918074
-121721291213
213409985917
-301292561594
-123993631420
-680171470550
141085932321
-66991559981
-391807739618
60325217014
140222087838
123052527956
-123123638666
407998828819
-532711254219
230553104272
-13594191141
397336271003
-105742837490
-92444640169
295471374190
-59847131179
23589774183
131005001594
363538427415
700453080398
-6530044886
356201859259
203375697068
-62027315044
-74999447236
-255930027162
-54043863357
106441957441
-223838380029
219758988955
175474381635
388376332940
25280112390
-338249616400
-346923160632
-227152187381
232323710670
118842576465
74861199813
-513521636896
173016656036
177851526093
-256270437534
-249563243618
-66618834223
-297127469492
192509557539
85299827456
371343616648
-132780542733
36829086893
174562910712
61702185648
-602866292025
-436398421499
-58784196262
128880551589
-160450816062
-270755748650
56626008192
533436351866
-85348034491
-279638369696
175200576311
-238538036580
-327593019941
-553532157346
236130260603
121721122166
59358592529
-164955233730
102782813927
118482322146
-32147922683
-41352403996
-633909080761
-311556126700
-208835498954
-8677954447
-24991935058
372398346788
-135227278494
174586365445
-89614168994
-143714642021
-175305559689
-115877057400
-111645033571
-75738063968
422241099624
136079247991
-80705251364
64759005862
267346390812
438432598442
-157777158075
-417122270332
-41532863751
393608606884
-120489046821
258522079181
-224557358155
-380910140492
46429509135
-269286620893
497148338649
34804112489
-51607155608
-145840085058
264801651866
-308629160505
216774548110
-81218543265
393481162956
-347858430663
-337359038205
-234881562756
-129815339109
34240405531
214248066464
-137804370621
61990222151
6944599702
-214622777052
403767896598
241279912553
135728312202
8811061152
195362035048
453320037041
252730095045
608025657464
66121829299
-89562483775
41049570502
-26184854277
71710616659
-544144924857
-159827055842
186145686370
-244590714346
412673224424
-83073256757
-456008737370
-63460856869
-135919034281
-331668412390
-82120695341
-174210992430
152695502682
-36842788407
-282991275101
385282060118
275489340300
-193574396064
575826808808
172098160156
-179850974214
-101917124036
-238252808900
-394582796685
-46493478178
167160654412
101268448096
1866399401
160637901579
-240072331142
370917734600
-557417371575
-53937259466
121781182652
229490097049
-313977131829
16604394902
-158376193330
96865392478
358212097168
253530060284
220976166109
-152032651897
-80874275401
-107278691531
388678655989
-133563022877
69178458534
41433343262
29921570677
-120084031083
7339740988
119616785873
-467332048174
-392737881343
-580972902827
257385697950
21008426098
366289851061
254670459831
-248945427283
-622728686355
103895939050
-70583584274
-202634693663
-112152718305
-177405793804
83767976071
-389068577782
259849645397
-64161727414
137915549477
-35649509581
32385929570
-155640708813
69859371736
-208031474867
71619518996
-6349680445
78905725971
438734400488
-121188560484
-608510982887
-433166380111
277775503191
261180654708
-23732871364
-64364766534
-367468507932
-351309873043
333372989201
-100777213377
243862925127
-32510831218
-154434780421
376069707854
358155828705
108111192302
-253657833556
-221326119980
111261926778
-260419102417
-246903957943
454346772352
-367035386960
-49153265659
12020932996
317865466676
166083026118
407845446092
-78000988429
-289875476257
221919265
-55695173867
-180281368115
-72824329125
462080285459
-129601936973
223041596570
-108598084914
-236216144778
326724637615
-146187297198
470273582278
-332782071644
-63636826602
388368777656
-155790509852
108096733268
-369165612927
141754960088
140879158310
235753632911
-329616942587
320276280392
-131392897643
-241005513347
265908179379
31075978461
238984888179
623000394470
-189239451640
41137237804
167461454012
-63145546040
330271088337
123402814544
-51672936752
1081527559
301471068144
27463956766
69972269463
287086395294
-168089492390
178087306735
-550497416487
61684582400
-366417178774
-103267888971
477645054805
166123107844
-231097885870
12237486244
-67089372466
-338230500466
-31537586233
-101174442827
-322530469454
-72226134971
254923974024
257496570119
-380213209594
-370921995408
470132938749
-63600000285
98369777594
196425725405
-271772317705
-117290816224
74790152642
-60118086211
134146731285
106661619731
159509845265
187537848207
-173265119057
158535871378
45092610026
507681736674
-56455064383
406116476947
626181407507
-109086185402
114027077383
414115372538
-483453189442
170582095753
46363673201
120185240553
111191139209
8003497990
-90486616896
574331956341
-169204527572
55784308552
233037942770
78614939957
-305590185906
-291866342925
-408233833763
-19268937690
-115740174323
259323646446
-504205019318
279647650319
22300691266
152906384968
60454850701
203268656405
-390548615580
-96722427549
313513385664
75452768861
153133841969
348485581472
-255838921230
51519003868
-27501947137
403121221935
124616834998
282689354491
-152816903797
-202921791584
-482696796288
-176066520884
-169237398356
316976442632
265806550901
52250183458
-18228086720
254357380835
-365902821257
-342030358099
73478046809
-379057815480
115054241000
217721965234
-36866880839
-458554668351
-144442845283
199938527221
96096600449
435822092795
-30525239574
-185716782854
-23531694330
-190831923789
377421300093
89302190008
-39536043712
-406384640451
10587863213
-52679490035
4000278806
166351807631
-92653289660
412484912462
633379061973
-243687265598
36741721768
132930736950
-414172695340
-274688538736
470377671792
179608643960
392536672590
140676036155
50447518618
-144021325392
242883657775
-238044034302
30543238548
-327622563288
224736492884
177889408511
-345480452052
-204239425047
-71418328976
245381479975
39325681829
507144429628
387221925517
184396763020
-88494573028
-37547993139
107959133085
-419573293753
227689923196
11113796367
-202347567964
-97810324530
-530212601662
557968617238
140275994187
64977931333
326068585619
7078098346
-86854746241
36097783635
-68409593071
-432121431135
-116912685751
112766218805
-551771055317
98839156307
-311176260387
325767456908
58608123102
-310411970754
209571300083
-107335156878
-117839983659
201540341224
76154593524
327429009183
101304819907
103359381524
373005463687
-313879175541
99746469936
-352272739629
-223204125891
102767404079
60480335089
30431961682
-11575680854
-313113053263
247603098485
113320039510
13204501104
-433093728860
572913127910
-119049276472
-336954247371
-20778502554
-274647550510
-170894042052
-155337191105
386602811651
-160509949582
-416946883838
341924369657
49812360193
-235407493818
245603189107
411669265197
47834324758
-36106047332
65151916255
36155249586
-300216091787
378467072386
-83211044691
-315165020798
214587484523
-135649845168
708869474458
112681201814
67684078556
168356113991
-29638003168
-189458049682
-74085067973
-138938794347
-212643620000
-251681010580
34190611190
159712249385
208193601989
424943161465
-184425575123
-62436000686
65087674886
-513311658335
414868692005
-377417618824
-23476536760
28099021350
178284151064
394706169651
-52593402363
232554041964
270811640730
-186818265427
-38228259348
369273553716
119535352490
-108913001641
-263633210542
476370930582
-377230445948
65224069041
-200924170313
284978462723
-444409598442
-179537054415
27400258497
63095748761
-517816741771
149296661113
-67799432303
-44232585941
-222030973197
127887237046
516344589282
-183919176094
127838649482
70081454600
-360731157661
152511246337
-123213136537
-89381734928
-243914949791
-136088825166
-357239933173
-433894597049
-407545365826
270168764607
-370843229341
-174959001860
-40767423310
-30559576249
140455002232
-36976157489
-66843817542
196570837591
-198009393755
-362722821671
-512482817834
173000525064
487791084843
337771857309
134215580022
57964895837
187990631939
270793548958
98360675014
20809148559
264398727538
-314748876972
-385022739423
-256033589895
-85460626647
303106070527
123950284733
-247569025108
11133932678
-454446570910
7134748886
129603444216
46273495704
-354218808265
300489660592
-90652427698
-550280538215
-207862022106
-341280841847
175373210797
-40934900875
-440559072448
-265835121847
-21994099995
-241540399242
-251563832974
-219580192932
-23871672457
157849399360
-190500861306
-269483915866
12560589670
-99990675643
173059807054
27360640008
147746566379
239996198976
-310015089294
-93251218717
319500269919
-78297756127
-12436517380
138503892066
-757096072358
-39350048096
-393082735995
-160515116909
-5288205606
-107189056911
-49464935741
-74213082016
-116695183584
-65387862083
-251056902897
-50165185610
261455524719
-466043612500
-471678023823
-371375912172
-266183621360
261680025844
-439050988544
-290084081971
136674228534
298538706412
101906517120
-30338315697
219158893899
-112141413853
14186311255
202472292095
-415603632582
235141415636
-419360754857
-172668925613
-108894235061
251742572742
125771354712
-308025286681
-228084976800
482428558701
-76508167372
77049308516
55220092032
-191169971282
480326441353
171220123187
111073415565
75983786116
446971664091
4095613525
110877157206
187487885813
-345396372725
535096030026
-151735353453
-42839520155
-377245181789
-192415780712
296386025809
9994183490
-422174603209
149759095388
-74248463566
-220449950283
-482487873838
-393338438279
43173676115
-14697313110
-513226566762
-248748491785
109825650342
-134556257570
22094921623
-205230375718
-315770291777
142907922150
-13413534573
-169512443418
-251615442463
404654202296
-90525884609
-501082198212
8783585370
-172341424598
23666708509
113231363591
85425940980
90438718935
14500107863
952757652
-133226437846
-666900092225
-50499527977
-230376573008
26121681997
-107735582903
95913927426
-187299294138
-148257282393
-21855239294
45412147890
112954634849
-97038603722
108867088816
-333553864558
-312151777642
603755938794
366241579111
-421345148881
403016607809
-224547482743
544069400934
-7056210615
410536400662
-226151383451
-330913675536
-21890397966
-141457228145
17414019412
-300318448200
192653275581
28792574628
73232439672
87265405720
-275947966125
-413620948827
380057620228
136594909424
150379664944
64350913448
216805252644
404454805317
-170574451063
79524376489
11890435356
363389908778
-89708130747
394836425258
144112617081
-558641563129
-1463307872
-62221481554
-120751729029
167023259028
-165958406994
-22655308170
119136704925
290505711045
-392258143143
306463045229
388637227072
-117303431424
191582724711
-256196494290
289707216771
-77602272898
-264418221263
176622907340
-142284112587
170153092907
-30327222058
-232947667727
117486181157
-519228366636
-48740220756
214701571804
94014557860
273536511785
-537605184810
-20885814704
-19708567412
-320773033363
-395036803450
262748642256
-26355524988
395946342634
-13489811717
272052264297
-72697952909
-125801757341
45587709181
229060612723
-264782974098
-541994889472
264356587289
328317145118
92675219382
-56449085454
100370402592
217568748633
342998876154
-88870043371
-230969863879
-511278548422
113756556669
-325392134470
438919010541
-29910772592
-21766490395
2754901706
-132704753375
-714181353269
141798609556
479715180050
-33568882291
-10214834708
191580834515
222899942896
-125213514602
-67254211227
44375257446
83963295960
321233309064
45421910850
-177711992550
-56113028016
-69109373321
-595988448261
-105403322424
-198413006499
184902179631
-462564485129
283756903496
163949801572
-25888509048
7906171956
-335671688562
-241913003050
165322459662
-149693844153
-438712210843
-58090173939
404491857159
225224073011
150513911563
-348800850927
-32045479635
-51899805004
-208831898283
-90754238362
466779326204
40022885790
-352644151559
-153891518888
-142330838909
266861269590
39262130037
195919989946
-264570687004
52534621202
274608209601
-368447145374
150778418065
-206271849038
-154991521817
-259828855150
1980539268
-162121918361
633701257218
-22254077121
147721282699
-444619003398
-188776976247
-53899543471
228614158269
-494846543488
382728777246
-140551387212
-446086986903
171520694029
-97094112199
-85339187844
-74695562043
-165466763001
156658099528
-114182129123
69475189143
-223033419661
-69732550541
-337071791865
-110707269253
-89890446577
-410658192908
511306540625
243517018251
135065715996
299510603552
376998461532
171992157905
294158150049
-505758798033
-75449191920
108280661863
-345184407475
210645052086
180559659925
13491245945
120657630095
391681190690
-56315141580
304551806784
292788049651
-156461822035
-264298241073
-495750573481
120161038158
-256228222325
297104631196
203089096063
-80142083303
-130409262263
-188988907751
-87155378415
-303930386207
-56277198517
-290951458086
383276519669
-79020932295
-380187454637
96537751391
566532647598
52142500194
37935713769
-17080501117
-476958527029
-254330631
187706951973
-158447678966
-9389869911
-456121511955
-108060335066
352482159152
-140480177230
116842027993
282417442667
-174881004553
-7340116036
-101795585025
-141702643048
-227707888730
-138414424263
-281387756743
-584309597076
-181139921463
-109143100060
97762839129
342087920295
-330509619527
-294979220564
-369181295689
-218783026155
20148302512
52350491293
33453124546
-548983823404
-451636047386
363007448515
-382343272650
-130440302561
4318320386
8501921765
83489788949
362918349
64638190447
-267150757100
251573800691
-327729275200
-215019208768
-178815364805
-262299932341
-175991061169
179680158882
392609404505
-30209688985
-428266297702
-223104407902
-173659795530
223352935269
-281745858634
