# Packing of N=120 1-dimensional subspaces of R^10; each block is an m x n basis (integers / 10^12)
# m n N 10 1 120
256121845106
578375013600
-166042217384
-518392206592
111715280309
-174220323119
256099557502
357894970122
201505113952
162697011380
494450205444
201006733076
60882879960
-337353989988
30082267657
148292666774
-497709163889
468868025036
30303806002
325937467526
23164273978
14549976018
-639582873625
518645998952
100989878212
65848956106
306877484130
-181391196472
421883011597
-39936421048
340122930762
-17295591740
92242977189
-141749328569
605293426758
38744471507
454805915309
517701986130
382549381
-112563029234
-597851392003
-213052408360
-163110638445
480598303421
-424336483798
-51102031646
-137999761300
186884415173
246677142736
-205208123927
-572287661967
-135439226164
525431573010
-126301491989
148239394471
-391258927522
169484630386
79866187172
-259478770047
-290897399179
256149213976
122344410394
61687944511
-246059933702
-703845534682
-297607477629
360743121655
-43030752709
370500093388
42921088290
209136427253
221628603114
-165791921039
-536594465474
-121247927834
681796811463
129524034624
-268826197128
-150763843184
-20011178718
165435459089
-29244027245
-99056314246
-492347740959
-122282304450
122692857704
813508177137
107235467565
5438146454
-127382776715
255173435508
-366997825591
-803428672485
97303188962
175856096598
-182628679124
21283626183
82232971677
-198056417776
-185777747114
329134216722
-21502291475
-33955117597
-20949297518
407835454647
736239419247
12708624423
247196989528
-169133959407
302264947117
23151157463
-462453917220
347126341357
146495919467
91086800720
363252417259
-539361758800
359588231817
-135274814672
254714436889
261245758547
-194518709642
-563579491796
-460736944926
-296684505377
117872644046
-429272890953
213203159291
99087568738
-150159731571
69772556143
698434007680
432255076024
-153354755306
26845857402
-202894767203
279598372028
39328778157
-407148096859
97882755248
54541909269
155570280675
368346356359
-173794673877
482142073144
-454567596975
259687995916
140782546207
106038860593
518984529233
-183524345370
34210863719
424142740527
256742403506
-618305327816
-3699729208
242871681397
493421157380
142382698311
119564267261
-102599689004
727668074738
128118117195
297746670280
283501832743
-355019130628
-172830791070
-228048527447
177101571416
187754342467
241798227851
629412003941
-86676228396
2583304001
561436381178
168409133469
-98977721342
189955215890
-305636798291
-234496976722
72573789068
288282984498
-341657922122
243089814962
-271053186071
-219282734573
138826807631
566841842097
502546349026
145303253073
168237094188
-207571959381
248669078778
-310268900437
-359021714385
-127315954758
262377641397
261843964179
-316054308562
622981943976
198297022047
483938282806
200903280492
623741815305
-38068193716
-144157073561
-84051458787
490530368153
-153332724339
60332295019
-261072488003
382325264755
416197245780
-125305506880
626993303411
-56077590760
128897676483
38746235859
312241905247
-291325835779
44724301520
-268810142184
-117057760416
-401345534262
20015543576
-684179975235
-99628450799
138136061936
-348598705467
-363220001378
-471149558509
-87058156333
-609490464105
408176726787
114003900241
-69090010116
-270745353680
-316702713927
-198349839668
-40440964324
-96614286905
14744421219
-186903307125
-713846654977
550607217998
320339967596
11939662217
174585573693
90850297359
35720170993
-220490240292
493759075691
-26410266643
156731914516
453761474655
158035668383
81014998463
487753527286
251335804830
379225876477
-98871775544
85252938208
60360899799
-129523079317
103371983159
-657945364972
468348139016
430261388506
235336204834
-243106562997
-141592069428
-197798699597
-666595856591
-51588703358
355880368039
334127556786
28162941785
-128283424231
58669118925
484594692168
363496543663
-195656843200
575785189185
168300918000
-229350706269
-418425823022
-87369041959
-46555712066
425165504276
226906310371
276567202828
204158221738
106534702484
-104435885950
4863688657
-391499984099
-49409127161
-135616771622
698600000937
-444299989637
-216829619986
-151479589489
260965394522
-30759963395
-315748663734
572291853621
152928659584
-592039312511
121713185091
-212279841488
-479349031343
-172332859271
-53510815956
-44292016247
-35826141545
-285667775470
276129524599
505938227018
178109049369
537463741938
18381716261
-51662281353
-191523327253
271732876368
-395800463026
113990989524
633674772510
32598708630
199672195638
523780344378
-453854048043
-610538881824
-250458221632
-134665314863
273691880343
-72985369673
99689157679
-47452756825
-471255234261
-160901868811
-285426771669
152283668617
-392589277131
447590766404
333134338515
-72952600501
-17565944150
553719813156
-34170608473
-341313659003
-168952286736
117246570653
139166051550
137529073239
-344349087269
-546701452599
119076679086
-259603323446
32511263764
647563151431
304459398025
-429818977807
-116667823548
550606067886
-85796460945
-42424270470
-35479784655
-342246272374
252281935915
463231416821
-175805991517
327777232254
-295307312936
449844890552
136441264869
-467788830137
490489222507
126555800393
-99509514468
261049238451
-47816137219
-356577864083
253613881515
472806713401
374511629209
-9751337287
199282305587
191186810873
-303950089933
-523157829531
570249935961
-126432171602
83004246828
-68455656964
-421389547845
245228130059
84021387360
105904699680
271898885733
-563332623538
-490350214870
61001563051
523083345234
422956488968
168820599931
123230444145
-252329490220
399000113140
81035090378
-173790141674
127726852205
40565143607
425413255576
-638507930484
302824228035
-164628871190
-309183209992
-143986883339
387930394154
88033267020
-26366791518
-548619526032
298626595150
-614275490589
207541732041
-225621354580
296508735560
215663652734
24591751373
52892575103
188014351629
-348634482990
-101665820989
-71178860607
245827419623
-327335849158
-553345702060
36537971840
363779654339
469318896731
41097423311
-541579042253
-66698824524
57718328037
552009023890
-92063182622
68724863907
331288657346
-203667660462
477574721726
434929455446
101260378440
319874351836
-387989497
486139474838
-523601019243
89084332847
-89701783845
-112079718307
-399035142634
-263274981900
194658632248
-82938113780
-354019028579
165509614214
-419562331351
-82846171148
-696223690828
153835452082
204704306589
-4213950668
-473689697391
527796895163
140889592044
593258861527
-192184964601
-1928692239
-99180042543
279995352005
7206821718
-91827812991
-182622781245
-387776797629
-500831203202
-94066181253
-351695019625
92144671666
120075732511
628822282853
78420117952
328241282370
-133205056365
-227650358600
-204021625870
-144324821901
-38116773595
-463751737801
-611819172618
408422315328
-50841511719
-110901365288
-244641507459
-168282991192
-51850161353
-118638540492
-52990554623
-634877700654
-110275659124
-680955739062
-32087055551
684696805068
-209468127589
271389453871
26651954102
299371691629
276396412563
-224566493028
-188113218855
360536121417
176435404475
695947711138
321235825644
-160638431369
12894570383
-365057431492
-269873117361
79824745764
229196697550
-231855335670
260259315804
-142438085511
-541790541761
272110349890
329968745462
-119045146143
-330124805910
394147045636
-32003915723
-433239283821
189801026358
-353112108607
-487617118002
-279932801075
127131852610
316073285867
-414449459737
147779610859
-271473400037
323462604547
266797957922
441866481648
-295954800389
445637296713
373071763990
77447418412
-16349797067
247815232539
-527503185325
-133956000496
-124531115215
557517541629
367195374730
67282351175
457972777252
244984946367
91166402907
100992921027
-229576301864
-121196721432
440628343780
371717414086
-372568791665
465221341462
70398708279
73428447261
-366528811883
-29782620306
542833374417
-255944264236
-28881392058
173112121006
-292573347106
-182803846441
407191314412
177927686106
-512357100703
-214996636767
-484126279215
68613417955
-325166646541
469448793290
332783979122
153825234034
30896056658
-247261625365
-484556948648
-29413542709
-587847279116
-22509618073
-37227327991
-234091961222
98275112609
-9299132645
273229047761
545350014448
529513726598
506618203338
19802502321
7897878768
-160917447997
721366361146
-249051577898
-107661121994
-395659896508
152662220217
-350991515542
-19964935439
222457019769
223299516037
-56718762696
-140705285683
365975295168
337547629121
-42344486623
-166145144433
-418378630453
-358705643249
442417827733
251867940475
374228578229
323262598330
-529542512163
-167718809364
-15255176619
-60552884894
-173782142443
423912145018
-316901761009
458291217275
-250395174373
196802924093
276075674525
-364419101959
-57653432724
36355377498
-252910138542
431257762572
373603144191
-498632611836
-330822203701
-419104849364
-299057620475
-468394285230
-345798464111
-242082218573
-292960165603
-216953301377
-98771810886
-136779063053
419503639776
-67313717525
161633162048
337521842831
83618656198
89234568265
-683002852197
-333208645382
-147926997394
-477836695464
112856105625
-455083318378
183242971515
-296031812557
227856883471
-20388377097
-112367626069
-305770474299
-38074914118
560568238052
444458538531
26798670380
12987219753
81671672266
45205567684
537778537443
-191157984977
303070803208
-87891740224
-747416822659
80271108649
-241800346541
377147851428
307919134062
-110179198218
269459620629
654323287095
-281686721391
-198210079006
-82829557378
-257090666005
-230257796910
-100323772348
346120451431
-77508342135
26039487488
227298682688
415771632536
472702347059
251611151866
-546941587854
443934087946
-26426685955
-198815943812
128380484885
-145201700928
-109958721346
-391121153896
313355369661
-366086432888
-572585148252
-204312386392
-313676638927
183905744180
-541216866263
-271293607613
87750508949
-328879994278
323048011158
282041081685
399695862661
-251059650425
109284961219
456094528350
16847296588
-421294116806
-167948491720
191906531351
-524294476109
-444268119154
-44015839307
-478259011085
-115885757703
402660840903
-36403588328
-39181653636
-278694360839
40610508923
108676423557
707858609510
-25465607443
-110558408457
130456424764
566439892605
173365513933
140739683712
-173915003225
-297470839836
-576448718117
195126454901
-333073206233
-122569720545
-63064045357
-458006615144
-428453723923
377457685680
-421656464443
418130993155
86502814959
-169195762163
237581539429
138725511515
31714951869
3028988771
-416818698127
-462393934963
-249156648012
11210248052
714899231593
-58628564153
-124383747062
-17380833685
194346373993
-477306636462
-205278137812
-120312517775
-40589950491
154894848162
333868890993
326869809268
-658437002208
201826631550
30550688527
440535483553
-23706723946
-74718436147
485652100956
561050790777
-169894164471
-309714990750
287563810113
351826922604
130506672176
286590759988
304762978863
-218077368842
-255686707640
730950566087
125504814420
-120170954438
-82197384337
148923439961
475555815387
290845897114
-219478667548
-175370361644
49967175629
-691505981609
-313105696688
-64063425722
73040737313
74958721421
396351345152
235591708181
211454945686
-578997683243
248386633384
-87975264104
-122842661812
-281506873046
487913753841
-266536317439
136641553525
-496026911918
-394727806654
-212488169898
-189052280085
-270962057081
-371356133882
-185738065434
-426284304415
244409193943
254929362481
648596950575
124746003815
477772487974
-22308028869
-404813627202
133232154882
-91229438737
142561241321
703097363949
-434114651237
-132235254488
182687478833
34314196592
136229632900
405367329174
127353291151
-181846129694
181637454170
25429017947
-301255887778
194093476369
611930751030
-238932069054
306736329721
425890170140
-13001198622
331390582078
-232206455184
91479431065
43035265909
194109278261
598520789507
226779498169
17896099502
-214803090588
54922873053
701953496197
-15136726871
197724267185
-43150763988
-111676134960
92130870752
376310834620
-55000005612
754530635781
-411515434256
13301806352
233688368095
-152741738906
-82850696902
207390042954
-377637600320
-833270092800
227474686071
-64191301675
9044466849
-161474578131
-88457847564
-436558906030
-146661083519
149783404702
-264914583994
514225814786
-278731836841
-367716340519
446732855848
104983824798
85821107552
-392277548166
-213460053574
-97847974359
733956949998
280020990026
146857768585
74458463618
141545469014
85901016376
345469208367
-35078155276
-531085110491
779485173937
-5653448817
-229760830984
175888274976
105562310091
32738128436
5144261597
-114545432231
-438706883388
172010518558
60744420181
-436493340881
341387818002
66891528244
505788097527
-378033304404
-219828783245
-125126892170
-340190053509
-529585933840
215857643889
-215510805542
60417551842
-408991158692
-473740507538
-334389455668
10985618411
-58982434897
-273132477934
436845268286
157920336070
521424546498
-84480112629
-227080914548
270445764653
75333484648
315882960177
-447707214146
-33550454153
-333970180177
-54572174542
165592494604
-464861850206
-283733778447
315451858127
279711053302
-144231350144
-601487374736
-339733993388
-111191847751
559889060299
-225205859765
506663318126
336694674106
121476635877
124731436125
-192566911904
265624182497
-383563551764
281086448159
-226475694013
3696247948
493057093112
-548747706992
1561595158
-149462065884
-190728546746
-345856095701
601851007943
313681070962
-171660539241
162562957764
280045080081
-266543871729
-553882381361
-70739533887
131969079743
-69346950254
-85197984015
-661003487052
118671282165
117365505377
187494156067
540318580799
256493712989
-178239838825
106324541257
303309344112
320145690883
-224407344973
-67460367666
-366659139729
181503730665
181232018017
318633356365
171068918264
392436015857
597973066662
-13813827001
18632568553
385454677991
-165916606607
245029614078
537475388647
-184062346331
363314817075
554024382794
40242401639
-596190425651
-222342967062
345962993963
104962128140
-336420670920
-162411909716
-313318880526
162953321572
-287405114255
342830042411
-42037747932
-67120838163
-182872360877
-154151574770
478191828217
198194996205
2946954577
-314612265963
753800000132
37012548251
495067040743
-131883950392
-167468749597
494063414056
131331501340
-311429782834
188240917280
320093855904
255213947248
-384844719755
-165127335411
-583834327530
-266716341895
76890355011
-154575057593
-240725041284
-306360420078
588251043140
-181452440785
12558997809
-321910654793
235005428087
134115132907
-603989960058
-136562840707
300569272275
228721123429
-86601053677
507397944659
-179159628357
-1281229070
27583912778
-505791463698
252043410905
-27849506028
430511575056
-506676642585
408320513120
-248970969883
91309275617
-183028258394
559597605203
-107449939995
-13070240674
153602361715
46450448834
-138412415496
-549732113837
-542694032206
-1822093154
-93147892650
-12187519287
157242913061
-236202913906
42902046152
-123554313440
181548114605
-288028649486
-7177752152
-881804847640
-648190392235
177280040685
-343720461417
-48814119319
268141264624
-70967419902
393161401344
96482338849
420201806431
-102489164895
394581961599
229806425934
-272253617038
52194294028
125438984285
-420076569547
143172934075
-216024238492
526075248436
422526230091
-193109830486
213705675631
-379252364826
366260031896
-399775788198
-402029180464
-362544383978
238972069205
-210766147458
290934904198
-376122707490
198386821046
183229345522
-661547506741
-258584989062
-459349732791
171732108145
64573189802
1398316272
190851614430
-331297690336
428933791126
-82402858372
179098996118
-264539334698
549753878320
-73257667703
392910721338
209738163520
-302398672855
109261579695
-111243800178
-87405309176
-313028555093
306325399584
116061431972
-188603651538
584620249469
-617924157151
-59768017137
402611985904
-706941756961
14478119709
-18274722873
339765692492
6334376892
-321781839825
-42035180707
-204968778413
-273477239487
-188231317000
-251190786035
-221645963640
17087741008
-222259041320
146479032200
274434132610
-667783278951
-263894128369
436244582914
44985638794
442507818804
-284151072606
-197528458886
55431525037
137762974796
345240568772
-112721241121
-346594350304
639005269999
