-701212331092
301747784974
-119733018487
-115950926243
-26424410751
33542479579
-94279911836
344679446057
153567613212
-149407023357
462652664306
-382264488963
-105163229824
-402180656295
-207394293936
524249982138
-277175696546
-304312263981
-271498107256
203680687081
-235264213390
152434323380
-326538866998
278036767879
-683440181324
-102421784529
-79773761875
-183330347196
-266492255945
323703781155
-183161061961
259162750643
-148316502836
617567288207
86480985663
-22776406764
230261676113
543554639100
-473442277144
54554385961
156353399337
35840078820
-67186722988
69080463816
18009235346
-80454641032
226451221480
97326832363
-28184623884
451922235799
471502776102
56917841840
-268806970519
-513041591648
-407919844069
617051571486
89860503267
66359032597
39949020349
-469756459622
-456509212440
-82077976445
229210713209
69146451180
121245800674
312001745327
267927988912
253225721527
239320043610
94216465516
104051377475
-427078992221
-220773915155
48567963344
-272474830279
623717532745
-300584902899
-14724323880
-451990036432
37227416395
571552831694
148682885862
511427769543
137000748361
132843045262
-199729967302
-139983952133
296413007267
-63674921569
-382634161121
530743106665
-54087985907
52918364317
590381537838
-37623706076
-55156954283
-259975447533
293260617516
-235638023551
72123518601
-24285019778
-282983652655
207101829786
-715313182747
127804674002
-357261214747
7324521852
22599789046
461549391041
-44751772943
596905739290
-70113173184
49853053521
26438969729
133019676237
396471595813
-203110655849
412010457094
-276139559960
260356867586
325075474901
102558883396
-52562135408
-233285520874
-134080941055
-290239408591
-649927862905
95887512892
14374932473
-547912846231
-18574086485
-312601000492
439847544979
-372880438006
276004496882
-68263137673
-159331189870
-148647086756
20633707963
-87842052238
-629706035634
-194430243306
310964317127
-61747198844
408317045847
31898132899
94349865891
106179658633
364654481865
-658151259852
252093933893
15238294767
410196420950
-100450647780
322932282375
-46123073246
91498098763
107436237417
300013927880
75538860071
726811001461
194943638984
-413241086227
117772080046
164507650929
-211258942083
-131030957052
218259379876
-400051638033
-107469209426
-3490487822
-215620810208
-640127206372
-55396829419
-478866311790
174135969284
331381302973
-23223968158
-57480157105
-59583882799
164612969992
-460036626851
86964379582
-692925712559
-154775027311
191688770097
309278197997
-272048627700
176571181461
-52780893116
65542562729
-103714891358
-264959351512
78374835501
-3689364974
-394900321452
-802621571594
21596246648
134619352249
242261646159
414409824786
111434769001
-491070707323
-170104152987
118269401112
-469462761444
-171116559046
-295114586744
-343789790446
111661756676
-81148565273
-158179007093
55065142068
259199909247
-121439855470
100720362109
304125186567
-157313561154
-431377971160
746652751868
-16573167419
-299539045022
249269707283
235866194767
-213542286583
128050931129
-636842139421
354219406527
184476801547
-15288717207
406117420236
451305832733
291536331898
260984152778
-284341663233
308509567193
60528609352
251865533006
-66087634815
249789075269
231539074256
528881924677
-263480190654
344383108308
-45036558734
80784045450
339276220693
-556161003919
176871950210
379251904393
-37470841794
-109246600349
-436515883543
51557243315
138661883301
-149486192289
49056845387
380680721974
-353373221725
-526864740978
-5832318876
-582864042143
-9035795320
257175003944
158392769352
193770592351
-141324902649
630819058468
77314572875
-190553980163
423609793742
-182750440387
134597230813
-418290991588
-266916024220
131023328487
-302175891521
302165454799
-411915392223
139586401820
360577173141
342006970526
516374067780
169613335758
-156206026395
210390475246
132844412472
-365515877307
124550881642
173677272211
552375316223
244906873780
376550862425
146752720983
281918537865
118512858243
-425588591299
344421429357
263608928098
272214108792
466676489645
-93359285904
-94062644767
-349774337891
-151234181781
-114541725255
-466443520382
355710244288
220358447506
648276506934
-159799338303
-412412454857
-331469815534
289382509353
-18851323342
280984832870
-222251650014
101310768910
-54569880623
347335670884
-15023982623
-308283531087
463082477102
327551809822
287451766495
-464571181348
-320550088019
77161719649
125624504303
198532619063
-314656778747
-358371866780
-451279235967
-541831384756
-393301529940
-289081199291
-26461103796
-30917048815
61721463782
-153194892929
90212066262
113062920433
567499963814
-300934144554
-340748547996
651408554480
-11278920051
-100876725979
93183407170
322347449
113658135514
-47452913448
53214996724
-27081192001
-310574256372
-185622254801
-236934770658
-174525811950
635310356899
381975357254
274344232687
192196295779
342340241761
216599465437
-500692020983
174393189913
42915262970
-66445331221
-9497547201
-342058940802
51823555839
22628294851
-720575750892
-161866702394
182597078470
37622653735
-546537754414
9682762729
424062387396
128056726338
404655350384
-199898241677
492422430794
-73539875877
136473122223
-192080536136
271577590774
130753190563
190198836405
122595871325
-144294570052
307849196857
-458736844131
301648494796
-321889523687
548099183507
-398757250157
99317333703
14893870046
73355360617
-148152876102
160878811916
339812412024
162318293670
-655119835871
299020338674
-342461316704
-265966544013
272861368025
247501235826
-183113487741
450183467888
448545572598
82505528506
140519898483
-383976024283
158341677200
396358545580
38292351662
-450309655541
-479615274215
170178488244
454520073982
-212808528296
92139447500
78162927143
-385492019878
-301090668389
-176149381195
52398333255
-51098626012
368158654475
-36345758412
-3866200416
-831453816884
-143198254125
-142507422856
88000769152
-339751369099
49617589892
98450077618
170272712214
454193796369
-250363742112
-149258309622
571502182718
-339462561911
126372770844
-150592494051
-413253621497
137063586452
-262011809864
-427083116824
-392658907295
99181961518
-126656406601
-33871073772
-23129948151
5435093165
-477900389800
462137907861
353861393322
26036095388
55629921481
683362789187
-494954630920
133272392175
-200100892090
110767534484
-287469653615
-306271859620
194286012920
-1729875887
-348725408694
-346495096610
-200494817091
215628416200
-15204404013
-598924135489
-178930710707
488848239197
2192559057
-67858587844
192609092130
371152055064
157202611421
-273217239153
-133974935528
211926154000
-301463543084
-207152941515
-430633426685
-74811181694
-505724529647
-345589471999
-121051925548
461400070761
-229390230937
179875488495
-558083674325
-199150966042
374792647271
141572426979
110718448502
134570227793
-381422128635
162187945356
-306538046040
-113062288408
-626590893812
434944025650
-470683423475
26333766089
142184752834
-139115500474
141413636733
57880623345
-314844755574
469260413244
236726893165
528708440961
-116687446664
-354925957342
-189122680944
223383832477
201788025709
256697622633
115008737538
-176129312146
-215599400426
292356733517
248452882074
525451833702
45712072382
-276105413035
549915107436
-311913170999
64533492272
-130420950130
-375202761866
-1359498640
240627425504
-83383466392
402145282977
-359760986593
267981088484
167237960786
500292813196
295004959758
257127708065
-639744014943
-58269037774
213953988088
411357495034
-101379417185
-26550207473
-253621447541
-310625466447
-277161827421
-82582508320
341917751482
-27372623461
201245948405
191160573250
128786961328
597503710921
-305721329790
-19151025262
-466693244082
280764659175
152384740112
-367323967104
-180567675386
167741251967
-195688899833
-565677861439
58914323837
80480240487
-248955525622
-305511040187
-576653609888
42012628043
-285331974666
484130180236
606900275768
-155031928308
210991325000
-20595060025
-90527899884
-60699196101
-165116276125
436733245828
297636222500
-99233576368
51232021736
-358032407000
-459477799223
287865866532
-255832510333
-150973349927
-167579593002
-431397479236
-131526394735
-366512827840
348052717410
149466819827
788492115483
193826693983
4439974323
59169943641
-375046880510
204705808590
-99010858581
-302266888258
-47120159969
169990907723
116792625640
362972617165
-213415709957
314856511506
-229147237445
220490069162
-54892036132
118217042631
160032324691
206515907342
723572786202
67529384302
-72914190133
77183036454
-513099547244
360077216692
381262721250
-413014565818
-82176952505
339139452753
28237753175
-390808200810
-333003902840
-141175873297
-406356122762
-21365647732
58402568071
452627298996
-581888399757
38119986379
-273300235150
-201840224851
199584353832
332627967932
-296741279807
-81127021066
668877639675
-120166570697
-207036721752
-312454984792
202823038242
-368029912536
93781363602
-83748943239
-17669557321
-103923357624
511194721839
491240726565
-102838118129
-166301539666
-7800095632
255246991557
143767257503
-91212682816
-594825773440
464220130887
261714179799
-652944441460
218014089084
20277635025
-83412619127
149448253947
-61044826188
-406155315874
180672562039
105375316317
-156251256136
-110246645658
117216312636
-133343221097
-361927667474
-286995825011
-136918578798
481371652828
508920658938
382914145948
-249928105329
465805230521
-281034218450
590874647014
-209118369288
160956820773
-196030524421
-309997862749
302838616345
188315552652
98454054049
-117817652227
-180171525843
429676177952
455439262770
-168614832498
369525746093
-145990873209
-483194090984
-116546012922
174539649479
-73166779448
326069222611
229979855130
379145220323
78082911573
-71985213440
152189459533
-51556086021
-204756312805
714924426897
365929892036
-109735246835
259366729587
-20236311951
-601931742459
294386314553
47135903173
-19314596990
-352425020762
293409538762
288092100054
-230726767965
412331547276
-177394370638
-236637237737
-448361798476
63679490914
-162057783703
272687278967
284893510364
498523959128
-311684784996
59031126235
220000101427
399469381415
16952815026
-181458811780
-75422243504
200093032066
42222639428
309082896298
-83462705657
-632169854642
473882232957
-303676424999
-316790288935
255662342504
-47683163269
-69714934002
508742404606
-161144002141
166229346655
469514017626
-433896526545
120730549548
411515217624
149847398235
-78796257191
-28678507249
367291780702
407832592281
302675359248
-378881007363
179744524837
-211341255767
-581140343899
-83203285121
-186961814765
-112066863307
157932553241
-401385058690
-378108066933
-249891726032
260712849892
61859146997
-40776705895
163349698180
-391406413360
-585349629019
69708866385
296575248643
-350712213187
319415392724
288565882957
235304685749
-79085841510
8549867889
-217895218507
34230197996
-698957995189
218084535229
-113306430461
426244470593
395682583818
-176049776730
-165926924514
-408366958271
-422680382378
345948848478
277059506597
-31009838494
-115021802531
-288743977276
-142916393333
-239127142471
192544584885
-255177150125
154665628633
318320816545
599158938050
-423510395767
-244947203232
452779599552
247135767913
269148173105
-207426569309
305155743955
21843702265
-75478760785
224833904892
-552555642255
-209779561182
-345366935465
-32339080525
418167895131
-139512091088
436037644878
-8559026934
263226020812
-106413675861
456495566278
-520569425040
-195581743026
127198003656
369786193334
200039110467
77220514916
-648697778489
-106444314763
-200822496502
151427771388
55569794108
-56476055344
-515083154195
224258935139
326592987792
-132426161533
1470675984
98624841930
-126474276727
-258354746039
290035172595
698268360181
-152566635648
-410947876326
-139551254803
96489193577
-169788380225
-133761703788
-13765303865
632130134648
141175724652
29649856483
-276745108069
-409909712714
515254394318
-115242960045
-198492009385
146064441355
680387423056
234316443853
-1146992543
-42426899065
214582195974
401967968620
-140658004927
-319612217594
300121795113
-456813738281
177521026492
564783192108
243760549578
40180398356
129498647706
440946814399
-308399084508
70790381501
237310161053
-110237882674
-390869175587
112265124294
97015602156
463837441576
285906107690
13255174256
-308422551433
99733759365
335181713608
-553876550272
-62811790669
-264657405637
233349637247
-241711873185
524656304080
655057742640
-93097603196
159190274816
20025332992
-102681927185
61042047168
253052287531
508658231938
-671856252113
-242902967127
67094355207
77300366970
-129215909254
148396066921
3595787999
126825046791
200078545908
354330408384
267618544950
4771425271
-217898932453
31438324843
516077787541
498030709358
-108198202319
312780013258
46337839522
-500096539516
-61126366844
530693483914
-73123506508
56102827984
247991215116
-194259099222
439550722215
-343007114419
187892078092
387918823415
-29332933122
-336348072297
92553332723
-183640077248
-270995536230
207634416205
373751486748
-258703103801
-531496629424
232966204035
353769024364
150685649613
-387196971202
678175364352
23936069486
-155279210945
161169242085
-220046335052
307404825475
354002274450
22189365849
87148225612
-375814358957
268064808626
563050946098
221421531511
99002915489
-338229803818
-61972023220
12432442941
-614753489393
-301531982645
-88806568327
147621169024
85017982303
-45731271048
610598323791
7276916881
151511831339
92633521646
344743388541
568251317913
265149690721
215052913058
-149556586921
113188908895
