# Packing of N=100 1-dimensional subspaces of R^14; each block is an m x n basis (integers / 10^12)
# m n N 14 1 100
137343892505
-2044667788
119073697734
134402330626
-271575623508
-584761959194
8917432691
-300674251651
-81168752690
-310089753561
-48647845097
167032998127
-530234113634
168957615704
30443076083
137222723004
151918466549
-90546241966
125066350504
453644258521
421731952673
330754846044
-302511035431
-242137640154
15385247869
518554432651
43451764845
-138227938254
-262292921791
-229623539012
-31304014790
106374578977
-148309317409
6504769460
-192717921235
-44723636496
416859026553
368112863523
-416637452828
120002502593
209636596102
-513603150467
25787542797
-45060654537
66746523008
-277410315185
-454776588761
131656964678
75857052060
-133999294971
-41965129807
-164545312929
603305627308
468124417665
-235128255146
-28069101528
137646264369
-194782361382
-400008581435
168002974093
-123895146197
666071674948
140326523159
113708586015
-420348145327
-83389481650
583548594
-152609104668
-147732441510
185735541722
-36013370885
407612650129
168113681236
-36423157405
-216707643649
604122045236
417568049733
-216328234350
156950450526
63505462247
171842554374
-151590241650
-281154644545
98263381817
162484198472
193604500121
79950560198
21981139662
-148758344894
153243103157
-79868767728
-140656113603
37596558665
-433129083301
-492098397686
-394141486056
-237582297977
463138497253
273611246462
334264077056
-387038162630
-43431790163
-216431273261
-484337472507
35611575426
-83724601476
276343569489
-179944425683
-479280568447
-8804865180
156871963758
-94203554428
-126466775263
299678943635
-12158188637
-335970018337
282538649726
-319725768455
-451093407406
158910406433
-253518151036
203204863454
438782181131
53588539733
152924120929
214554387924
34330470511
-134434986615
-139549744046
-38280412118
83696717811
-155926861234
4535191713
-319508122340
358818833786
-10555116927
20704142142
-67689967552
829899851606
61466043012
-175313428970
-5545114011
61165344123
242407350706
412292663561
-488839806140
5802815698
167482883253
24274375576
455098958666
-81587139665
108731491017
-434247524363
234401208590
278660411119
423215358583
116854316522
-60157022783
-201335994667
424746478792
-327504042464
51606367767
-154764775327
29276881516
-43988672547
407453212922
-118141938108
434022527975
159935228538
-187929555849
-155375215497
-415105657296
254032069003
-176680947233
-26790765652
-382213056700
-347394215964
-285207002969
-397770322078
-308931538798
88181512067
-191401007520
569128832253
-225313790936
-219779572897
-7264747495
77080682395
-56194065648
-177530475469
216060865872
-161319965954
137867810414
-499054145558
128258522484
-343047114179
247897927988
-31827026490
54401532399
32920242995
-610082185997
6653994391
24544077776
119312201688
459783874209
-1301395040
575349012944
-95101051943
37518356551
-196494389420
-127945829084
-72627979113
-341574983664
409357996572
-115372946241
-239764429712
-201451784961
-280517533977
-209438171217
-422534759512
-254597729409
338044825903
-50761144771
337978795111
45894360808
186110692893
-149346820165
475339691706
-87280415541
129929126986
275744440746
81848011502
-579514486219
-252564250696
-256528564611
-148347848042
259005018061
-180858176553
150479114386
348438920811
37768848693
141684459796
-161009186697
-193054031179
375925554383
-22574515677
715414279320
138093251303
-194020565285
183304698949
-193748707896
-98071396263
52701118934
165599194988
671800099070
357624357044
68080775429
-32175806608
-327236283091
141130891764
388428730024
-67535331670
-16145609558
-224036526725
-24452208670
-110729770025
204803874077
-185133328364
511168918722
-150216394031
-64203990873
448034853799
-118224190560
56859237460
-27203199179
-74083817733
67821157739
-84575808801
-60791539001
87548420969
-656093108674
241777201346
67323328320
-443677612245
4387131179
-684200982556
87533876730
-93894261232
86452604433
206390641057
102475952786
8444266528
-77784974695
-434354875772
13211774527
-460248432229
-45630142762
-40542661363
-261541914365
44869585158
302678243083
27366533533
424551825810
-33967138243
-172787142945
-224530663883
125566889888
-177146355693
559329736770
142235733432
58020059659
-288647845650
-51199723866
-124804887257
-254419412345
-298595180296
-423428708
296358381551
541084731109
-61539263616
476719860851
166751054746
285557564305
369697712793
-133460160437
-154380089012
430124945758
-126988485723
-390818212128
101577947930
338342913688
-193765855064
-329130341265
19694331085
-438711023799
-57432011056
-31411711144
-73206405248
-275757958007
158118517580
-156774411894
128547814457
-169340526874
-563732999153
-251733752713
-99926771190
172780912422
170905726346
330678990382
-450549750694
-247511847476
-225400228680
109654012297
458247709364
-62265670493
138685977477
437332562802
-473296794462
2349489217
245990698547
-473520455713
33302134653
-10026723465
25289057464
47028305553
100155501695
168001805786
-76213954204
-654766385596
-113478796704
-176166514277
-68947172
-276198189845
274862030540
91044510221
38442868630
-51929306492
-322547006681
463648403552
-22310944986
331450276847
8559553327
-293236548817
540354642847
-172164284985
-103181241869
-12518352896
-41892052266
-338747096202
-165647665802
439228662342
-342727744592
129720561759
70345858615
187132826920
32800708402
-228846068852
-69494062504
156826043938
56366187181
20478357502
537929510033
-12324695848
-177705063028
-649977623067
41485287387
-358154893480
676202779157
23801044395
230265342585
-168879695669
-415484329495
66012717978
325276713206
-86536018361
-300453790568
51464875903
-88696110761
-241755911423
-105213565509
-7653343413
-20489603261
71454106648
-85566183121
215469503478
-70164518212
-222132069695
-630989389292
422250846472
147298305982
-222813162471
53638883248
-9529684486
-333047990644
353249628960
-581514889371
495422788756
43932965438
-101726254582
-353636814939
-32384534541
-126967164211
91418682538
346537678792
-4991320058
-209198104957
32438710956
-283829514114
-89688237624
524959819908
468955504171
-17627123211
283380809978
75258348106
231651554544
6879640151
32555752146
59419146331
-455158156822
-102903198588
6516377044
-146472376587
-347366930348
83654100501
-156885543960
-75510176347
-201302002705
-135413987518
-477143333066
262871664779
581080764583
121817980225
-105022331408
148103819421
376601013935
-105312760674
262073283909
-382604895403
414868303072
-349322696117
-93921579157
114371081740
-113628869344
413059381305
-81763733924
-20022568392
169663590167
363326389437
317446459636
-161352080208
243629021776
490222434657
-24845059720
-366896324984
101949926822
-24626950169
57126872404
332459087793
-351312551049
204611524287
-161128713578
25486862321
440130835579
-76908238122
328832052900
74634883801
164198270647
-730193869020
-29587643379
55892972474
-227702621131
-311655423374
-292075564695
-182172362347
-262137461915
229735015417
-20810308752
-189310665512
71047221706
-212682709746
4289302996
412741439593
216019789101
21607106722
-91260714646
-363975267456
63123464622
-114695041042
-17381591277
-659196567510
334690741389
-55921885583
171252249558
102388546724
38601283695
501290178867
-263066772278
-219588937698
-153132786956
402112584301
-69948645960
303871568516
-527941772251
111041597688
-41679407120
93161253135
188327871665
100264778930
566525578950
-8805671888
207078587204
285453764183
20811271374
-332631831796
-342457107596
327832437374
218975712020
290837778696
143299410497
-235684613701
-10288520077
-69074877171
57699557431
207367034960
-278554723804
-359762339956
-151079460286
-280847411011
332510772956
295761759178
59877214720
-316281631870
-225773239072
394219334769
363505385134
140435348235
-151916303543
315604958577
-338936542844
-119954308359
83341814019
-321909826369
24076716327
436031285005
361536742178
517372093068
-135900772657
88166618016
-49254526859
369624043242
170896642399
424328445181
-213616533587
227626362166
-117796246319
285888972954
-48592766675
6131556866
333572800922
313082150131
440155841574
47909489023
230956591135
33080955588
272767834437
95044711689
15376437207
-433175187794
-112835183231
557386989076
282348373251
150154300673
33947234109
109848499663
49424776500
-32530885097
-534035164441
522190527619
-134436292346
102857508205
188886109018
-26248928402
-252809979370
275352371196
151583575168
586663683769
279806737916
-41883825667
-181024373438
58874465722
197816927270
-214917812700
91499041040
-298525539858
120576607595
124077473665
-102620878208
84837805746
-113358367795
-574781754417
99780918330
160123414691
-418899179559
503820553585
-22950564758
-649399581980
-109500525040
-141200331507
156762726664
-70988194238
280627250394
436977545780
181358717195
-137704833503
312970100115
-135639325950
-78105581039
-167091151894
-211696783956
-325169612728
-77457900609
-215824182232
331579201436
-135406217504
340764662851
-182718254448
-374380611558
76054049031
-45931693165
-143775248946
330692541888
-491288607850
210833193877
-25275952987
260382781746
36690522644
-127653088963
474534357535
298167431257
274998786536
-94937478751
-426415188348
368818296653
-261996306652
-47889338128
-140560717322
326568031390
-137262363295
309337843291
502714176316
266135414419
-198880783114
117149579111
-5299112835
-230998624180
-320629963978
291786874450
129662076867
344198327517
-81264728609
-354149195744
62780849988
156917070444
-295152046932
-471623608572
35275245476
151650257869
-672914267457
27415346735
191686632568
-14027976772
-348945002118
11700561440
-72932776612
-141157450686
127596182361
-115426083402
-397264099682
-211583494296
322683419849
348054713831
-220529870416
225465692522
222361952856
84452319066
405717163674
311248204227
-285084677670
209147437941
236530303473
337545729517
-315948157670
437265350550
445028627614
-317283357081
66348230318
179098660074
-22937618563
-18530337694
142216150128
185274835110
330574651995
197972571154
20148733323
-415578590559
390452768310
519774221135
114281213994
-128572390609
-264138334311
-202448970705
155918378455
349386467028
131023217618
174635801998
234380985421
122243691787
444878765937
-257226297186
44572757007
78952441417
-118658345616
527925809634
16952417901
-56912662314
60075844233
531280373990
3418019379
331201708906
-42222177405
-184468121810
331795165683
-560672652932
119356287234
-440059957440
-213088837015
-322918612157
101997237327
-261770282012
150805065866
92816228340
-63375694869
284464502741
109782901348
-103456356749
485421122643
459252269194
-324929982034
-99946339158
69078504895
87045098766
-182160934097
100907719868
-26235612711
276187466163
22965560365
-473349086633
50464308997
279410119712
-216790684850
-21616019050
176005178682
-84603135364
-345306226348
-221964596951
318336424241
299035922211
108889253052
131624510512
119077927031
-563691335117
-360516687905
253085285573
-348650040214
-158976512512
148104548649
222023504654
-174331475392
434705315760
88341451909
-220918888988
-255671574779
23704238796
-182328202209
160811251863
529361675988
317353462785
-116420841640
418570473218
-33953454604
335288939423
-220426537137
-183288408773
-625745740587
-44072332514
-53009240235
30338768506
-67754636329
1375154780
433780561371
-159694262700
171891496200
137294935679
302936669849
53036784051
-544074936613
86996842560
-161030601415
-559799422171
370368115128
122501402130
-140507097619
94946962670
156934710501
92535642099
134322681036
-50321382678
237192074331
-266533185963
35882830338
-20147389712
-299462971905
-138887367871
-389647906892
536168845930
-294692798026
43249972149
457010734063
-67735884867
124650506129
-236720688290
603556460108
-379906271740
240171149405
-193200580030
-211669794152
275514959240
-94866186390
-45969766834
-40212469181
-128329636996
-272742545008
317030447293
-386798683581
-188612354920
-148534786210
495340962827
-345954877144
-392739806826
157430521821
80060892651
279544740461
-6278197685
-273264711198
71703227679
53260366505
285354442043
148509401185
-283454813345
-181167584763
180746664935
-510607205460
-14013206338
-183894474571
-330087870184
-479167542802
-6010849298
-265223885841
213852705989
-19856130902
-286892642045
214416281767
-178143508536
-182428621174
-267004158773
606381826813
-81054186758
-13789645300
-276933938339
282635436438
507589020321
-26052547440
-77625638378
13540748673
-148830890396
150450908119
-84954644137
92415030658
-86640632105
129662403037
-477957605212
266356077755
-143192768739
-173201364052
-20412002271
-329064291972
3342924293
253561190155
643732423023
100539081432
-27194082928
-146796360096
134894715822
452554072270
-17942529567
-460996017322
97013790326
116581535207
-234546101678
344708070412
-470488865672
214508919638
-259903562446
376770266956
-145590465855
308065049448
142949794707
326389278163
-371034906532
414418696379
106438488900
-81344135004
-70545744013
-310234270908
194579264132
-150670921321
-354736949573
-396216985313
242522993179
482093061531
159063804476
-30711253759
-83849019976
-64929007378
-306253428583
-8622304636
49742932018
168483777990
-38651658003
-141507801379
606667133851
-217280612138
-233896183244
-197205054999
-302243389043
-382312692937
247222990800
346770246622
117984238677
601599876787
47343467937
69804542249
127317791988
181371366829
90812122261
-185289582789
-14120915158
72938384632
26070906625
115724853490
-64827944052
81273372671
552724015550
398275754113
-471205076330
-422952191705
63888500808
116619757849
-229207989448
138156546437
213321151334
-71815364064
-115962856273
197756318710
129338674790
-301421606084
376513659530
-390353115799
-446121967872
-238872112099
-62327670597
428098257801
180929106783
-251135193456
27333497861
260175942925
-351674269952
99743233161
-448448527518
316587153642
-125223621331
-527328960981
108376058134
166784432234
-60133908826
-255219589136
-177378493409
19657352396
-124566354615
-451890719593
-166237355111
-181985649542
237912197890
69842693957
-358381820532
81959190142
356170000007
-538282762276
-192069800340
115730324878
235824475319
-239103719569
-69320569440
-161982429149
-268263879463
-272937708638
-165780124454
-275517248720
-260342336437
90533211531
-448136723159
-165537451740
453593131249
216002250141
324538427423
161131857084
-40554699239
-363800707182
-559197680302
-116093049653
149677016935
175527548757
63549775561
-318647072946
114342651390
142369316690
263895106559
374644051304
334262661803
-167137015366
-328067067932
54508942364
-152888796740
-347746071744
248403866500
-478174756368
434152385579
-132761625913
83248780042
23311185810
416432905054
183597943833
-78075705323
11950362281
663659430821
109850781311
-321971061816
14098295598
-46261463548
46433071187
-469258619973
-240594210856
-150794565473
-44332211845
34823539752
342248266020
134334461922
-139706402232
-279855878343
-175833881447
161217111743
21854362771
161929059163
50129052031
352764947135
16263382343
-363401306062
532332598652
82107535046
451286645599
255920589525
454429777518
-23845998613
170754265777
236190202486
-333329337354
-99743438400
106795059388
208845015775
-48877633769
-59919918889
-219705009397
451335044088
520323590515
56690535981
-326690772093
-257481259042
31318013119
-736957800263
223756846373
-53484530425
-84244650290
138939087400
125308371615
-287156585143
188508737431
31166601559
145024422514
-218769043282
73777645594
421798296004
246002171398
-104115445252
-368303556684
-45911540892
-356741927541
-190821555876
-110112749387
-182957657852
316479869308
-448725753570
-285843828651
-122611531283
-324943235084
-306390069279
-426323143094
-326654736329
-15702874831
-314702324297
69279850987
-11359032846
72015492230
-4706439176
-396527033550
182714539369
-447527010162
-108454248387
77700381890
522975242872
-143583542121
-256948031848
-52602408310
40029991310
-110931195038
264638288980
371600639266
-204501704029
260843182613
413702047335
328884048582
-140894302288
490319519308
-255581492521
5761368439
151701106314
88250045852
279816497395
-144093326539
-331491523351
263741460749
-89367440000
228699291630
-333733544710
-459233824111
48583366651
333807456158
131402615443
269994674480
78497458455
423420253037
12731584692
-399269126454
481719283421
202916207606
279302726144
-109765621479
215930286124
85176597199
-190306120165
185856095122
-146250209631
275466501860
499650142551
465941696807
247981307428
95475174730
235863313938
62767410845
-243365684125
-104542322215
80749740479
-193925106066
396194088073
83749126851
-124422631167
46986351209
242229935110
13630029918
25576398584
18846591907
590423630791
-348325395672
417971104583
-10797563916
-112420601751
246606127222
444102307623
95155281324
-17520102683
-219991950486
-94374494228
-21261087407
-405705588386
357198567682
-133135718033
-232517807514
-483883303570
237711815435
298689895226
332078921744
-280649188995
163577615517
185937851361
376836410057
-426708415468
-271623690821
-171417992192
-177079336957
101072410351
-232628378017
-333923987266
-237628148428
276658127647
-13716795579
-413559243221
233471440319
-247199392768
193073073774
64288173116
343584765538
282259944819
238061899388
-6619208962
512014084046
-221911668537
278738924794
164259875280
196236162673
-365986856414
41388195776
-195921505547
209343993733
-375049108962
67024210674
282715117338
148520730034
-220295206132
-61432027490
26234391169
114484659187
-617310369771
264736011384
389461742364
208307591849
-450375880648
-110793078235
-66808031517
62153651934
88948747945
-232141435710
120499875015
-211122015062
-692570783296
66680984465
227467105445
-267769392115
-68785111515
333583457062
316068679325
-235316635784
113605384811
-257403501743
22854040113
-89318618957
327645010664
-551521872861
80276502113
386789692416
142840122386
53167317590
-234473031727
-65070959811
-308865022586
7252459722
-61662256040
380585832015
-371224458878
52970850607
-356065115398
217006406572
-187907392185
565661430293
104292144090
-78621391144
254636775597
-116839491575
-289986361158
94725327780
-84668967812
503920258373
442013810898
-84179247742
58574255469
-38337217854
-25416812939
-432894382638
85754044818
-299922456061
-373450475586
176156815400
-410857509998
-249316996060
-362112797493
-143920771078
-47459300836
-371236861077
207229506038
-360737086447
141402117280
216842805569
-415287262603
-176007786024
-50645173483
-222961248699
103657552712
-308112239465
-117701604180
460141764411
472341853656
245575397202
-293606336749
88617699166
-433014748681
28501953536
-9524663422
152099662599
173248635600
441791897666
131728055557
138319167556
-422204794324
262516966561
249294557314
198275231614
-5516441638
263419305050
-84639244227
-510733703949
118603205020
242996311411
95685680994
