# Packing of N=111 2-dimensional subspaces of R^8; each block is an m x n basis (integers / 10^12)
# m n N 8 2 111
174987720059 -49037749433
-744549966922 -25109559892
-5197251886 193127947282
-221460123054 565865511484
-385039280438 279171447698
-135343157044 64969639458
-279626898654 -743153093103
348121856489 70910908705
456682356208 583480770135
-357644517268 -212345209474
-253002145869 400162974410
-286539704822 -204153580914
-105185919411 -268591867292
-159625277325 424161671549
271263424636 -276254102445
638191494924 -290309435435
127981030608 302640190841
343801200925 -547939435739
213184039328 -373014759947
-557491712929 -564237694545
286777576477 -166951822996
-333516698325 326358716636
-227029163597 -63036693692
-513965113488 -110952939072
-192641166130 750249251164
195671978175 274437261477
-429887139696 -45706760901
-468315570887 -156138081094
-434450398719 85845062031
-449310104386 -245010881083
-260233724167 477829745956
249261150630 199050419832
515720953696 -84134828645
-420039172240 -209121818292
163541514111 -411051324277
-174099161236 375386578672
-450673535775 -172232186964
-405939682908 -475427228517
343862066374 -353056819904
120032763126 -508888030084
45183791078 622752689095
367090288132 -380649373152
-407641395933 -239519303071
93346722764 148681409992
-722658852484 193137582083
-321575198547 -530574507860
164606895900 93243938406
-188616466626 245567951227
-128433075031 -62563866137
-40430377406 -149999000134
299200276177 164108599791
-92699652851 -508406021885
-224706024184 -709288900508
-323412997413 131171884061
-644713585551 -3009006543
-559474688724 409721716933
375163803317 -114524554741
53005564270 294328547082
-634806124564 560388057835
278117760301 304781763561
-140487486606 -68084669291
-157694401366 340124819803
390266176685 505353351882
423322902379 342966045656
585093173355 -255163910160
-116223373971 380990207156
-412380124105 -626418050830
316248560570 166486139641
258602275717 306329056874
-335359920085 -29384315863
-105847364272 -117555012626
-428418614779 510979962237
-71976246565 -405426427507
284200692194 192605154730
48571540875 -81655185550
836207803621 -186426232429
145377400681 -382034861529
368679775255 8948666486
167156332457 -7905953429
-165668633952 -781675852659
-351622872738 76016974786
-84458128596 673144497945
-319754842170 -390727752390
-17444852325 -553366877748
-351045352121 191939965422
44628785130 110965953157
534388512946 -125503614841
596561017366 131564722215
-595411874092 165185835066
35066112877 -720915964870
378720106917 368561455147
315498102414 -212748105425
-232146630154 67271418650
-128990802749 -72743223280
513875106991 -136271050771
258241718621 493464982881
-570341920567 -63000044374
-142826837051 553651461445
-233963015189 510588071301
378973802659 70489606342
-280614297034 310500342238
335130281971 453772130410
497148847572 50304389275
-133180653429 -344937603117
-163944365373 -320741449671
369156299383 522294070743
36516728432 79653080259
246181612564 -515630664121
-117136771590 -454206057223
-419744281271 -187891024607
697954738561 -291414447966
312825689276 -159955215996
494290725301 -74829084179
568635462790 644678840151
-329006596184 198021292473
-45141253376 -309141308465
-90002199841 116505910116
-44849636173 443924857824
537027542387 -374721073442
-153417238684 304877403200
-470467695707 -526850900003
97931643109 -510612423291
-4358394348 168653894255
638747192779 159959220785
432765247253 -423264537873
300388081068 -460620144647
85461139135 -74796017859
276098178026 103700352079
49467263019 255520184922
-257293763658 89322600971
343681100284 -237355183095
558101708086 -214052120037
-508981173331 -49175594904
-207935234977 -905991868848
239481629734 28160043198
376972606540 -23294236056
-202985017801 175977739904
402171503809 -193497972122
175427439809 451760107879
771474640 -576247438683
-577575343942 -92040448325
-410997636491 298632620827
13818940828 511777336966
-513397004281 -189402046457
-297886406123 690778543759
524185457191 15804585035
131008438210 -292711968069
-40818654695 -344620885813
-451777791552 -445280011671
37859547176 337811014012
1666207025 -74752442363
641969335378 12364051255
-55459182443 10249144146
829875810833 381415564165
-276744536467 644087575641
-20163248252 -367226189727
-358100529333 242058007446
-48694040974 -32184745888
-209326074445 468570420155
238352299037 159771923252
463858716605 446249727602
560352051828 351928309975
416578743567 -776992769417
35154561910 83375710053
310625593922 -27787015629
-436343556549 142199004636
-95199088285 113430869434
-10961335443 180219685948
217800293645 -800763621478
246036757435 36434938582
-495368707956 174252966846
132696507746 -78101698897
-486431460490 -64422411405
166635787338 -278457328710
-466700026618 -247467969390
-383195067647 -421968030856
-59883495146 392613315332
-263196172230 580422217285
-539219000949 -227175843837
-599949452363 320534998900
484193822634 526526580583
-201072905444 -10499832048
-24435154825 149733295655
31212458809 -234206614770
773280842777 -57243027368
-318262814837 332089751062
-63087325540 21324915552
-30032911982 -516951497757
455805452159 522370834825
-89671336204 -345894190779
-248620347688 383238900667
-135099579572 281708882937
-516283749978 435750838417
-23049543368 -456457100270
29194729059 -125289523756
-178056690601 -485901963561
-214201077526 -239771195184
635122029741 -193232112154
-436733847343 -500983550289
245692374926 -64471285143
139900023867 522983276481
-629350283357 -87506391211
532562962907 -105176858512
-360154201147 -288566544703
-15672334077 486407225734
45225403752 167550718562
-363691562831 574614204479
-190917086772 -172196356536
455066756813 41164648409
460124293459 -14690493382
-52367842988 -561218826192
402042605665 270372514989
86697910532 134121257997
390238884848 379585754969
506944968927 -613687169445
4808035508 267087989674
-402272838432 -210764743532
-231961214219 440816138170
-453616084733 -95510422992
-470362818150 404420737728
-393106307720 -546505100317
313719461794 274293276344
142296134359 -356813850155
-290105439107 295567642724
-171757884434 -461282915336
288729870872 -237634433912
364052274599 525343242870
-368861198459 564261488115
476890974125 97854651456
76981743140 237016282804
-19734090340 251253493683
620323322253 -86549574386
-275660073600 -122635185542
345407762456 -123725243711
-309190410303 232604071234
-123525319322 218888047607
86582169476 56712934503
-493623039721 -91888455964
-589445983719 350531122780
308611474163 856215002601
324059140297 -284216131782
544516704328 125022376271
34906269982 -335175162469
-208002452419 65516409185
568825979802 -517814275571
-262598752457 -435524040778
83292726024 170955108375
-393122100757 -547647097407
-787541232275 138655073571
-219051687723 -590734577960
-208887850801 295198792766
22701480059 -282864113
129558847038 270125868230
101483676173 -52466598042
123397950909 -658521442001
-495312213155 -187866451342
386142620012 -270862703112
-118901661057 664032779832
544340176796 -118533596487
343224355496 -27176018789
-85013234704 256295081477
603057872476 376769682050
160266800553 486993025398
-161417442486 161556011928
-8339860873 -142357275013
-147728400464 9725358884
614007333450 -306991959228
642678801682 585208820156
2495083983 593929964416
-21192136399 2168131804
420027764132 -426012472973
105768918044 -93178682492
111225450373 100236893134
-727606654339 268585069902
-106995767872 -639118093694
155545735200 683061145913
-146344018450 147651758414
-244749333408 92768727202
468184299400 37008793815
349370204118 104849556074
387844647511 88523816850
100542257890 -65842716307
-477448909174 751693874498
267172171059 -147192849068
300029229933 388993699706
565289353544 491479627529
105781735835 39688656844
-345499618286 81702769945
-265927475774 -129757905721
287109373264 67908937279
478260273822 -638333487693
-172933334734 -272777875911
-79330206504 229124392991
-79605955307 534338530710
647935869731 397924449665
394665271548 17729369337
125507144114 -323034814760
138585166482 -296184839121
-179525861457 -734046933928
-70942790724 177800081466
560251357306 -81798400319
-708559649885 -145153989601
331277005129 -329519904534
45791691220 318027126003
-335311728594 742941359967
-135850298249 -178041264909
-633309708600 -128897220228
-26571850970 472515812873
238650818640 287252774144
-352792480703 -28631673081
324523913754 301289627723
-424959965862 48418881775
64699974114 3278603835
-321170395641 -124404438256
-610240290802 281862391439
26023364886 203404597558
-690306436665 -166819634121
98793489668 -571625842994
136914651430 681609607939
-120682684745 210989090104
608327206694 -126861234048
-301562229499 -152829464745
17975164114 -831958689936
155863767771 -371959816114
376988505157 -151033488674
298184571225 71630675908
-443431279503 -117470882739
294475702780 297150700343
313240662217 6009345137
-470555846074 143106109122
-300771086830 -227593085533
101516636223 169594842717
-492333225716 245485355030
48744472322 139021005257
-568974893910 3289953482
105774054143 905164505940
268247507180 296637981019
42686590608 166989242626
653926011529 -371190795455
-267644043589 -226682164153
191833094103 -484020834047
128596208884 -3520747933
-142556413644 515829493631
-594398279985 -441117287046
601288726745 158648574327
494989160244 -402775571425
445784088500 267556551077
-349325726255 489643126043
79257353848 95536491733
-175133853569 -304766714115
157644255512 206151395345
104309039135 597291554380
164705491947 499354625657
449206943732 1781142447
166457838010 -98636082331
-527841481142 -395118716130
-25878719730 -69007962623
-440754555833 598949513880
508676452675 -119644202672
105234792005 454946760047
73637209182 -145674066608
-258640605160 337500508655
487256435556 -137271054326
-311394539499 61594977563
193945555754 -77120132690
-703152900798 -518686645423
8367645526 322402845983
-247362704499 680667498310
-471850773775 327835946587
-155418790959 175612412232
-259666638683 469379649916
522927254800 604349542700
93581934045 -143079071495
601300024619 70478180144
-45150298601 -403150304261
199910785594 -296916292710
-212992843768 -94974968809
453407964169 541862160146
-47650606441 -63559302311
504481845160 36662875888
-465088409669 590900496286
217551414899 177203142065
452088704377 -279582461795
155764920901 482960143605
49928339994 -370399226229
33924019575 48710766166
405595295522 138676373672
-34151117712 191027593155
-678985652355 -106981910316
471632699002 64645304018
205849818536 497204043333
323804590004 -736120228858
55488909377 -671436317578
142755011348 -133361534613
-7147885630 287438167317
359907044326 -193895305585
-509519819149 -536168942626
-304910183502 -186840971566
77259032535 46875908213
698862068386 -294258132431
292804621455 139693244296
-36922009886 436173097170
-301353437688 -348172543083
11117060128 633070006307
217508329588 -308452154020
-737970350119 275974122805
-472936578080 -252557196585
-79910058358 -182064518333
557306690476 -363945634747
-113688413681 -114071726598
153772582055 230202216890
-417775658738 -465607907493
30619994969 510247386680
180258540974 502407448075
-451665071801 262248120603
-490784704883 56636699270
779014614901 101597001232
-131106318384 275167637509
-323624655299 651298182612
2170232733 -440613955019
-331044091953 -454812320620
-183100756966 -273552603184
-180434486642 111717119174
309090688366 -38273387148
364217070686 -36873595961
148863366496 19422073666
-172530626072 -307841737122
-302507740833 827254550826
389099519351 -5674134765
72407108442 2003341329
158944220351 -309004968742
-736208790252 -351605196364
330103065456 592346719673
496347273802 -108555075711
-445681774137 286691303195
39143413813 702826450559
-295077225168 55162093676
360488392688 -85307253537
229157549951 -191843747811
-418295668813 -118574991620
-431938296937 361939469856
47881858914 410688823385
490841760630 -275112309012
364201657486 121803912523
-183637725505 261558337701
468421736776 321150442645
-306519065462 -624156074556
-300786433749 220658919134
1993038745 418689789087
16149673953 515878230247
23870001976 3599051116
242444600165 -259912414788
318027508962 488254469123
-592389467753 80545381481
-583682267847 333785519025
384232074304 367026344741
116202060808 -16448726802
-405429367923 459906564887
346522445911 406766293336
243978916196 -533158594278
-589329706917 100338128721
-28631396630 -390489279436
-464260939491 -385255128272
280807961702 165913699327
664790354949 -424557441470
-601537660715 -430409626985
-287357854705 -166568949080
223128041323 160761749927
91733821440 -171968909045
209432439044 -329047696622
65681097628 -357955401296
85173470739 561187326306
-363522663550 185811193362
-117181541871 134114145300
-266177519376 -242836746994
478194284942 480441413005
273646573869 -187149737267
-638840514762 439314517658
227965856812 633393685851
140112207871 -168772416500
-682594609173 -195485648065
-259363220987 -501708243525
-301139051943 591469115069
277089002102 30724335225
466781238556 107541389067
-280156296739 480497681198
-51455300027 70620588336
-17673490434 334460851862
252123299103 -572957065223
-705152304133 -116335667831
-499264244236 7265700866
-130313868788 -418571825243
-167536199849 589226707019
-290313463720 -158229586016
228628843506 318965432059
-91247720488 94696301417
-38188950285 203688902753
-154536288294 336134524832
-82163551996 66174177084
-154370196185 -120013560441
642586867044 -7327882573
188451296300 845385314873
639297208279 -14671014348
-294866816787 334360387279
196154816279 -196079330937
422334229620 -556671991150
330780836736 197418745981
129016188470 163568913239
-51759137904 313736193572
-460160421489 -272202198160
224947239580 634637923938
-626153387954 103201304576
-329492404026 470292445078
576181196316 690074978084
-96327662926 137745076044
285856228881 118926132788
-115408517404 200492535605
-653871438511 338308667715
88044672828 -331182053803
140848621091 71922496105
108894537754 -491807271950
-190303712909 98836256112
-275400758520 280265372656
269282727502 -605925688318
134778838694 306080757451
699503994929 223817540096
190218626694 -242932772261
509817036940 316016344017
-434895287348 -165060809840
-200064770462 552943066926
474150808721 -333051698177
-597195370211 -356757203068
83759549076 105136169007
245775073552 -481571958932
144918355893 418729705100
-317736523451 -102518420770
-150847981166 250596704717
-635371248661 -14983934307
316958327493 -215639318002
-120630921984 -65358145839
-406624775731 -804435022547
275722152855 -368640919223
455850823625 -259794610551
-96785717099 188943637376
144480629348 -462274668500
-464547234457 572486860263
-196654110331 -185031622365
-753287424564 -379097817483
88448298344 -71760374272
145732611127 -94867080332
200567924545 -373079380813
296509432906 356751356774
-321767562694 128239966632
-83864507018 141813483136
172452677456 -519149167418
293961547125 -502237623544
440548708427 235445662222
-349658117747 -230257155303
494552214350 493525972155
460817975332 -299439569539
259649936127 442392077043
137463270218 259209211007
-399442094159 -77248218937
-647508309704 72960992334
252325242924 -789867919576
237995603054 -200096097750
455561280795 230380599802
83777959152 93830921832
819347923768 -303212950317
-140793358587 -10707099241
265318489392 -290312221180
-163905909697 -52939377920
112665245383 -329481705012
359716604423 696743787960
256156910274 309172347412
62300130428 362306308090
481157253596 697396811233
-357142471398 340570598355
19270018549 -84424508730
-431136107646 512266151678
-496869444941 -29481600780
229160172322 -123139665752
299975935009 256766945568
-255554463914 214810244137
380167577077 585643573654
-367942213415 289862822715
311274026757 348873463238
-293360173707 -443431457320
-57319713835 -95334907892
-116047630585 28586842709
559612946892 -389681151965
-455214429900 304794431571
352573650578 -133900169020
275981394088 176466913361
-667230970002 255406754983
-316865114560 -365048836156
-283409561783 10481764271
279648344533 657772908481
-285530540211 235228888180
117786065297 -514129568890
691895876985 118047305064
90180426392 -514006348436
-439346533037 -271035715199
-206325931929 80933065781
238881191356 415062609069
-358526356282 360275303077
-134444480047 571771798963
-271792438970 113373426960
336046974733 45569782785
600759476778 -142150868002
398921279968 -355475697670
231036016451 -297612134594
-325076455258 -565381400552
-420047851864 -434181115078
115996379901 -200643343989
134441785009 -462983208188
-540490707906 -132457428911
173863818398 117180515967
-643867647434 -466912545973
-324732270529 663557859763
323609488465 -553781053215
-91378174756 13782224919
-189072635242 11280393245
-93824512474 -58452933786
89862317366 -153874924451
545083926426 226969111724
185143042160 -610019474412
149064980592 479905617954
345478678817 136786904258
-394241182595 -201131359422
302280432252 182371062145
521684651180 -479531733481
-97887712333 -94735511523
-298643557756 402735649199
-429260269989 -179334058742
62710211549 207764031940
777178543370 -253232424533
87848719437 498611818980
-56060367089 -467128824998
-313315209688 -471755059456
-534428630934 309807014371
-474310940569 108108781293
74329452147 -146113457209
-174175310451 292247737596
202362348266 500713718090
521979264238 85375426702
-343377901854 -577692449345
149104017707 -440275443044
511762417981 -477791582604
-440868351774 101617758273
85396742549 162297277187
465347839372 -182549340018
-259077341327 -129995442725
-178212933935 230294350599
469378946706 773155865891
-26374125157 -184445306430
397789899356 -64541863940
-247688297353 454694467751
-327073465333 330975416677
588906984768 155190409212
289261249233 307850855099
367448618786 -95986052160
-325361155671 -399246049657
-45549703800 626159420498
544047114116 -164295693278
-157187338088 103064741776
-57536992380 133350218367
-101136841879 -298766456914
-61892744201 518348878117
-277556818170 -326623980904
763981457412 63688397511
35064878760 -689866589518
379716694664 -125511090951
-739718152671 268751679864
263631968715 -140543227992
107515835141 -421497262281
-377844942882 -611630423518
185074321212 561184345945
11550851850 -158810839777
224539727567 -19147627454
287317457928 -565794479093
368252668467 -414022473253
172465243234 -408060196187
-279839260539 -311447652234
80783237019 9725276288
252177764690 -192252207168
92070149071 -44738723162
771484225332 453753446010
-333055704930 -386269559391
60754744385 6747054236
1604342616 78553990418
-189054713992 -213515620694
-687361156310 640792417324
80383155733 -104939173244
-563998989980 -271086026299
229383582721 551249371174
347677740225 -337633897478
358272927950 304187914722
194882180693 29270754491
-254339919416 -584104568325
-129046049738 -300494598106
-624839475823 504509020636
-214085243917 54367578147
441795307725 321956442794
203172719848 6181750801
-75550642566 -208982081611
394518114711 -168659824289
-412460810891 -368650916815
437746382005 230540777359
49064240195 33953225236
-518310038991 738704814209
405672271445 438123232276
350357073867 133267210902
78940504280 -536434447121
-54898376607 -677080716573
-660048416850 195004525983
453180092109 363363159404
408550481361 -200353809322
-236984506508 -57968309866
62395714634 -149927025786
-406566564664 322030587017
-715474464715 71443400207
117437573084 99178583605
170896142719 750484807191
241177299271 -208223007154
75074896259 317073003096
408901332910 315382011249
-220906799086 273441732919
329670670737 198016238703
99119015360 8837844549
-2681717329 271038153507
268823281037 466197504322
-593431951662 661423770835
640624225456 387772096702
110418908974 -272129464944
185651034632 -89479711248
211590847653 -690292400041
-120758634349 193280527883
484030980258 369666104244
-195765323374 379355855904
109576277573 106986867059
-646557741860 76536842289
-137992019037 -423567694516
467921940338 94135413971
-468918089993 333896431203
-44084072948 59135050523
121261177525 -17918188145
152660977758 562009328930
365251896384 202826497088
-8007087291 464981552620
764014094948 -102055520328
-151565740017 -548706579450
481315418656 362316979286
-358534190667 100925370194
94104762710 -652227920918
163678151597 -221379386500
-501042451729 394698121333
506004173686 432435935731
258990687648 -138478464149
-173154612128 148884693810
-301818368597 -64525677743
257567872573 -6729495663
-627012356499 -120406670412
144779153282 56652190193
382117405413 576066731512
-180237478662 643038043438
499959669560 -411272456785
-183159558 252166761674
-281194335410 284757972766
185836083378 686202701496
48760442754 613288722551
45928902592 -64009369710
392252599570 -244135733541
-291439932198 -57478930560
-794319540550 3928175853
-110294072958 -69978413612
-340164749466 -51225874255
371147225619 -687343766819
527331711808 230986578482
279793190097 -38270032646
-271709503661 205362033764
-138553958562 -589510730621
-184207511361 -264924793501
-513048784793 -101160508815
-499434630134 159222275806
-8984693752 -346251269331
-589564150334 278477760816
-185147161572 -62132530895
-176976915929 -558673597309
250533921813 -466510414710
-254752735658 -102040334292
457855802221 482895046074
-544549983923 -36817825111
37205511568 -557729497026
-340403541864 23154865469
-394214623995 -301928667025
310761868438 -25039799272
185467992184 410976835051
214938285893 391747957751
-503618448920 522388529006
-262697302218 300394959760
-211756918778 -329034107883
91568976755 735305233294
443294515438 -115379502938
566436982525 293335154084
227476495531 -344780188540
530014355913 -197474132496
166561103414 59985699609
147711358252 -30391899283
-107266609887 239950405117
-701470228014 274387334842
-59915037014 606398488804
-94647448090 217139182842
-549710781654 -595685334789
375010498892 -211745102156
-138751502409 -227301930704
-125175303075 -171862398166
256262168153 -491745574091
-763694079824 261946073313
-293947870345 -95805349655
15825401881 -148251910071
17056722113 -495585422265
-48291067093 169739198405
-496138533436 -595365653222
17427177618 -724072589053
-164629109311 -340073318625
-240012418909 -198584881970
352084960460 -116150382634
759209034179 -144543551658
-228177942456 -28771856843
5990028257 519697195908
403143098409 123839910775
195830962418 -229876352615
-298583556374 -443520966502
-264654830945 471469801122
-432990177362 -501497725685
-421021194933 473773317946
129551485589 68275529987
-248826046873 -207181347719
599181596166 -67937154118
247927552082 304328076122
386515248846 -251687910076
375150240087 -230745808621
280396451347 815642427551
668013303743 -66479672692
159060084801 -340000724754
312797989835 -67855228661
-19838139143 29950766561
-125621220123 103492250074
-76320138313 512590607075
-860070904270 -41165956459
-247777628584 38223184492
242645126501 -349194779524
-181092035236 -368059460123
234964117233 -275174319846
174355134468 624707058847
-203763964019 -352137622727
82434374778 -113533151986
-512132134159 74076948445
-527150019194 -305079047840
366131200673 -334899491022
320069597293 463675039208
1364754125 -429256568387
418353785064 -503125516907
-287652028114 32444086005
179898318072 -614334422349
182845649323 -42209200360
271228806784 518941323157
-125910187885 371654474758
590008914128 -15707791896
212189584738 -408202244633
607377143738 213204196648
-152100229439 -81606769093
-818498526009 4586330897
-18521781041 -117039653058
59512137352 -422957932502
290131858863 388956103056
386326119944 -550552757250
-228557688786 -175649468119
131825447765 561675781462
-18705277285 -79443574648
-338488106182 114524543105
-171042865225 257025161603
-436175923630 359327579776
235734522306 -146634954366
431223604434 -369218929185
-608922611134 -466341037197
230780216001 640387549617
