-327973151761 565822447965 33522362740 -194615971531
60773607444 288030443135 -74788057566 -300461003764
-67288363456 -294633721255 -360776834857 -333001296282
269049071856 -171409524332 410121195839 -38449049084
391300592657 352570186367 260943994166 -548200854013
444081558515 80745405440 -206911775721 163955875263
-320332585483 -365403824667 45299781144 -356626585599
414623412474 -368033757377 259997869814 -230932317795
-128306731436 -77442843599 494255085663 277632843906
132620640806 232315543869 102304308566 95910427912
198000163883 -100220785890 -442642345137 -176704291567
-337223980347 -104339331684 252352842920 -366139919914
-155018859815 416923499367 -173428979816 11420233342
-322487708435 -109619461139 -107999040184 -222612622770
-235758924701 -251162997306 138276090585 -446319130906
157153632684 54513467907 467285708011 -56347253336
-363832349494 -242704353466 -192787667110 288406638258
-93777361209 -220474591400 101942928688 152941431055
-554559878801 449870857457 152057144967 191673083776
-7934325808 302661828689 -428395066190 -542684217676
22967506768 -456541777576 -221231836681 246842383270
-373407377566 -367977341875 -17544692552 -385521099092
-422768634623 41276745809 388076018357 115360288996
-155658655536 32555980822 -516454155708 295393874511
-267649890970 76086445661 418201112650 118330294722
-73053923323 49445593339 276959304206 -248525306630
-516346067076 392990423871 -457334073450 -162284734979
-222227691699 -291847849028 -49352993320 -21848567317
-20622558261 131508753088 324551277536 254781306979
241808965535 159261697005 265732623578 106582459285
80165878617 -369256773526 -38542257958 -224330228961
44152986332 -82412178757 206335936261 -583210727718
417642546161 264458065723 -276368607991 -487931038454
-202848426736 -183465843462 -412795758141 248456521680
420048253995 474326890508 -150265685426 308293183419
384372236135 -487610900486 -217816656022 189302008057
-11448927783 196031547913 210494599484 447561376973
297435057213 -183373902077 345370317349 -499626190437
513870690743 -142194782498 -347162587200 -122676398677
1939728634 -762948933 634234658324 222361264885
-81328447029 -114321940942 48307016070 201033892470
126472996148 -391413390441 95549795081 268625115790
409238229705 74249655787 294739699 279654504627
-224763749698 -233238449361 138902717911 -448047786238
185479404828 381586108537 470714850282 -170265988095
114470510570 621707775876 -233002050978 -52739770945
472071512846 159559406542 83755819996 -124363504281
369286381977 -352066543324 -1028220325 216339182658
517596016612 270033562944 -298728050196 -106854507860
327728575457 394743905217 554289423726 448303668532
182244839479 -7839936628 -11166062157 211484210760
28585090843 -252559740610 385454098958 2002552174
-527635871799 38927880285 -22698533770 332308679356
87185629057 384303461906 -356715974783 78421528045
-386757082197 444446354942 -202018298367 -52209758916
-213406958628 444512273659 317686103051 -110378244079
37456110834 182343611604 -55486228649 -502034379245
149295092540 -29429247756 -389473916424 549753893335
232555125803 -242365204267 8055364896 -158413325149
178212419053 265003428067 174626281895 -178956699849
-304436231027 -157945685831 42039776635 -42856798258
182996649663 367629682573 295658330918 616765257903
-341871498977 501882243768 -448397304845 60469328152
229611471922 -287070251301 -293208677480 14715018993
20647658693 242516023705 613493420204 -399197957685
137319675611 304360405539 -268597132790 -601687501198
-283650951929 -440545570887 134758514602 -90399737220
52655628177 -32929232454 -244402985498 -97108929943
464156766119 -8587167310 198842771886 -229138254577
11694208397 -348968992489 4034924630 -2458170309
-68418263945 -173583304624 -36430778418 89196668436
617624840729 -83714918799 -237684946678 120146979993
-8971306725 -94787005912 550615232518 -390865755719
-260882754427 452358178496 -28882943016 -47265100672
61129377541 -302034744119 -14560263668 -484366013644
-411232215830 12029885568 -466698684589 -429824973114
-126614787657 8617947182 -394341323568 13523351466
553876726976 45902548907 -63752464695 -501178022984
-151237858833 400259555092 383091982009 -221967417046
313061595925 -432479933982 -110322890520 154739810092
-37999565235 -76116061002 194045877913 264476959666
-224163023872 -188581696652 -188219727929 -174868341324
435144824175 343107208747 -258778550421 -2446521712
272535751418 431868743437 -139363222881 22821246754
-48371119882 -578842704237 116590957038 -289033066950
-20761921558 38248155948 160316714306 -226989454456
-98780233005 -521501631148 -24375396544 253964340418
100840548941 261655918850 320491803631 702470749418
213954319436 -110415269190 436371391418 -154713884387
339468791184 -201667338256 -386635175574 309666202065
395876140692 177986481560 203729313252 -188890989488
-60588885135 -70139265207 561917039510 -42755989659
-202089280295 -391537480479 268161992570 366783121242
-724319691107 221593803123 63021632165 -39845260892
-217628099615 136275283041 -24406711735 113093856940
-207502534899 -112312577468 -289403754526 -26971970227
-679690588358 256121001270 264384713340 42193780833
255221729659 -1744705207 402695455595 -111244170379
34403954613 -501315191248 537010666886 -211887645013
109312542362 148978818206 93546186138 -125902457491
-80531193741 -543232694504 -52367779788 296883978096
-35172151887 163952645976 343842849060 -276656511660
383905305933 336404970231 364690819391 -20554181587
-99774952823 31912267617 -1676767187 51773489110
-13344378033 -86073080348 427427021389 732276782994
-71266894576 428954321404 97118598828 245225574162
-503931592911 -129404013233 153841624714 -341714493999
-188374460073 128696031366 -32251003906 210192914988
322255911790 85328731857 -508589462774 186658496542
110560464200 -314880830302 -78799746142 -213897727745
296055431046 -4347461502 25070614990 -211036603456
90982337215 205818541650 -285502050994 485430567457
501249175259 591867155829 366898024858 28757226700
-115389977575 -152271776319 -59412249538 -175423916557
-356376466374 185082445357 21670246402 73609912641
288173008454 -275695144543 595219746889 303507306884
9982596957 -64630113845 129087469750 -377043435020
-483848723303 531812138854 189271742675 -82012900383
-280309379886 -276184693252 241344028519 555278230208
-24594068188 -64443478864 222155286404 -229934055963
-23418323451 -317791690264 -378717849167 452768427638
144567065978 -208271138345 -381937955927 -278758905390
-177142137173 464880396563 63119733015 172145383976
267091564889 115497605278 169781112939 420760974810
166869883096 -188610662747 23723240053 249528231436
677372918786 263951973165 -174484771613 110319451415
55939979996 -184160861962 703100822918 -110783434213
-94334702803 258771000263 -309502337907 -462683962899
-500456925533 113249231501 -16419532929 336447223025
327887314004 167667850142 65084136743 71380796418
-11369238684 -531903334069 -118191780175 116853243442
-137950257964 310156027675 -195605282949 279087121715
-282023994142 66518333189 78393457417 162838511724
-61389590939 -479592084805 -230786513744 -188310165725
16449657044 272210285774 -82628216963 554343366731
-260927146727 -305512077851 -216678175738 510740764915
378773655054 272741755237 226844051615 144213891312
-333012036253 290001565928 404843734990 -137728090828
-99089729991 165656450740 -211656597875 405903324879
107852038837 -129149467881 -204740735931 197672114860
3053121332 171227136864 373579493208 201511736104
-419446398153 -290020884765 314810339676 126391660474
616610001542 -388792530116 319308065847 234777791436
127946810580 361841924961 -494081380254 -120703408528
-143721937485 266037040213 313260119722 -446135244289
146743758937 458922942023 62763046285 263174114922
233640044013 -249486578594 -301000404224 -203757779608
560413720792 120733916501 17040166490 -401123773581
381412019909 -426129148055 230693912022 343874630308
291125798559 5891798377 437765561064 396091200215
19325423395 -214865221708 227264177405 92918325822
26632383164 -150381554747 608399036332 -405512705046
465019851748 501627319713 -26672378184 25388169170
-2046390232 -62026430560 129550908378 -174751306171
-366146289941 323120813659 305455601307 222643722883
-86811255438 -177502251309 171995777763 -17889650339
2865260278 175089020562 311097115409 -97029658320
-375439686251 350265523873 -138780641623 -234223206215
298569279318 189512515597 -467076174108 255243333360
510878695450 -236165952720 197505804621 130172554596
193769217650 425686269631 -66019601254 -31158977144
51461056006 -555116416361 -421169316489 -330492636217
-192565055268 -175469315531 -185347591332 -235322032616
353439095115 -137913157642 212690122382 -175053341197
-389242329881 -183355674310 -294268041344 340621269978
36739141216 310539610300 -57373177419 -569422074568
89840417911 262195652971 -200043237863 422316229779
381798736556 130365938646 -485339227433 -196974464417
749300612496 -182254115787 -7999638749 65572153665
241326807571 188511618966 100053420137 410605089812
44130598800 386258046133 148426362222 57557267781
223538400823 -44178747009 142817017318 62064006779
-40136804372 429224685451 -230625283256 32776002766
1964355105 -390362413572 -121051406019 363082612046
387374780926 262219640815 -294794246280 -89310473080
50043796202 -508032297197 -186915889238 -483587417392
207593065232 -109840780456 -60026445431 -122505465517
-215214979304 -2107783609 439134811647 -220851486223
128440688654 322339639788 -190708643014 -584284595388
261352702157 25590704712 724571065199 -200077774946
209358710578 94527878673 -45727062386 113135228749
-112019866594 -690810831172 -86805741318 6188388259
-100162723235 179226717088 524795128288 -102310842840
512032989012 -451727643584 79916888517 9168303008
80838070459 -155477573151 -335242125341 -375397256206
-112666327717 254927890775 -302164577981 453088194522
-540079432968 -409677960491 260895173340 176582735873
-230450163767 -16869283599 -119215868514 133197649962
99571427790 -81635973325 -309455312853 -59909154362
-525256322271 66197659730 -331652361867 -448268528066
77724847971 -10905273609 -458398140836 173153996105
124654460768 96006244673 81993892583 -589032581934
-349696339211 -168750781146 64548614007 386061921294
352489757426 -137943544564 48640720659 221410027117
-424149481776 153105457530 161589865403 138806667428
146286174161 -417750948758 -276087338109 3017848358
-298390512120 -300669788472 -428300689233 -204812032246
378146214827 41637083549 -47807715396 -98611716915
43459354487 370739858937 173124330130 -666569535390
-175388877226 250660327599 410378741190 141069498144
235891400654 361406324752 -291639554926 82955998635
374478928854 255201682253 1654128993 477887984696
-86014977266 -66733083644 317005168071 72634064778
290175438277 -511788305992 566986426806 -161973070023
-64879107099 -114698790540 296199011474 348074266633
-44433365363 -342656968133 93955984185 -700813068965
-185770805760 -263188411912 -105485212418 -110536467195
124074012655 343998329191 -397460454053 -218693498021
-50105410239 121366054804 362518444124 130025066955
-114306208906 314562940840 160311460207 -421931112914
-300055750213 -95974232660 -200885501681 201502607054
-440136348938 336482559530 336210946429 25292513333
-365297512849 -314829817486 -386852139370 228686971207
-382593769309 301589898583 162035936027 7657151850
-146803017667 465374846175 -496054618486 9300896026
585841201171 197656877995 42940625904 197590301424
