522381064380
85429877806
129992419515
280018238693
289371246499
335542013562
-318337655283
214707372320
412593913691
234185785726
-172520348602
-148401722377
62339193293
94296169839
-274965300196
76552277065
91730091019
351723327103
6883656818
237648597094
299924811350
-46979106265
546190960748
403275957837
391189717641
121847151013
-90165995687
83726272917
-432087253526
384544448560
335923386488
-241653453119
301426082273
-132051028347
-571477689682
103098749019
-164854078083
72513822610
-33149409167
307594564777
306423059296
-81573431766
214791912729
-467102355201
225985642468
-289941604578
-86489579047
80134238822
-99440652593
193557991789
-204711624757
549744044631
325307283077
66623044538
308983406487
-272109618754
77788293621
115273982458
-508303278725
-58261211304
-346555004982
-45817544699
255832227193
396786561117
306638431079
584778248341
260324865830
4467827306
-170544597245
196999993439
-174576542912
-155917197406
-11474857684
-210514499155
-187898038028
-513695956845
233571749432
-263383383210
-265875045179
229436070266
-89174792812
664355359646
11798794616
-5137435157
-192573398217
337891270804
308698249090
-408063002279
-5765551183
-54450542343
105454289182
-50276524164
-159782432878
-7228036508
-37712863294
184996243488
6007937801
197619115413
119123947667
188541703982
-491115988173
48421022006
-675801272451
383626071048
12630033945
-21500724137
211233050797
53370879669
548772207253
292747640854
285950704804
217777302755
-312268363097
297436688763
-123631760328
-483802708097
-23097310854
143622027593
-328856156507
-448044944345
159583672334
-563970168527
-122781217386
299354702638
187294563772
-217349018842
346183976513
89550510290
109906134252
-1567521036
-331414736879
-272381534827
494300638098
-18447893921
171855130275
358967115045
305377578102
-454101260832
-105525088124
22421986012
52193193838
302157429280
88219040101
-338128736862
50925752673
239833580550
-211970206885
-183188679608
-481685327160
-456849539621
267051755362
-81952417036
-309122674520
101316889179
-161310401245
310576620628
-194842762006
27033256429
-596151784303
216906761009
69225163494
523560733466
-146034354880
388524283404
-63163745336
274201207053
-105779124700
-128777283819
26946595864
134402257517
115751026350
378579404229
389400246381
-365346866820
37526063136
297851952357
-170801852004
406671978624
371248536598
105589173657
276433370567
173306558226
-320359648883
278131721019
176016621611
30283147369
455248028052
-375062662899
514822866794
-109584024421
136660826513
107329300417
201439471598
-84453094886
291947879115
91927910034
-332628524495
186127410489
444308168132
-295362431432
491754507696
272718758162
272963594719
18384667475
-110223848723
-313569305071
-176600026426
170022600753
-238331051096
570389751430
227672640344
359187570
-45027642203
-67548545279
-76548221455
-523114889800
-432934577004
94637454714
-134624667637
36640670608
253110317888
410960345222
-181473488372
38733187999
183342418303
197998219436
-529692651608
34166560942
-252089828877
198528636165
523980209772
-109773108363
-50287333509
-223656430386
356034175795
-196361903850
443735067377
-64523238327
187294092739
108295060198
-207382073563
45171239644
-60431101830
101620824237
361925885403
-28346049153
-629277675195
-167718477139
146311339527
-89180360728
-168512173341
276116444566
300406772311
274684859781
-275636027675
-155668947198
-232945501850
578449275713
-303794760691
-301349056980
123867686563
142610525075
-16176003275
-284048063302
-239426345466
-118385536417
522124151875
104198459328
244907181402
53892811507
380085487824
289612982676
-487173880209
267694260587
128241517192
517230020385
56446715633
182584717439
266494300524
382686234694
288749002463
100797591514
-354578188255
369603774305
117443368273
143923235613
-189589435142
-411671588202
-382474694394
226433795562
631129237453
-11818831126
-178612901170
-219587382153
171475282769
110266611307
229590568227
-141223977463
-64958978767
377483012412
-83444774235
247552138493
-506813576078
451724323337
-329035058680
-62993555110
375567324302
127139488285
61246003075
54474984035
-159954117491
163080285927
24787124793
-105273214951
-135088455537
106353626663
92124380639
-172574038329
216465186682
761998439569
-331855485540
-220927653469
-40599661313
74342945669
356178841805
-518076697901
-541690962977
-138759485095
8191495161
-57523627708
235778791392
-228399947947
9091917823
308664166739
-172192824188
-317348427953
272320750820
88903219492
172268098967
338643582491
-203781467327
37383428044
138267710893
-273176054547
16781153655
-151610732482
-259373047070
-698384368162
207205002025
105675386591
294266847584
-590271053335
57676469321
208274603984
45937089512
351537374605
101260374263
-356607871269
126579248157
-414925284927
181731003293
317807197321
83717786929
-111991430129
-95132249416
754864054635
58559984466
107591243886
-83264327522
445510122158
177540671156
8503820850
277846354636
72574039324
-45670564039
-257197438316
-135712320254
235596157148
336672254593
-369744090718
-133613423753
417797558243
-23496335964
32620307881
-429014357450
99341389023
108470195183
-285888168885
-425984273708
177565711397
-62910425682
-58603194517
-278369336898
-199365854488
96614233433
-230749780204
-96416031726
84863395764
-433133076113
419004274952
298728941700
-356759130945
465412926140
-143385143629
146771092166
-56411978412
151918547896
147086957695
557547291954
-241868367402
-73084702776
373769850983
44481789064
406000195258
477694738033
24314633727
242680062692
-533149235145
205749875119
-169312476347
238938544590
182505956635
-56632054944
-262283101098
134617828029
-149321612642
-491922030420
-316461618518
-202249212059
-97657205246
-308597244321
-201665689201
387153171649
41953135982
-114235081943
544394523631
-47595499497
184787154358
-333172092645
161249643759
449385750819
134665502860
439527903381
-96098024025
240197034390
112801234699
150684110340
-68462802281
353321569270
-164937792785
-300466589125
110731033994
-200775750680
96189688170
628985932753
-305802932386
-177942007479
49513907798
-162270908783
-133861102249
225234949005
35821746509
182759704812
-625384878407
187978220473
-538415317029
160347400875
25679745903
210635963838
-272656656775
-407078302090
79482828520
-53622907188
-224885632191
80311918983
-367300085730
-69541597056
-346463020837
32754504300
-8255137312
-623248417383
-126088165312
321302376407
-39131868999
-270453907563
-500489976424
-409800383005
129084187871
-179823295288
297845768628
275831647189
132124817313
-374830409093
126547304538
325829472501
-236350149294
-223379187474
138317150059
-163951966823
180920214363
-44793741291
-146495745163
53051856651
247591846361
236014806806
-729542680769
-183881152941
75356715507
358814304522
-186534845450
-218118208535
50028208697
-151755837636
427420943189
276067581999
4528381493
587640703374
-376342812569
105263604388
26679372663
-177927159397
-410780460730
246030911716
-403289491149
-215364047534
-123743237602
535645273332
236532392282
221737821224
60750589515
-150750831885
69487472300
302419584298
-337708761696
222027899442
18892550230
415798014944
357267918252
27813193022
-53315429129
-229656513485
291225520205
340378706160
-482854912010
212724428303
-18503580606
-73905767771
-90532846002
-191427309897
-31481387639
315288595267
-613242428845
-88724541505
-45037316847
428753405550
-375608220862
-371102317879
20317900317
17085191516
238335306375
85558867903
-300368970111
-402654003017
53181126815
397671529175
307364923595
136797380947
334075427619
199904187132
347254050924
-146859371689
340066867164
126550014611
116943372853
312121083049
583025522524
161286842906
31098706465
279160889217
-488230892839
-15675374273
-218085064210
-59245361537
-362677196459
-82696158529
461379432545
-48772034381
-623484895337
90966822829
186217108794
-1399990521
-176675316942
-51106847441
54397464900
91336188785
949190490
440207542410
337864050083
158056660136
155213968373
31461707674
-243234774813
-80803674261
569322278347
-100546076929
-302169075147
133622295244
10183020344
-515347071773
271317366294
318663832582
-637162201255
150715092262
-95952691823
-588546865042
156541573385
227073051604
85710628304
-168701286200
116068454323
219257364273
-149563564101
-135420817749
39841594382
-133657267625
-445839650044
606192435580
361211844072
266156751980
-220941757796
-75058700462
143239993670
311913207344
34070166616
-2323247874
-98576541366
177313106076
12332746483
-477433044129
-435077005331
-104391077083
-24345735549
423557627626
182210287565
-338648243103
-327062288912
-157438472744
-6142901385
-117776936898
313326249065
58949707787
199157250619
-49027364177
256522737476
-129227879846
172281533364
222786928962
446963529056
-381672558862
-136465682332
-106083329780
-61378606206
-643074420038
123877912956
-256120983400
-94301766516
-572569525071
267707935883
148997325024
53931669045
-176545309734
224060283363
-480883487230
154331407098
383326527644
-46622508923
-159784159913
108398478908
93238702672
-228772995848
80828757342
152719640692
-49573258011
603167430638
268746025565
-160862290839
-595577483328
-198756792232
-115088291200
61019362911
399003253848
-359339064014
-30761863888
609802942024
38132796760
175995130799
380473259900
198271135592
-182892100354
105762365666
172720858958
-210178788244
34481796686
-210213434673
-6781831258
225736414186
-169725039633
-167769704881
-693707454980
102684464718
163245372908
406371885178
402344135118
18475229017
29693472700
