153407354386 -89769584616 -499436763050 202312477719
127703057516 153326138363 23898131067 -196010923356
437668342104 304321295666 115187956298 726167146510
-615078516848 420975328738 304030315870 141797912023
-26462401282 -383063094566 -234837053360 91869127402
174452514273 9904563780 14180618724 47053606811
-439798744702 40873811989 -160000537334 438324611973
-361482454736 -45970306192 -467416143648 91545844372
-33321888652 -176252123004 432268199819 -97753453029
-178640742593 -435205230306 31298506100 12171298681
45096015729 572287570074 -396265255699 -390329403328
-168875585863 267232896885 427832202622 -192658047425
253622259419 193787954007 -489145254381 -60525793862
-169057999115 -143462134562 555784323966 40224540274
-99397351563 296676002656 27792395428 368852411535
485998629511 -339085958770 203276612267 67600448127
502779008693 274061059311 98520595087 226608597078
37182210381 -438029665945 -84711075651 -479725595401
508140829194 160386770117 72741865140 -447279090234
-170401185791 -403331064025 -382538576207 196537324983
260155026787 -150399217270 35345645463 527410886264
152997140008 -435265718148 238637347316 136542002853
130804972707 26536765847 -179527905233 512365440187
199343280151 131769418460 24534898018 174628280790
-220438390357 158110749909 -94441709853 46094471204
130261704611 47857874610 -22860300715 -119898835662
177165888101 743723071721 38810779377 215889164536
-2308312278 -245334931418 -16434641399 296700918281
-552288882538 -35260829061 -652176764047 152034401407
-590724026390 445255550502 352185787936 112753852384
-133264630413 -267228392308 610419927336 297715624748
-185588258743 96811205032 85667640065 -646500600906
-374189378923 -247084488869 163183249903 115849519979
-48830290321 -555003388311 399719224469 40466584027
208791718185 169321745228 514923289819 -55885994588
67436631605 -178871333208 -188540056370 195321191813
-74997161830 221771222233 70385993192 -576532234685
376461675411 -135038973209 -204849983321 -236430192268
585819671256 262961061693 -213482537141 -50867413996
574501729993 -389974385350 163817982278 -128272201789
44629127434 389510649260 105264660390 516937101570
62946997245 418345868089 278696008312 -309818032491
261656579597 109102535790 415728652725 386301775689
-233389760758 -63440654715 398271187983 -193180475395
-526828737985 -250113124978 -291790599344 246769105026
290362132506 456223989834 -300594558878 -81335901387
-130470378453 443723274216 -74178873866 69850945866
-374960336135 -154093875372 275396678378 145933773119
369306852434 -588273677784 10590612735 -53647055658
-391230500804 64875921232 -187477381284 -487999622150
-104406504584 218120103974 -143347067028 -183977666101
-147712284448 -185058347757 155070539304 -733479201880
-368671385699 71160878536 200460490757 267567561349
-64885963028 -241545389242 -777132736219 31708208911
-135004694323 114725788935 138493465921 -144411529186
412384880636 20809827245 -106090549471 -49924929840
-96144791892 -548440761409 -244914099979 543339371168
-372414096172 -72196073425 -626028363454 -257544813762
91432391366 384006868757 -348580287304 -82530358312
-266152368130 38932619765 -382279895825 220469353148
-212670903714 318018356392 287557950240 429135504799
-63479215995 456682309121 -198859618770 -1337560032
161673688680 -190566784072 141883115498 -100918192871
277415390323 350197503546 -108581306085 78979378536
-669423006426 105148741051 339187561912 -233362135858
-48190236075 254726775722 766989398 570528983854
-540257262036 -372300543884 52287260725 -396679586866
397110997426 149929836820 -161783413103 -669240215168
-274182180004 -79643470048 566510188979 111672653028
267731958016 -416563475591 261650133058 -221891799997
210612094517 132331872874 340842916723 310475786426
-416765419618 315908501936 225864525377 -324310408651
-267040321549 359841354076 -349825338680 197502046502
105641347710 -502106937715 14435833984 209830199306
-239191948502 -273079212881 -318596276842 -43260090247
54994019384 -252622738845 -366184388074 66327950007
206905896349 147470504408 237335524076 -205370467777
311930996051 -332629999377 231215279967 132918272901
131398309528 554564319767 18725640777 337996632559
39716678481 79946342011 -359522663359 463804052956
530737368254 321478442906 1822189345 -429633867078
135677538753 229695217906 513979596521 -103781620804
359057956766 151454243335 -172026818096 -249356127622
-428173688078 439483646106 249045129020 -246493768056
358470635987 -25819054779 270640220456 291033828667
201831833406 249729278019 33387055228 435656515180
310312708135 -313437441624 -59593899933 -187678811915
77323920442 204834982490 -619051688858 -157995708326
-52533858542 40979906806 54783573909 -302930676850
332572075473 -259015201278 93036475042 -609452097831
449376338447 508054930828 362579420692 -3759721122
125686416419 257611962646 -422101237543 -208190090233
268544451369 386192695261 -337971051102 75392232350
-25769750583 -233343988185 219131100152 19099135761
414607722570 -495644156811 47442144496 -151695940207
-267004719351 6024880190 76390182027 -305951533892
257199498251 -137229308922 411985937991 522633826037
235822212625 294921283826 340200012693 -237443618708
-480796064303 227253043480 472135715803 -203104758840
101265037263 190230752093 124067651115 258278287328
275921963361 -151056621629 6863370452 -281367823845
-362556556767 -462681723941 386519516709 -294144214236
468009122278 381106703105 47431731779 -228242383897
-303511386922 -4658150306 182039656133 121814452277
-421333905376 31905400241 -715460647605 -415913258453
-9271087332 168464782963 -294519917007 187820565508
-228888576247 660618853684 158853806824 -318350398847
-370018751292 311548032337 397641537910 -104998333274
27583987913 -33923229553 72224168707 -145564324587
-321466264277 132767440937 -112156117833 599040321036
-11897930827 -121156459016 284748062934 462373397453
402547332784 -461319468684 -367574807376 129672729197
-421493161580 -379178998362 -241446291629 -123183992897
-323846971434 409855082451 88088364640 -163731843691
87863477926 -289628300973 455130633177 135356098470
71205467902 -70887495139 394694427120 -616727791253
210098997871 232072387358 -335694184584 -38335641398
-70705416783 -297714502451 -182350452257 -11276577160
146959045151 227764806247 273806241041 483418402245
12156018589 405069235383 -362992366221 144058580376
-686734995412 -115708939969 -46349296493 269621885584
300642895996 -153265488412 -443753628914 -23187030358
-428964357126 -393198678793 30302828894 59405552597
6873145438 -215851778035 506784562141 -28373302706
-93601103147 -589327359527 237190611022 -83931474062
-472172781988 30103027485 -203937687150 309271775200
-210003707022 295737157662 -27736501920 -501216780116
402487972999 -25742987133 256594445617 599147477430
371181277836 74019560349 383810322893 -397063176426
-130122022060 556263086933 249722591811 303228310010
361344549993 -108371629022 -413411487771 6302861083
49725203781 -111015652236 -17119540418 180533968713
582138976972 -308379432959 184107238453 -110129528054
-917215246 -359045836340 -157819905038 -200811707545
-104688555929 -140010251275 -170027572680 -227914424791
78737460987 -655739666575 -295779699479 421651034386
165370600544 48083907693 547690611141 458760026677
428003766027 -94105843175 220979286623 -273836979637
-137607672317 -304936993900 54425108672 377585537676
-115464073598 52670526205 -246610024796 284469237273
-6584838579 -294977797709 272730463713 -253627367857
-498162532350 -352823514842 180988514253 -359883346375
-391078428111 -89251172028 552347898219 122587364369
-223611210445 -65520419859 492094825820 -707206121291
-480945279174 114811038099 27077059369 -214243734160
112763212899 155277970765 266700598432 163965225325
202396113982 -138363094981 127716286345 236746545825
-544988603193 -139784284405 121144620082 433902495834
371223777591 -207470349582 358674533473 142970583606
258328384569 71192757900 84196353195 -105874652310
-9050929701 464045941439 -292509555322 8470980222
-227092620618 612906991735 255836135632 265357375532
-242302649770 -364547390431 339302125291 279688250129
-230419528640 -384355940244 -503106837510 -48912014076
