# Packing of N=118 1-dimensional subspaces of R^10; each block is an m x n basis (integers / 10^12)
# m n N 10 1 118
-166952595967
11712989112
446529285537
227818290173
47256477394
-104266584278
483321894861
-189543432881
-33356730918
661026419030
-92010794335
305403825361
-718203114407
26551917229
307198882268
320886948841
275227950121
175222167004
-166227127085
224315674906
-95236923731
-64556555219
-6859451889
354806192341
3913377954
-168207384241
-192269098619
564900584137
-638972389091
-261061418884
-224406263571
166046123751
-133455843022
-229984359112
-218634257723
690235589523
-25771828741
288179423414
-21905955712
492899280136
-510471989545
-71092516580
275057276869
-112539994303
160153562759
51523310284
205692701060
469183700417
-103445693139
-587021965090
365784826102
256787475132
-262255382110
589035576402
-235922811327
423145912885
83560972340
-354208262725
68990709137
-112263858705
247911101688
-11370182638
-152700584815
-571798254644
-299497632857
193379849714
134540507693
-402714055719
163497668708
-504018101927
-355062975454
-62441672258
269524426632
745928309238
-199998004650
-188201726990
-264764642496
-80602727965
108413641164
-277865321308
557699483550
79863949944
37868084314
-8682211548
-159126142201
130232074547
-693962668088
-124897639890
-360939140034
-106496350217
395954371042
-48768751781
-24370518607
-452393606049
314522829264
-600555995697
-377331707420
-48604556002
-175760313341
-19037484085
106400120672
503976318263
-367876678161
239697763763
-511660427974
155321548565
286757270608
303391322065
84775255091
272973568745
530221047543
-117337402284
-331112139318
183204683692
-183081440819
-451944077873
-469119409025
-40692085141
284354392097
-146764506328
-319704945703
-530995653738
-481196174936
40718270928
455822101733
-53505003738
51971763251
-399101192175
-77667533953
-63031591993
46861843207
-449275772596
-564650718856
202153478564
-33110809393
-553063186221
177822107941
28810932699
152480808169
271260764177
241832047149
-589871106530
241181028653
-631317531161
-86879036300
-135734262497
-5300345547
-156062787108
224056831004
190479178004
317146357416
-180221641800
160662873661
211021071748
-125519683992
641492525565
76617496380
-115100188043
363330102308
467119885471
-71256825239
-71003822155
-123824499414
277068146107
393154156255
-415774666355
-311883526718
483821862037
227412201922
-432748952726
32346117303
145288794288
73033795938
-351509526880
-405655720991
62723915034
-352577873019
389019632232
-580416656961
260634288113
276863167503
364477307476
290192065160
257959217093
391129600829
255459368904
172062944842
481499806524
-34478308370
-398585446582
39643487080
-23545373201
388845152786
-235733306242
516501265136
108791391278
57892416631
194518077340
-660015929476
-188902884137
-129527166858
-180507347375
8074897430
-568982118108
-499329855576
-364585760128
-410146776248
23536738369
-88332906995
-260775413256
209978788070
222223818385
112982256517
-511622366461
487192816694
-42152715852
149785736822
-535913807757
-188475134045
-218419555916
251457390738
-610763956382
92489313877
327162039341
-140463765143
-26877229626
-332800637640
208676267288
-33428333871
-521800095651
443228162477
-28671200544
-27579024937
370835152631
-77351378908
-318464054102
407664062293
471848602623
-76702207098
402902637833
222704762185
-148172324567
114068601175
-651525717966
-165427525452
532950434250
-370092637704
186390876487
33530512022
-81934718436
-123259709795
-349370626969
176856020268
634651258612
227871125060
-49823424434
395057984082
398102372829
129892329284
-207004798221
113873498014
20116590183
278482539249
-159033867372
-35571600969
-36178289925
-182238618175
-261172481521
-412639643259
-780715179760
157397913114
417463240507
147748957472
459938595745
-91935384495
323908171889
-585622875737
151456870225
264076866266
-136303071580
502333466324
-123668602226
346925032110
234442266939
12454145995
-128887157168
-79437406295
523550167114
500699938812
-95731385851
388918220088
216613963075
115193647581
305244570391
641159748020
-442316106043
400614964
112514996544
195381152509
194458851808
377980998150
-13718661118
-661136624462
-164277242351
-269947060916
514660331776
-195318715848
-67845089302
-72660235482
84112872323
-168777310344
604754992929
67820050418
-274623893468
203210477132
76477692509
284194247238
-43834138261
275332042897
-565799350287
-273060234298
-454031892292
138027764612
115542616028
-284972471968
-29138879289
-503293173786
-399131423559
-404019441427
-170268564731
320420786787
-542187800167
27511667077
219976639875
324920581691
95942714115
402548394194
-227397380188
-260255646681
-397429397776
251792105557
313857709159
-35698978709
560069893813
-398921665474
-270580106327
-341574567757
165526930990
-298489495830
240043647024
45665646576
33130944710
-382454272915
520491937804
151554520340
428602793335
-408294366377
2261273190
-79378952832
447162512764
537075793222
52289274460
-112421074694
-26319876593
-135709864331
190778894131
-332885440566
487207118733
90009232866
533277865061
210515286293
-390895494849
-504521030356
-73945128413
-643135479129
-125033294520
102165231532
83708560458
23302593212
-309241388765
-120344254755
-550923288470
-177733900974
-193616689915
-65934491092
-291811050384
-143307886360
-229958310769
506601080231
-439727589176
-107816304641
622349606563
-32088567410
-21294506449
-417905519695
-88176978293
-420433891580
97408436705
-255765347735
-406797618940
-695391030496
-180092771755
221150771192
-221282389963
298820953671
-86872921968
18506796153
-411027150272
106301270594
329693345007
-435404974657
-99222555399
351513704437
-154017466030
-252966692799
-245943466008
204413593586
-59359424465
-691236494858
-75481400468
-49785386243
212672543551
-47305862349
-201914273841
116314545454
-819705766961
359776503228
163487973812
160374321394
204818444606
-193976761651
122587285002
-479083819999
235488713500
-65048828052
-327824787624
452101222051
542973226361
-94729587243
-206105693974
190943157604
-192351981067
83746483065
447044769671
-712592085994
3578439674
322131897013
-159905483330
-59304203661
281110172233
-164700927545
403804567535
46190135659
319190139274
23547277167
242862168780
-480233333713
-560898937140
-317677617271
-10599705948
-664266580265
2264044963
-279520610371
235202512295
-530648654924
-223709113223
265408885428
-144849710427
-9672456763
-46283444390
-53407855484
83763515701
-40337670532
5450318243
678472288210
-298517134770
541292779442
117845487436
-105632068668
-347841557669
373741338380
83600216182
-352225582325
-177169551743
451527847586
-125262108042
11285889548
644308190320
-234341957914
-90177288819
161527721530
49403580700
-624161833221
212330920932
-308054011213
-131557244863
211693109286
-199414556778
-522372563611
259129025141
-191710166684
435494514179
291178333801
-64130902511
-435124464945
-239982293003
408498179353
-95312386532
491812104808
141191304382
-174198020353
423184674603
-224991384348
153265420469
-80727794537
92040986507
778361614981
-216965190332
-164503180851
-146587362122
-260594284842
-116684679007
-589682178432
101542947896
-127677213197
401952439781
114858528286
-313287846056
315613858904
-414268227131
112359521219
-141881685412
-178615927306
-25039480089
-327106666206
-425719816661
505431536305
-561268281771
242354275497
-131375226151
-85036544552
-33854439994
-153728140181
-308138799156
61739140262
109758807930
-314380669042
726418824354
480108805991
-12574019342
-115372037821
-83500567365
-650519651799
-199160177498
399023321613
-147856784383
196561954161
188741528412
472262349209
-196222887886
-304622786454
258569531890
16704102962
-775081442408
-29364754826
131223654703
50200826873
103059220941
-367906470807
-269699929643
157359937597
-129399333148
-144340475018
102875178194
-29752736604
-37732550206
353461129221
195124951830
295257774427
-821329134310
-487935365499
-363019831857
-152601274059
-405479604935
70288699087
268909183826
-476384095728
77473249862
-282977390087
228390142385
-439939415996
-126556794598
175987151462
17722755044
-300626857759
225891895336
-602246886240
332743558729
74755362024
-372477524786
-294888707041
621645970543
101445048834
-41759651449
311051191648
-259659844438
-2957030181
582666216713
-96182768460
40324975273
-330387606821
13855628330
624682266446
-493017668499
-319740336189
173173898696
-107355430658
56224942732
28223321607
331136867509
-134616216616
-486927778730
-357375679850
681247802664
-164868254530
208027314554
69880962842
-108159153118
-235947358372
-101262308373
173609269272
-92510051129
-92086456528
60196261620
-504879684024
520589085066
-92184698268
262141020275
516369882671
-281829606339
217456583625
27363977434
-391554972431
-490938818086
-38846457736
-339384017126
-200543610680
54100326258
493791666790
392380266835
67131159355
-345959664079
-452465601469
-83350328637
-232045529570
165240379090
184352749132
600276180938
-331013750670
281239892539
197552447775
668121376730
-268146901515
-351973419156
93099996710
381399420398
-235628857742
318888302609
45204656995
-73562975241
658348687192
62013564794
-47839526668
-227196309404
-522870672410
-8021451625
267153850746
-14320694979
378869937872
142294640401
233485404075
-332193505184
324524598826
-220995547145
100000483694
393606749772
159708656228
216924270383
-377335471691
548730691450
379175875308
-160557846657
547321378641
197943416990
-114805073101
-271701271629
306818114223
285929388858
-318726145730
-356683940205
98291168497
-578458665834
-46434212384
-523111036984
65307694114
3286058906
60746460223
242705065749
-284786684355
-481609691528
425106488812
102701381090
-341096204211
-156372553419
426574549947
500665119776
250694256185
-55266488969
69594835819
-405661260931
-61545251812
432705343701
-377492393918
-37491817020
291319198456
-90787403197
-430665106614
95093215780
-608298518481
86143220315
-7796173331
114562969581
432547145434
-385329824639
-158394369641
-441810331101
85839590285
-588135709236
-41748566238
275569053740
-261792346844
370631814742
56568104924
346016712198
-103894166448
16711049865
124167773372
497220001139
562815635505
-284058528064
-89919427090
-239796236204
-144640950912
332769897733
26870106541
159692163131
-633800048560
-450043093239
410273978807
-62974896676
149490846211
213305577118
92052995277
-329913247786
-237856866273
-13274228620
-550725499563
-148598151796
611027947707
-243617485460
168730038580
-580640890106
87829722051
113911463703
459140311479
-475238611848
44075577800
308517423628
-271291539656
79436318094
-192459702538
-394935974264
229489238897
350548132413
312770803932
373152655381
-49205790796
-398844901635
-321145757176
360186052552
290472448929
498905337514
-637284988626
-128583611272
-56562369087
-48733432820
219129971968
-314969582946
292624110945
-75009443563
589588097937
74124016895
-21648812330
304331010356
266750470961
-200498730175
26152182435
-14548980192
-663287745380
40045883039
-281352095390
297824042304
353493865646
458508225268
-367733826693
-169690735903
392120622450
355735589962
-219387380079
67035843827
-577568529905
-95641172146
-395694237181
535698544987
240255324081
21916398061
-72460122718
86212730309
372391183157
64492264780
-150779311611
29491256601
471240964354
16216432163
64864294008
196484990102
247951514460
692599568194
219308222673
349257649775
-97584155664
137153244879
162036907141
73734093133
195225219456
601638957140
310728139161
-632732614226
71447528893
-194638218753
301716796178
-354154223116
-29633747481
54809258087
-399185413582
241432907827
37271124933
17226499209
-723544904474
-191879092594
11478657951
-338188267538
128255275411
365892000697
692579441293
226946092383
-316954548741
140509072367
280560065100
71293880544
-10787879671
-162087491912
-218022649092
505541785502
274442411737
-443637784613
-509566769371
-234940616508
-276116871112
85298655737
-270871085881
452946496048
-364033363251
132161177987
597334173887
-98176567450
14010071766
-444034498956
13776269463
-86498568554
72998318967
118341959208
-153474963020
474268452157
-414952475559
-285045596634
189242478569
-96004839589
-363680216482
-549046266922
-39468941774
-182438235993
125815481218
253801002640
-469687190899
-631620527813
206763406647
260267773585
309994923816
-242438006286
547155627632
71223693229
161794230680
116241737024
-112590091222
445401949734
625141130847
31377725198
-229755403625
-15014129604
-538843691998
51483066910
-28275765736
357143528198
-308651508662
274462259416
-176052896369
85972642766
-540874039379
277704917156
-220262321592
-58299752932
-460359362218
20638622925
182961920940
178293792012
232627354984
25783160416
-518003617379
-589370178502
637056582582
-75107212626
364392755969
117137178268
-71247575337
307061565650
-42011017533
-239252846386
241034093647
-474918215672
-25735572380
-444798841587
584614570634
-278632147581
-132631514912
355287876128
236056933613
-286181757520
-223633735645
-225002411852
91022912739
-84861050388
50175279476
-379365757256
-414909369758
-287584586647
245523276022
153392513434
-90867635984
700824475834
750982848853
-535862726409
-321932034670
-118449722865
71562965858
-11617446181
61179034511
121291593255
-17384294641
84807816178
-509775700646
-584842887698
195841923634
231284858745
104792984986
349790012711
-22790133734
-137847660421
234027876719
-314031446432
305857165691
-247884575839
64061337235
-3372373693
-426973087027
-665588645798
-14347473284
-155903241135
-432275250935
64819578875
-43413550445
-187565916393
-746829939346
-488506244383
8209919555
-247659940068
-145060261586
32639417879
-288012750645
-8886912986
232748890518
2744100892
639342872816
-253305671011
410273329553
53166400514
534684171217
18253574723
114605331245
48905448681
-633320087262
342465808062
-481224491581
-145188087287
-15986427940
131182909575
-127395749640
310114117909
68478098948
-307265407360
454813276161
-16656552183
-11922015965
322812034647
526797294831
123987655871
-170967922343
-604904475969
-3861044320
-21794657363
-243345432217
473112047478
-256643284727
56047239289
-221682327601
-572059614941
-205630121500
-386417852378
-188349249264
210873710789
-36884060534
-665217962401
-445531508029
845626307
-32698168262
323281625581
-214219790026
153565331290
377219139658
200695541711
-206668809857
162372391935
440296091759
92658786591
-569501497891
139983240189
154106800037
-3256553113
119281366111
-588695244866
-511265226714
-552685695202
78477721850
-22487296901
-286197159985
206242373887
245644495485
118119617708
-9015574197
477139900790
-383198688130
193117491564
-286892967247
-601307295541
25041608584
-369397276081
96308395617
-385700699975
247504571120
-124924305284
-314481856082
-506503660260
214903676557
121919531411
102662010744
-309164740957
-85035412170
298928969248
567242812468
242962874170
-489597382098
-39817623128
330192720590
281243561919
1709241469
392187398169
-387424252984
41689082779
302959118935
416113146299
-86319524190
300131331395
-21820652168
-2707865813
-330944600168
496998079329
193406712899
502424835888
-402690481217
-305710214172
-270660588184
253696925694
435823344519
-336961847159
111594552281
-233670608800
-566565048277
-156727024025
-381301466581
-29833234948
-193280951451
-89110862169
-370441442323
325737628365
-38891006659
185301033612
380084756220
-579385542836
135230026631
420810753914
66524630937
419397364955
315117501047
115306397653
-70347845098
-673913391112
-413979140200
126504105032
234938427147
-73481693309
-370287707809
-325764906493
-169205613839
-144497289285
574787289947
227534941590
188283869525
514197336786
-63180624799
145808595144
-534923023288
-601496322910
-312274509789
56341771365
-86399966966
-223945664961
-82390694709
364443311406
-94722851580
-212540773633
-223261122813
-53263423845
-582401284081
-396552550847
-358989915034
134448489958
445804373821
1279944424
213407817189
244204970215
