# Packing of N=106 1-dimensional subspaces of R^10; each block is an m x n basis (integers / 10^12)
# m n N 10 1 106
451912426133
-91393908191
-194038202605
-217605654045
103310785673
621017471863
311831465133
-85241280846
-363745437378
263187703538
29919673571
107277114661
284619398627
12116889920
-551146825680
-321150734299
209098960631
-468252089162
460764023028
-155739898071
333425030718
196340676665
-527265595290
-20460578900
-211676068262
-143687823266
463897740284
-331909336905
120301748123
-408117708407
-101916586521
-138792138389
594972463439
-321987352143
346501813012
-191832154368
311401830374
280048634649
248817467890
344252977614
335587874257
280396952473
327525123167
-189725965641
183198831474
-217142115330
342065158657
-203815363839
-506567518998
-411846139524
-293072522655
282035217815
684990986125
196775488749
19236617104
-43923813743
-179827790095
-234670567726
405743433144
268879148490
-84014406903
-99925625610
388473359911
-247385617402
295953882003
-483159696597
53527142681
-640667102476
138135928373
131955428564
-242639423400
276604358127
9119163858
-49184318535
-519368238603
8318961963
-3718078263
478881568591
348230276834
-491625471262
-111668049044
181360641878
-465032531105
150184125703
277649914440
274820851781
-113245754232
277778230623
427878184495
-538652926487
254516099966
242009540566
50632487379
-196469863203
-107611626761
299102775330
206249028052
-26134998344
780517840646
-286384967318
-296308771342
-112721521869
83787364884
549911942098
290608554998
251188482096
133381969670
630644594637
158373472370
44011440025
254215683826
-193919363952
-91748695270
-202831154216
-378040252219
-346362285809
-576586456894
163584892056
465614444889
96547037118
-152223638789
190689765747
-440022212124
196058396647
-10512729534
244494342928
626711758127
209846974999
-13275888024
459934021220
310049759292
163229448694
217146308659
683267320336
-305410338694
344441532770
-12622941887
22601900794
-304858410372
-240196303063
-245620026871
-413732859236
-421212532809
229241629383
-564817122841
-326139724415
-79493905563
-16454247228
245630726484
-214974933396
-500350529957
-19936008686
-52327570758
-28918429068
237741730369
-139721485289
-486756055638
-380687534960
111016702453
524838130779
-124885652594
-60439757428
395688402663
590063989066
203315546185
-424052302351
11603689030
285793832378
-322364301646
-262900583213
515351625674
521557260413
-342990969694
-158192827866
-102847003191
9981002400
-60385769841
-37019461065
-550782352807
25840696787
9290731431
-228961043789
-172634858529
-365323028441
56654798318
170478366700
100472697115
-450082785713
-248472377168
-691047302641
72229388553
-197344432974
-259680361850
-240886925886
-384818997358
-318225121798
-542757396619
88677792185
-478410103667
-222933241662
723105507551
-317074187099
-210718687559
-211042273197
56665558634
-360563920730
-113456813902
-115824527221
102945115410
-342838716427
444911199775
-236705630124
-274730040654
521161478407
326438218113
-87571557991
-14538251779
410744751250
-13005632191
-340023736292
-262820543812
67805407537
145487577549
-522573056842
-9902634809
667205493295
-121381511803
222420636483
-309044847348
164633509432
99853540684
35981628703
308856758400
-612264250221
152662092589
110813490896
-555390461340
-108927807530
262294725582
306213788642
6560784680
-75318647002
68562147599
-114373352742
-395662300266
15586417429
416514174335
753901625871
129395408490
247215579415
-71043911301
-219606245561
490663433748
-124737723405
171089680682
587575235339
15984720271
-421800511366
71004025543
364261807477
-158621176547
13803354602
-232500569458
329606534561
173245779199
-191600269307
541621816609
-619518205092
57253674875
254542849373
722965770886
-254030957571
-296298341030
261594742656
-200375387846
197780910431
-318033645169
-23911556860
-154997941106
227057574409
430811898987
-519809268858
77258199023
-199630884169
321726570281
411452328190
-110466238146
201632162131
-175644606291
-376653370856
81542630643
76094569227
67590544950
410303112925
9978233303
434120829606
-160698457900
57003281214
-443066790459
633009700237
-425549418227
233484010685
-164871934446
-362743591978
73698990045
354659880303
182774401170
398201946607
498771615324
183487528252
303084538562
-446426574535
-175569905596
256231725955
79754781355
-70436790354
305984858898
420201651837
-351912472340
454975680716
-423435760106
181173705841
61606793197
-224947475304
351214038957
-236610017352
339260960396
-127542946835
-334907851574
557330609879
-97347524529
-121980639795
635324218955
-28229782557
187955245603
299921140888
236749312642
469105924412
-349797700881
-217856597723
509572138076
-297651910145
78581564466
-131537985193
-399993361966
368488234108
249475082214
-462144233387
147147801003
-187126748298
254155675588
103321582732
214115703642
612451932368
-322375963171
-143098471044
-38766088135
-409931135238
63342320957
453678972627
-381116729647
-527738782662
42395619031
-214187234618
316449367176
244269206404
-429212366575
-209203415090
-354241226676
-123630244299
-387485351493
221423109488
-339339980132
-1976911262
-734707004717
346690255415
-15030900174
-60058899348
76489756342
126487867057
262116935995
-158968779676
-158066185569
-171937700994
472216707556
268770513478
508836387918
505063133175
199722905887
48553700182
-199268618097
211718483748
-647519120607
53724086697
126877391079
127364751088
-75029241915
-332431993494
-422127029640
408226302016
-28496286195
-139952313792
12505405825
-315493883097
-461105408876
483980194806
-527364484614
-296199052695
-75611371753
-247970262420
-154298436403
618978473058
107418200264
322579064621
416786303986
-306559109958
125205769620
-324315882992
209186203951
-212500032976
-16837693058
45281803484
-38256567184
-241102091185
-220197837037
-49857665614
495506671742
215300049488
-761178811581
125798396463
-202571719368
584194108234
-156502341493
-85532346098
-46334649182
-34687419123
-577188462124
167855390522
417406699888
216731987688
189554498443
524030253744
-87029216493
41377695648
273877630170
7626560642
34780962557
-326371390875
185532491515
680409994621
669803926640
144551421711
-112037946906
440413668747
179071019916
-37736579601
446825993360
-180244118749
-218668977785
102483525643
382567664120
-88714934978
271500193514
-253868767748
50544445261
220125953012
-488229288304
-119886444369
-618583466640
145649090379
99985124636
229746671284
-306127474804
396529067808
-551933970065
-209774114781
57616168998
245745043868
-377326745336
362695603272
61309215716
166180738863
-8395758240
-128583083866
183726933962
-392602025701
-37696343643
656647163715
575368509927
-21764027307
-501251268868
-228937635777
-5768005948
223360594787
728475033355
-242698784209
58960231786
-219177056393
-26175120975
-68065388922
147818888370
226267937209
-135095547693
-184715538538
439457740943
-613979077275
-461720754427
-134443427467
256137537210
-87297296731
3278036801
176824190163
67796793521
321793450015
-126439094996
-252726278882
-68078862631
-207538626630
-65780693077
-853629604173
222590202561
-470858964914
96912671898
-11519095006
-145628993801
-17696027171
-451689695799
-628129236116
188793752405
251965729109
-283697774098
-168699921068
153832683558
-331616266668
271541113389
-621041325236
-71056490043
57706189657
-392761507775
-367905601684
235995471237
315887461658
306585409047
-12858690339
183017900512
553962383282
-213627273
-92911078867
-15320389029
-633343656819
-58683024511
-235794008249
457247370438
-219546960655
-518987186059
254495405165
-91322660484
111801027791
468883755271
329961479522
381365461591
-174613496700
74796781799
-776333688558
-114226866950
-22666134325
123413084817
315981321402
292982399851
-36149059992
448551518772
-364642856119
364232452976
-236514240671
-125181570622
-341391998547
25157747227
388936957825
-427758844987
-100655032068
-71562080303
107908121052
299919508617
-62395665757
-282316195920
-614545123499
542876568064
262217510742
-77101233287
-250207994989
126838735585
-402814567981
514119425380
262189622679
30952390705
-550196075821
-245429417104
30434120913
193439122148
293829672380
-389021892190
-347944424462
-215613864425
-244393369599
-97938877502
12430152535
126281665042
-645839397566
409538842262
-104187355918
254188302331
351590884748
-433021197159
-488342113102
-199799936774
-9037391976
-356380909775
84084040156
172071522741
-426730598053
347711591828
274242207686
735815965800
-283684988850
-274528773596
126326534445
-74711951376
-287515469669
-21831498119
-44016768202
-353517539133
-212920701592
-339225195809
-290698645700
512882042276
464666885255
263847040159
-214742799909
20267771483
187101233185
30791846839
483071107117
491632417593
67892886425
-121881375067
482071292403
-12124143288
446728902760
263090219169
56606697489
405701231333
-134065510560
-644848478643
60103395555
-159714132828
-724380101
101134976653
350156941418
480301004632
94628854371
-396731853633
419426843717
-166457572589
-134227075521
-149478081071
-190187292438
265200172354
-510099056029
-423984877978
-228363021851
-9119186820
288157984027
-271081214732
734406114339
-268889839645
-37648115054
-240101720287
195518132357
361909284988
-58913646612
-474864170264
-344064040672
228465432870
265405241511
-179881469268
-430516617463
256626658533
-405364953280
-142494455500
-255544519633
183896649600
-106786132886
-360011705570
366709375039
247423828310
566704144434
254088445478
-395412348393
67120305672
-287933001314
226396112885
128952896624
329536140368
295619891355
-255356037727
275649901675
-742162783504
17607651909
118637133426
172484179566
74891920819
74982932178
-185122828019
-230780356887
-458147643589
3728227635
-492789054604
-152300007152
-186180716048
625000767158
-151789872024
485662515
-528345248453
-391355193918
-120660436752
-93530651071
-299899986571
612211024827
-24576334840
236640547514
708488540319
212957893824
212482363696
-218444388540
-54329040098
-331782316278
-200520696275
81698031312
1587445476
447112323693
-329904552094
-28296194164
410586965466
524249083016
-554423370059
-105225702786
216992695578
206826279075
184297996784
68243253042
693025728732
-52711724984
139430192411
-84107577479
409136355379
260650834356
-85452225635
-306563760473
367784879483
136166794036
42342590935
-464177544493
-528716872416
127478438191
-363039502026
226325052418
235798846712
-329129360981
4884045730
374141995964
501418258299
-381625812890
-1126481948
79560431572
-559120512341
-375219671900
251948559120
20377781889
138759786504
245065663970
-203154810062
-213234697016
56180939662
515782081783
-415297242806
363917669363
-139306472887
-462357039900
278756488327
-168161403996
83626456906
579455746512
259559016605
-538462101128
52334345712
-345584909444
151954550155
-76992223628
375738218904
86950133718
-176377461017
584403671686
-614340611474
-206876789092
264660001232
-250194522951
191884779404
49258850761
173557739753
71695463270
-509967365104
98818150511
-523816108478
-115516838171
102252864101
-265212398685
-388492584975
-151210548231
-43366605279
-431249068050
-49826075799
147165201229
-356331619538
-475826282021
-583697841333
-429414438074
225872583045
54449136384
192206105858
80315895164
-148276346560
-287469909266
96569560731
22204918663
-5846375184
811707493839
-90877426769
184122789108
384636720547
-191175017270
552546249260
502563710125
-6694341029
185629706917
-173084755643
-38205422128
-267808571382
-449169741446
226776812668
-226491854570
-128356189151
231211969302
234293713886
-677694045987
-396151268055
-85181661815
26068693348
104408633422
-298292699572
-388782629255
-103928623528
102737195358
-22202151146
50414372337
10391475715
292311658755
-144835781251
115843182572
-790835794112
-479830154438
-25514961303
-271821450949
-291162855347
464251003275
76712163175
-352607199079
-692547239151
-123202475451
-10904580761
4609995868
347739180457
204229676016
-527095085308
225711063740
305349395473
-321248248953
-247260034061
265551550467
-110799378221
410149540015
110103824027
378745651205
-26892145431
-326355597795
313071512017
237746202964
350571186536
-657948496877
123318769200
-107966601596
441618980489
240371524686
443345048765
583161457326
250091737160
-75059307873
-39196623072
139980515815
347072254651
-28146792117
-444261067919
65789490136
472002146612
351323822782
-95001769599
267031686181
-375766218172
171245215334
11005797351
-448454938581
223146
-547376697218
-538321431831
-289530180960
36038805469
160988085663
-380227053090
1568869439
288983220932
-267317652297
108962862353
322893448547
347421435456
314331275708
380199173475
-292455263807
-481333070757
-143933475159
-279773796238
321881764991
208505179032
-537990080800
-111388268003
-298866730353
316882718486
-291514134973
-471045224886
182654144505
-149343922247
320029215617
294551163609
300871525328
-158050202766
153372575462
348962757406
116216147418
-685440040116
141343903867
-183448324793
-339812138046
-84620372928
656955959077
-25053914856
-319518408524
-237548466541
67643844793
104394773315
329598041963
-170355919786
498968242699
146608173229
-179490357980
-478912226683
-40308395713
552530914897
-161057111332
214106921832
-245492672678
511108547518
-129373059850
458529143450
-98297849314
243061441536
-179323603579
150431834568
-266176352459
662875491999
-192698458819
326913819859
-109379574263
-115603286932
-592275808459
203190493646
-498829037312
-397586310809
-395710493434
-58207622742
-152140171629
31074983392
-59719165047
184943774577
-785064533656
17062508839
-276644475109
185445812443
136550711388
241749175444
-132135282473
315587759074
210028347877
-10748278843
637153103980
95875886539
-18716569486
-113522386374
569625878517
-246610061216
-373176939981
-166465972649
138666709909
-225880579895
449752336940
-45411329081
-492303069656
151007347739
-219567040851
-452843546104
-125458653346
-440801060385
127085276713
-213267844818
-351890093883
79789733400
69653290178
470316902486
-131303736603
-485709823368
433645074285
173478743302
-356337744913
76553695793
-79011248214
9973240922
81683601841
-793740896600
-106207175544
204352146268
-188671654873
-392126695185
-329697383652
561648414016
477646000329
-134740046643
-80238682493
440628687351
-113531699674
164974079612
164703945198
195055254788
-363838913794
