# Packing of N=115 1-dimensional subspaces of R^10; each block is an m x n basis (integers / 10^12)
# m n N 10 1 115
66779329460
-432091118425
-116034592512
-590654756559
369834124161
265194782199
309084286414
-336302465723
-95606035976
147044917814
-67161510775
-639798474975
258465698313
-39744906799
-341640707398
496496237276
-9754809411
-173422092860
114981729510
333384169944
59646780197
477039157729
633130255564
-485787861234
-176170643048
76550466525
63108044964
-170936337642
105570213272
225364462105
603041391592
31970119957
77308663273
393711302712
-490638523902
240159347614
-6985747120
59378481595
-413368133228
38513380350
-378215111734
-256368668067
-18197604409
-648432580691
-332349017758
-264202187523
70773139644
244870944143
-301648154945
184963724345
-484737234600
-301085016505
192530099015
177712375393
-492153973896
200496121880
-62968689771
-304512257843
-448799247105
-158746132717
131897644947
-523966278372
-388968171938
42978389132
-384090567767
-227900723904
71398592298
77846003777
567010446090
-150983642187
-168654282599
633406708002
48095986399
-389107286273
-439370816749
-361994906099
-54391844340
267110907565
16080592732
-134095672174
559502457476
-198950418263
-430673893166
-91643491389
115027176484
-277639211313
151397094927
364485339365
27200687287
-454611808075
509119530195
47583817426
520356462399
-221373272132
-8289002106
-410289753896
287518765471
339865876289
71779375512
216844616943
128448728883
56230788450
595148138063
13762058888
417610665781
-224103570557
355628464144
104837126683
-157735285727
-488860302601
804601996024
-204387654713
-130412255529
166575343184
230126024526
-36031937736
55271299869
51212590013
-124035936448
436769694518
180816552377
82661975364
384934653582
-433466062419
185194183530
171383677627
-100872967150
-462095559252
-365373472364
-451143182547
103051155597
-212799969504
-95551026381
441524751749
498682127
-28393317237
608691008438
-13401389871
-219514246184
-565990505955
436448347041
-283775921027
252210728572
145308388492
-82343103145
386779818057
169963213943
314766199982
257406564605
-541901170970
-196705719621
189843976282
-236785934367
-482710612698
187901095618
676193361450
-40899795005
-31241785588
-275203560551
-255458184975
-413000237572
-421972188433
-126158751985
-24311659714
630556256540
-169674739929
-8255714904
-127316724909
-358332758639
252571588345
59553847777
25820944446
-119842847203
68072613882
-355859879887
-820184931943
-102740480255
36511886305
-228068996836
-336966854623
300158089787
-623802994474
-394911086731
-290813765319
-233556348197
325933258297
-192813514728
-177213947803
-76287580940
-212284823498
381244048965
-115085675885
-20656164584
-80561258479
-106160945910
622740082122
-543386379730
41266171643
-159221342642
336293059640
265919282344
-90740141610
-182854020713
-352331448700
-700958417821
44855944136
-342296451267
373649019305
-99141234705
59295240192
378013075976
-286318184547
88732683867
66847727059
198114353857
-408481149070
667748873509
-308461350742
108720799739
61827034294
-639223828794
205301512401
-370972210241
388201107194
218580541915
-313683075931
-223204854099
187009016902
131743279887
-112250206191
-20207895393
-145693185526
-331845571396
326274975654
-596103136970
529688720035
-104762153278
204849525880
87557305010
-255488717854
-111362205187
342719977830
-438367259669
327273702676
-148268144687
148262428981
28913458960
-7918746895
704502499606
-172278518830
-80942517070
191877651434
-239228159042
-612907355585
180581783265
-230808793316
451026556590
411925049237
122046368389
-223295187379
411080177948
-78997233606
128479358281
-115395522571
476361126152
297972508183
616239317479
311076961433
-8797309326
51427124290
-378528400914
264504874279
-264460096058
-327945608936
30151529853
322500823784
534048862813
-258723533654
371142852357
-120237218319
-77441019807
-431571651656
63542428945
171471685622
3120462762
-466822456427
-219539273775
-612678900571
-362594962620
-36436804576
-324068406838
-144875097789
-326072087355
500825511091
114849370530
495677968431
473341080487
68956711298
170693754443
3388864729
357709888732
-212749924521
602545499951
268286762466
371279246143
-213058792029
-131692765264
-414705726000
138315294852
6705730910
108252230818
305212352885
567017993000
57681833883
120190836940
453780442722
-533861836394
-190571317026
126735023785
-111982564968
-118450749711
-444667304245
-111984381957
-220989074983
-59811557822
620091829091
272253424437
507965759359
-53977026929
-60891519731
663225274403
-179513791939
-20936439750
-244392313343
480275677817
299938874304
-140415197881
-167536623270
196846155185
-246129406618
15518865003
-187309983894
-224668302153
91018369162
-152527078003
-177927038927
-591391776303
511367433498
99950315260
-479333343196
-608353741519
-236826570272
-280984858461
-162932022553
-77681303166
264802628510
316013906228
-160098671320
-119403562682
502405379091
-697820341302
-338674785463
128158274202
317526725813
15040346016
277814007613
-206647498407
338557933445
-77933369374
200731881655
-142785737709
-443251679218
105824012538
-377871383711
-284174753793
12385962201
685641941946
11658658696
270697609310
68760325795
-241598329558
150664359261
-296055325108
-46398440307
-752613284286
-144999130153
313398230268
-212935395417
208494015246
-233768552284
394991102508
-41975173575
412636657207
-453772166401
-79982951990
141813193425
-332612425159
284354845937
496049339220
-44497401203
-53979355877
-160160249573
-84090148217
-463796979445
-296223437029
122914297847
-339855741015
-479748712609
-459640869720
299114362909
-371658452684
-428923569171
-387747226933
-379558081693
248294120171
276796525383
-445257154305
187113605411
59610136273
91636386188
-253352321907
264916526215
731971816005
198203505555
-160467042872
-240169979085
-180192490960
-217654139594
-261348611470
-242873259918
236773435205
108801370649
-439742380657
-529654806578
-148165756434
156511109310
-90239915180
12074218219
480081716554
-415904705822
-486628725135
40238036238
93641884506
50500285693
-486983153717
376191792022
207526416516
176321724235
493701677295
231697078925
232071888521
2128931220
-23599018705
106388228951
235078962491
-433369379773
27343674076
-277895588540
708857867257
-332773930352
-68110762148
353907581111
99743750558
-164573865829
67459883650
133572245489
-26431028495
463585718829
6129441099
-771386223845
-311939237084
-511463150165
560577774685
-50088768086
460603725639
118452031039
87637370136
23171495334
266014681653
138474975379
212984955734
-616030292926
221043845106
-343468291260
176438024907
-55921041207
-531002585044
-187241404481
67770213358
228997397564
386564141015
-490198870828
101253751078
246199422780
331369396398
-81144273919
-211669835559
321644824633
521961235201
48100316266
552646153735
360286794904
-205823611944
-2339350770
-73147944865
417602798514
212618631090
-189948334550
355983882748
366950305025
-70704484913
635868833742
251922629920
-120981289324
76059593515
-95810080296
170261335400
-378500467531
251117501745
-512146521094
-288087178634
88868050362
-239339956168
516380153399
397771860496
259031377166
-190473318104
-152898815572
-54128160326
545223322938
-310069198
-337993386845
-340721131635
479927855554
-632667343103
-248956837973
-11727837506
-117284683634
-198099250435
154773097834
413993983848
87050261515
-244049607485
105683661191
-9317063590
366089359764
-254058096817
-70884603052
-347259861088
-652712957213
150279504352
-165244935486
-307962616159
61380554980
117978842539
335651366545
259288145552
-690741964362
122569557913
-406869375788
-154492161
128405642630
133258783238
-404371347901
-347940805757
-629507515549
332764459705
-362011643579
-5137036102
207567712920
-270534822388
3728938883
248736892916
203349274728
-12464274890
132191623234
562684568504
604509413771
-80663448991
342627939733
-135778414637
-56806505494
605574833695
295652279500
211348497284
-1214199354
-353821911652
521268980672
79706560235
-276173859678
288642140265
686200985229
-5380146639
-258458322569
90165613782
-36679174599
454210487706
183942054217
-232102815634
274764460976
-183081211903
49467363898
-184520699284
-480629875055
-290150874537
-92136074953
-389354604085
-18450774421
-408019672424
-536551214994
73203626302
-380295615210
42219137254
-521812847942
379017686372
-122268191594
67176963170
489968024620
112410987827
400154736755
362159881321
72971029367
-344556983826
-186873625887
-342932524182
317013024750
648359998227
140210660114
2883674241
-227455877014
-308291606038
-501374047099
-272350685485
-83131620100
-37677334095
-613564907165
-318749213846
47615315214
117571860994
277347596926
-462327268355
584097237467
28628389068
235379468559
342032701577
460748006288
-71176882254
7160067983
180970211016
-147370650322
418908043413
399129756116
356333911875
289627173632
84757895336
-135101269984
-364944697492
152159461778
261421197905
451928425490
549494832518
188348963492
-390255256252
395042141421
-97649211330
133194910871
-248295508564
462099484159
226589235627
20423299591
233211074464
-225520464304
27788663138
424346223922
-461026497315
208420729732
510294608787
-316319337282
310922453166
28200581295
485694728822
262150467369
178797592035
-224879466441
265597540238
89510393663
-280271609814
-526012119542
-138675323021
399765525235
457648415901
-292010051930
44232758137
-6999817575
-361863687647
220351869998
239203279901
452628353690
356438510131
366937597452
-181060156961
67425617109
-808276725819
-264512683377
334264302357
-152098232378
-69833042576
-66245932566
-281485608542
-126597627133
-275036790587
276907080291
-385855785895
48230784183
471376531272
-104899179301
515766940413
171568835997
146910271762
382403758282
25697347588
-298844831884
576457487708
212738381661
135891753621
572459909223
98986781883
128318633220
-391207899950
-83582095244
25569759887
214562582753
-163733997506
-256021461327
388109189676
-126044408099
594964773351
-328184256353
-387762645950
-287035680181
-380424329422
-357642980497
-150807014160
-544227330151
-328298975290
-10737195701
-145042192456
-381275773606
359069473872
-72165372137
240133516925
-105626396042
-421651733377
-6403421260
623722258479
-204449568291
13934601212
-487306737549
175927320394
232177167516
9276829881
32745929980
-119538974033
-689536894009
-318705524112
478846362951
121103901781
29477979337
166307321948
367465192838
34478766159
176665718195
-324743795609
-362277868431
439123103213
280380644393
-72698971298
86026588982
-308277206697
593071408705
-370469574413
225351562967
62781334477
484046850814
14089244185
185795116459
-118245783859
261441845053
-578750127843
-348887046816
-89758732187
89513400376
372128882003
-520784435714
-81128968948
257457741678
531830631393
188319943166
-398599100652
-155494453183
-423638817804
85974176453
495107937743
277424657374
-133831599128
254833191559
583908875703
-183559112049
12960151878
-182701783721
-145607770193
-320029146569
66472528273
19269511712
244870657748
276687304661
-603174579068
-154894174184
-554332885674
-199938945065
-101758591596
-262181339286
464889499861
68346344963
-368750672834
-420345017093
483058008784
136900273397
-351887492540
-107397114456
110851183660
-714029515829
372526283809
-81780344236
-4097337827
41415146192
238295814909
-329630343960
-80907536118
-398360286423
-72898057929
470177277050
119725744153
-80876530460
352344564340
-27441065443
-867976394
-383823075508
590605150165
362917180820
-283183458046
-42659451077
-184874384621
-410928190513
-225368985489
-166079611377
-208565582903
542150099119
539894385892
87526494703
-465823539534
52157789712
-244001463901
163985080271
-13622943594
-249720856179
114038163462
-721607889202
312269607576
8895344182
71951526900
-444370822153
60785198489
-503867818109
361179704499
68653777426
-104622628995
299306663143
-239239119466
-496840097249
281460800568
154136483468
-115120461123
159224890049
-445184752793
-299463906766
317019304358
663698745551
-171608179538
-10087070258
-219585607477
-90104841725
295964777434
306199770917
259467416297
306810019430
-93219836838
-240200119455
13866680983
-730941708309
182169102382
207126819098
-522022043226
321575808058
-114228276724
259868388704
328737841891
211795208901
-327236671169
455418036745
288854253131
410818773807
240024210589
-86473472673
-162235518410
-188274290939
22343902851
187795016977
-677942456214
-354347439663
158548699657
-65352119944
465858973291
-114755749291
19741096257
222942106009
37279468644
161388342044
-133149101287
803206332674
-66629185092
360281169465
-166692697505
-819108502045
155419498052
-107734496495
-78036494027
-353165446503
-3669094759
21021553935
-304431790436
179418284477
4468314687
-94979576468
237432997097
-446601980747
323135248973
342839034884
-610791616514
123450918566
-86500790359
-71252222166
195324669651
-299095422170
-463040768173
556725648559
171237669242
-252593303928
112533903422
-479261034548
62054767220
206945224464
189908339653
-67442575591
-690590702071
116024900252
483126836775
23406471159
-172306529105
398350301773
206620732570
-46239165347
435872778284
-148073689659
175650990433
286720093855
437487981527
-334689435705
553020649091
-144750277056
-179377607028
546791068431
-93914724601
-225470797707
-382576435238
348243911601
-271613777136
-426866900199
292186406788
13612640120
-280177534821
121235089655
106411377508
100937702528
476908355725
99270452711
-214010673332
478783476516
475424353371
383317227579
316584230695
191836482245
-517101306495
556798984010
38274426532
-385732070502
333299364521
-87109573499
127729485830
-17572464434
-77292760686
68966318000
-387753344591
74835834184
344060040028
-48640720884
3089981606
835454048248
-109194375358
-51543773685
-9696040893
-82003437547
145356834860
-140835139521
318072690344
-717474279745
-133210318259
460247683579
259029296504
-199021614505
145081611299
-496524732004
-52287095414
86976180063
-158444016185
180126961365
574418676343
-145681380197
-496119993155
259327136980
-599643548643
426692437449
127342966808
-446593630509
104134291771
148409245750
108541782237
303804363699
-36777796318
323108039588
-417414776798
-617808585363
39861943931
413436752467
-13409862298
-251160187226
394495581238
-171523687075
93451946889
120485948652
-575646746620
-64557530604
110392615688
-57241627572
510126427351
211907499825
324601535593
332171443991
-176968357989
-311198376628
317540838016
157113747505
-93247537010
180916368806
-151448747246
-473644636917
124999911334
-210855172711
-621137336234
374011782700
-60813973912
-532135092218
-219232575042
-26606218620
462053202448
1609141254
432406253301
81751044553
387712301819
-326937471071
-107435487432
142688434997
309016063380
-96530149229
-460706667860
-316996199542
-177124305073
-180727227987
688593789893
111151460740
-423732462608
28020927114
331971267122
630935681309
42720219353
-4722170124
-104290112057
-101620005490
536648827066
18399429874
77973260547
681784272290
-374034567137
184753922585
269220194877
105481200612
77506154856
-481391799864
-148320697405
108186931126
-156106635318
-302236366252
504457924250
-60133943004
-473478721308
-327602838613
-291229136893
-114682766193
-133852107097
422849093500
-307490121671
118751049283
576805750842
-252194402289
-48373683784
-137259590466
312133309901
400514690139
433519454563
-167578568168
23853428216
-345915821044
-219789371550
-477543678437
199171746134
-581833286549
103631677565
-295746796602
31298144488
-355011692927
