# Packing of N=100 2-dimensional subspaces of R^11; each block is an m x n basis (integers / 10^12)
# m n N 11 2 100
449967154699 672655293751
-423423220402 18235077337
252418724855 -517680300707
449618144740 -362842582638
2694300754 -190063597770
-9758064166 16691044026
397763472164 -107349156022
276486453359 -73528666818
-245690264925 -134872980780
-172052167838 -259938864549
-166258758839 91992943698
-318933715370 -227554996341
-183633638944 -511587924827
-500631971254 -249306883358
525299713073 -145025036243
59157098152 -371689422084
-170087144950 -40529894276
-103407854106 400915701902
-274849055634 79606230314
-172822542974 -195156116439
368218869412 -504072747443
-232100535733 -65336363004
-113922571666 382118959937
-408451870069 -293002380656
-400374053374 8022430735
323269084020 -247762981661
98756994382 -60410309037
-272232504397 -193879442091
-467466165123 -318270150027
-271060258964 299975329400
286553168047 -547319556247
-292745381854 -283351127074
-108222444881 307111645654
-246796244025 453838283436
-162415032550 -340712758016
-93575330699 -553202743409
-377261949384 -143441834959
-345123198152 -29608647097
136701517482 135118156164
516731459341 -149428747935
275648047786 -362187920692
512815901754 127105419925
77440179188 -107762243079
-108914395829 -388491539367
428972482858 244883808061
-52350935832 124315395417
11280088107 6457546526
531335452082 143629127968
134249948782 -38743495418
180654907348 -3323266415
106668354546 721618953468
-565874868395 388135277537
149145351398 164585695979
-247624670832 -207102316578
254918267593 -401287609628
271168040259 -11760438815
-66460933706 -206916535992
-194299056874 229584766005
-280805614698 -46041571059
-189034333182 -418593220361
417061361223 198574037130
502427975609 -276722836383
63271680433 472348255157
220746267268 354671409550
358165610603 -486464086493
402894611515 159495445966
-524250408236 339184709117
142752348931 442293006165
-285611122438 -116450499189
217264540348 148823702623
-454574199727 241463854667
-102759843512 -295681094171
139424007892 418945393999
52281819455 -225454601497
-39202811539 -86322695227
-537762661426 -313084287649
-214267148700 419608048829
-285620165299 169764514356
13307967510 40550532063
331212422042 -467933788631
533893696384 247695199544
78879161249 216164386582
-109130232870 -267255618168
538290751973 -126950115968
-192192348399 131823631649
14121211917 685595935669
-258473886419 -188870431796
334163957942 178495056818
285507797055 -153709051213
-610227016769 -229741618942
440976713537 -74342597678
-413188338664 430251065746
-267622664150 -210815808245
23643963206 297543190488
-64832520860 342742583307
-69400832413 218312800954
-32000334373 559144898067
-184278801882 -271492513619
-254440295254 -220204677575
-48160536706 295888589860
27397360358 399936362714
9502533333 -366642990483
-28214590862 -166689970946
-156615942137 -346872596381
-256966422301 -507838085862
-389432668497 39452150614
771507279274 -361081785381
-339279566682 -214270380607
-208540094655 -184670347383
1552365658 -10799934437
-229433536945 710348529291
-147422871529 149252688066
-314138156837 -50271515443
-320268848119 -600197578503
423284229420 60321874681
-347351516228 133202735942
-178582243826 91637722438
408763487145 82625684889
-411584762799 169132041473
199877385218 162213050804
127346085116 137256507407
107500215789 53089229140
-166251181634 -4902489234
164820594070 -60820530706
-288710505747 -29601352550
-229691385024 -338514859848
-400215044623 198264553177
518936230802 -308221808647
197954428701 707096084039
300950647014 -89807095004
197243208694 472513109343
446539479508 -111182151146
118295588140 -68950594929
-860162919865 115165060351
14663525486 440014344581
205952531223 82786193787
53811546401 -332378809452
-34635341290 622380064221
-63591251614 -31716607047
-77115090058 336165600420
-268900023386 -308853464167
188570083465 -62320541877
-285556768918 -265323318548
318665676266 -202228305731
-169819402641 179736706674
271846142003 387000663064
-209278690820 -67272032787
-448051496357 181318272103
277332855702 591063540300
-142075006583 225992803168
-211825615856 -315142900793
46666334374 -204435096182
-427426609422 -153749319699
473629975221 -417672847686
-199138573360 -73971396342
447398782643 212495429092
764818433390 -62214834432
9308315917 15174819978
156163451353 -864684742102
-30230719116 -112211163652
42899331501 -48157376552
184730970150 56874927665
46947031174 -324379031040
199817516968 16119737288
-267855202256 -271967689000
-305861511906 -190995232682
-236953507641 -87003832625
-423590228980 -54511935761
-208997930114 -4722315999
-491457789925 -175646152686
-180059654067 259632523751
53714898492 367394123718
-337461732519 -440475909379
-27374346500 359952528646
382707978129 -423760878819
298764544360 -465360194117
230939880138 -339975311455
-321330363805 48162917347
510101282316 94290734687
-122090474241 -326794282658
43723476985 323162677838
-79508259931 253611129224
204055502685 50931678958
-543961149257 214108673729
11647863045 -593057580337
304370110717 -101383506422
360224435613 432696989703
-79985852069 351884242225
629520203325 -404788271609
-214591635775 -70581361206
25231800447 -199553534711
333557264366 94782277844
230085297339 588972956803
-298999147552 107406343044
-160792814915 -355577987870
-40618141439 282062313316
-475502687124 -62095437416
208358374136 300434601057
178804107037 481769006308
184091236868 309430012388
-180570725325 327585068767
-273335651616 317522121420
-130667890689 -290593522569
61709454577 -95447888259
-121720659786 -326569598826
-624438826815 -1998814308
-243839035432 -114455992304
-348759893157 478746051638
469157204311 146679474104
-488152987902 469574780173
-372165500438 76778634579
-8302113053 -288963801490
-232977130178 -85843484336
-197402651357 108977119949
-391199697671 -358826477408
100581408527 -212519216269
87540362574 534000894536
352240848943 111984907334
51760294271 -419553843489
-481990190408 -152366372456
539362341150 293376787000
436505589731 -124251700659
-260008509409 -207758750526
-51462571130 -120981135751
39667886711 -519892537747
-202544413009 -148537933813
-56459639640 -286428021532
203862008868 -154487316359
-85919773610 68720331385
529479078270 -505883910294
-270597158193 -426369929104
360208923040 141595640601
749913416923 -261926284679
-151465383086 -455726017313
96460230110 -68578056665
-200583310270 -97176315209
75992039431 258266049122
-434136042470 -329766434636
5358910333 227273476999
168861450033 -578472041059
93883762979 174662988353
-61590864992 311889977926
-159692413295 -22680645743
-288455951156 -186774392852
730820584549 363386903944
256684557090 -351334255794
-385717103839 123443290647
-83671067078 424293109073
-195118285941 408455111740
-291887319956 343670648316
22015834032 96814053311
96177370751 410355291284
50230871153 -226147531480
-358095770803 178161894460
179854682792 295131754655
-24758593474 15104821968
83346210230 801748232400
624931604399 -25300136717
-230986260313 136400967679
459280163407 28478376102
-114064685422 -365631496450
335229479137 -262700698225
224238530994 117427852882
36813411212 -39793409874
-115063785457 402649874022
-492806049500 -450002228488
324708415659 -95168798254
147230693930 305110658427
-225211076733 -51138934898
-66266983229 320108176379
168236200125 -468026511579
396258315863 -122799175721
-152672058685 361456969779
-319031652054 209756566753
501263128336 139138824975
664424339861 157174326584
-107120783944 575492184792
-73749022768 -502361086020
-132331459088 -5352981157
-487904943500 -50118001696
-203466379135 178027211965
71183655293 525824831316
-70294485525 -25354396443
-130282670843 119547205218
393669564527 -79168672703
250414399868 -244561540714
546929846747 146269822911
-539259947756 16451646181
123813760633 -108541203284
-7096319732 57173044188
391377993641 473076852617
-210126767752 50989240510
-100466276014 -115014907706
177995915150 148022075355
223178562966 -779357675505
18059737031 -104413489855
324723590888 -288865702883
-642985503194 43010106987
-275102686822 111307118136
3546094884 304421620251
-509386414895 -97927915133
22479295520 225660760367
-141878166564 -685173360434
-274546385890 64565061968
-137553865596 185322759509
109117064932 -564636249262
-334472823372 -49055184084
-112654070781 58133179923
-160435878595 -354829045433
-37233138139 -257720217314
-107241974600 -364789709702
389766399050 21575048750
-82666876598 -439626803813
-6763345842 -476220019824
674308794794 -378387452660
147806588737 272133240396
-315693297054 -184236036335
332080597467 42931007745
340729893870 -32601162406
38043100572 75619746072
-79676174125 130213514777
455880185569 -4446106708
583412385661 18579328110
433617752579 -165911045967
20674344535 607327133834
-232903315055 424722166372
116822183396 -125552013796
-74539920630 -357466350479
414996754248 418006394208
99428406732 -286224821619
-12696882048 150515933731
-138527055370 546937349656
-354467601407 254821668000
-40874577896 -290110289943
244302932752 139077055086
245419438929 -209693443978
604043084959 338366697038
106396887456 -65972320647
571831604613 8465819930
7548522100 -572166645497
173723050364 -139649381130
25835822241 -68261834290
151033366616 714551498867
-62846481658 368848888739
361338202489 38455582659
339356039576 194765372256
-175129603347 -178294795710
236193822554 335151731366
485745569896 -166526894760
-241096688100 -48431263490
-256928179300 260781212054
-529431367828 259027490660
171479291664 262960581827
-10701325737 -361870650411
4740158403 -121596908109
342094173480 -194888378851
-64103663569 -533773775898
-670499499002 -156967649296
48165842155 258068395675
-76960895875 408219948077
-240926957383 -319208594948
3941328468 -81169206053
577448112798 -309605232170
-77637378402 -415557358091
-456249775697 -187059973547
35694516353 120067307795
268661021817 -170408523337
-208365081391 -600287409968
139719981966 479409429003
433883100429 -25974752373
635855254131 -354324175644
15886411368 -125440422021
190060390298 -78276757453
143095342117 -102976650660
27306221696 -299420800986
316375613304 278679454992
99382761101 -287326569217
188732478588 -392547352878
-243696285591 15453464675
-37005690239 695785351164
-212125359522 -116167907504
659291145236 -128704627009
18872453070 -168973758076
-17423761569 95412683504
559092943860 209674329302
229638218999 -605136460422
657794624367 330660734157
323354406287 -35234266358
8654151610 37575744289
-117475170406 -37907826233
187025966886 138019865864
69376678499 -643016318133
-272075894944 291787979250
-416720699863 -33937447043
322184242941 32769019721
-69736518042 -22309128672
-100561732601 -108129894214
-120169729082 333860327916
20190435026 28118615818
376050446336 -40570379732
206387527813 90343810188
120236558587 -253336468238
641408698634 -150477284526
-152277877847 22512550083
-361048969647 -615884871510
-223491444364 -467401416322
-402086913095 425603968463
20728645631 -156757596202
-225331651427 358672884031
-49368629541 288769888352
-256386468561 -267627934160
-45175881908 449196492831
774230118188 -257943719001
-130791336442 -213403691494
402243841377 312943975302
-299843025708 -264471694487
63496014048 436482128680
79419680037 -139709034519
-463531256174 -324424660900
65794393754 -607423292400
-133731535998 -131358502481
-284749274102 457409442574
47878380385 353920061391
11111933669 288466799898
-301408246849 246313311958
-79102894320 -162645040542
-115155881148 -12996124080
-39811101892 -23964577889
-753311214004 -54477218425
-276839284225 -302024347556
471686323567 -185414144583
-138310642983 207786382587
70367955213 -280068168229
-286135048142 314807127401
-443129105703 -488523129496
-503012645986 10768402560
-317527776350 37618773076
-149001486211 16717274931
108609634150 104785811504
-103492818065 634224320851
-26715651460 259985308449
384393327000 293649815525
-587043702054 426453301787
225773699680 88500965921
-209994252451 92428250344
119369109930 526085710056
37939566346 -367304145184
-374218736268 -452264077704
444001002159 -142929883806
-235048527733 67308836780
-61021541212 -82212332581
431001388186 272640142955
29622651789 490317681838
-231372284815 -364538699120
147699743239 163014106217
617543383090 -108432670920
392068271515 -180098105135
114539708278 -140416756522
-312256940046 -233437567827
-197791226662 204513644102
-49982139443 418055956767
-225147216361 436800083047
-740324761369 -306641591475
-155063530419 45013283228
-273234559596 -147390557371
37203528398 403545920365
205633746676 -579671335578
396752625580 -485837987539
1982650194 170233491605
119336302797 -85477628800
315760777449 179131490755
48818149216 254582131211
189214888799 -118861372350
255675805958 -12025363680
-281597241941 425919631346
-355117877198 -5062948123
227472919261 721937654721
-288410449818 -327184756025
37703399554 -141337231084
595580868474 3241810696
-200891457501 135335984982
-380781148523 213011153507
134230947506 -314138840491
-186525942019 -88424370274
82455777662 -434368116215
-147114549864 137935948286
-532304079550 -103071175651
169796843738 96013725814
335894193248 76554988633
-82331468874 -569781286366
6742834841 272959305809
-61753669711 -147737526205
-573410580340 -30392329094
-309373278075 561212980288
333775182566 172416554383
364899564981 33422591621
-31120839979 -53815975
499376718927 573239266463
-513917563516 290774496256
-332104914035 -315859052211
-189996125815 -25221429817
-140721096142 54628689779
-181145138422 543332863415
368710757225 -425528406139
117072564806 -3902149929
61070725809 77731952121
-189894310758 -383630795628
648018996880 -121283538097
114141056254 383171098180
461981190234 161091402823
-234957735081 98297122428
-217026362460 124202609610
54827007530 -389221723025
32309128703 -630208480962
162487236640 -261028616669
413747675335 9464081690
-116670599664 -152894690110
324988397715 391619618276
115794848126 -55821182303
-411731231191 57885390022
-336446833151 176869643187
11005969836 -119500456995
-337419584391 146651074212
352068687471 -308691044213
5993006376 -297935170577
-555729393895 -439013914012
18239680608 296372995403
226110121204 -555402456418
130361480450 148787324795
334191977800 -190823635441
-54119347979 -361400435202
285057324786 425756619007
-238330293768 -489489472161
393014998541 -185475299519
15768093832 -471310200255
-53105932469 -266945788291
326392307024 53221363244
-171538067091 96150579493
660943860514 -223825518347
-455252667274 52025190582
391469865071 85405509086
13738064878 92500148224
149608273455 700126859551
-316880618747 -66021619181
-386642422598 351408557458
296042237229 -47620329017
-352810903214 395428115727
50348318447 -62401135850
17171601909 220621976804
389965303003 390153180655
-300555508208 -168832669113
289445019498 -389766368974
-6931252903 -73807251708
367035264157 412190302597
-163231985058 -464624438838
497220721446 212610973013
-96507436803 -47690171498
254981146943 -426192202386
200834039492 -50291838178
279440248048 147166221691
-473816081079 418388270462
-197131064987 722801151462
-144517639810 -236130637299
-18056797469 -387209491491
250148815758 302099892246
-159947879859 32697941731
-286946089789 -125265155711
177178882572 -90772054023
-775125631632 -116744503024
-315909209378 21020768509
-131213175452 268876957123
-142142559072 263133487401
-71993381275 431242826414
-72574893372 124295068683
210755471613 -401978016198
-398252145603 -52651193964
166231727274 467668369602
62468566356 -110074927233
-243325033970 129223416553
439855813541 -157791115040
46791536602 359632899891
-373934968186 -471851376518
600245675940 -99072810231
135920490655 -22582936344
466647936742 -132558892327
-274097494975 -173931767007
-267879793404 540328098675
-170137425209 -1908403210
-379209882156 -525906519674
243773031386 86132075195
161723031321 -77603461574
356048516258 -521825475714
-85012756632 -164784131924
-473869264985 -265015959815
256812458093 -25448292477
162342376456 299379719842
-343253758253 149660310591
494476362116 388315526418
172727455041 490484188268
410976979695 -2852913358
177215945770 -320881468522
237694581315 -251592404880
16706641398 308476774344
-407105816428 18154836518
304478216474 -483945203144
198740386322 -49524985683
85062364145 55051337366
-13912508582 -372616383810
200534496962 -441679415999
-765079261318 -3683097625
162291917673 -558196781592
296072380398 -167807036647
177815980415 46414075692
82658065265 273788754352
396115541736 389317488807
-134747217260 -303568576746
48949428473 97139413960
-222562435123 294534118137
-238450303728 90985929721
212248088297 10297651516
223559316576 -453812174236
309872498522 -487557747275
-206839320032 235171535614
-957869060 360244565849
512272744499 191794706728
-594330428278 -479436531462
-204271729966 6683146470
300963667176 360413752173
-93074893301 251085165594
-651437981118 216291891629
-124343387978 -306290450162
145480811737 -110095907963
603457288440 207698463396
-25884779730 436661398189
850682471 -198247705513
-160777266901 -255250889647
144270740178 -257512870560
-168124141152 499761102320
-193644140020 -502172843970
273224097588 202114258883
-152799378703 -489955634051
-377637203452 -11986445154
-542530273766 185330724109
74942569117 -573959958406
-179322484285 83054378217
81354193109 -25453327788
-524206574954 -43867141682
184871007802 -249341713385
272383304363 -177067879605
146969772261 295144520655
22334750826 -418086231020
692174313369 -96824777534
-396172839555 443419759734
43595470908 -44404627448
-11996660328 553512307738
261362078593 77421232041
-346043415680 -377827927315
69626631794 -143167146116
90656149366 165880313350
-372391963099 -164282527436
-447444002053 -392943280022
313166048055 -55734484475
133159818226 -92537787858
-399057509916 667777363472
-105988657880 241754086123
226553106003 346104959287
-92917022272 -371525369050
-233999521887 -172121910932
-388213488155 145586738372
-441380654690 -39047140208
230795599029 139242543641
468242540269 -67967283467
-43224440692 -395843679237
166352327893 -234463310144
564381739042 295006046182
84096295556 505755930413
-166706150855 248475535797
-216416364167 119833810849
-279900851015 347234350472
-16462859908 -273695582372
-254793017048 354594839936
-455463020255 -208755496148
-134899425274 -154580559610
23424502691 581088675892
460503505060 198709558228
231221363355 496734514906
-158907200359 193827329844
-358786734097 552433676920
202068478119 -28150655834
-5182184477 2689025625
-184005154616 -84064157193
-670649586263 36693988311
-193028320292 -15659238037
135971496900 -529255806147
-254030201813 -239266946509
282702057039 -241631005938
61841826604 257430578133
260962469969 145085139707
-634023389886 -199801442920
-291329307334 402096718873
-474766017528 135589876659
-139653147088 -149424605681
-177052710968 -417514868571
-44969697649 316702535168
363582211780 79804555839
-103401077756 152325675753
368566496581 -400648249590
-171045044588 75675931028
-154432257875 399107623942
-152041010539 -244338755291
444087551942 -468341378744
36475107785 -58302010866
-107017108592 81660854999
-360126500816 -264441880732
-552598214039 -534652370305
190962357295 -458921382430
99836184485 -670034634677
584323647853 44484103859
271469720289 -208062645176
-184989892984 -78294486380
231979149960 -173307964679
90656267772 -170236189361
410865123207 201243126706
416739098828 170093174727
53345809205 362346724448
311214770152 171184646006
-79015186346 -218927289334
97069773689 -63017221653
-171757243602 -752300456924
511294495260 -343930988509
-41624135020 -22109550479
121534807859 251883871047
183283190592 219887599165
-419044205571 -13412290955
446174032737 -330880942316
307457822486 105314145877
417271872211 175548111851
-28712081417 -264720401081
-55856523177 301196726722
-299649862959 359379065255
-40379076781 -525761787848
121281576950 383662792991
-295373562603 235562638216
-53060304856 -214606829763
14311528192 -243136227567
-329927392620 -249742986740
-798698376720 36158298395
-229976075772 -249173989825
84458622406 -601094736892
45980727254 -93500129435
-72964807957 169591869529
532159118941 182212889147
-88559394816 -21917612249
358412109986 404913915675
-540918188430 513429734369
214784286914 222073177169
86384918694 -126995807447
-456582679760 -80390358399
-106200007726 -260820072225
3192576510 160321404601
-156626654872 -72977435488
-73569738121 361141600742
-128601554192 242584475704
-525580396111 -618851679951
-364505551587 88865271071
542375146876 -547672115175
-75703778227 67106097779
300904783196 280585484213
-248104260975 41459156130
-303984716008 62700635076
151791196922 151221601998
48525091726 -121075489870
378299978243 515305515751
-16744189159 340673039095
138127328150 -120905471517
-457595648037 -157878502888
25138279001 32305038965
12093808725 -295345010307
128417224366 -540858466911
673594562308 -68856745498
362962476781 -394702015082
-333122793737 246517698847
88430123681 -355010382388
69025798571 -590434382297
237290565526 49459818398
-23925349582 322619236752
736390476777 24944819669
287067449457 415681542742
-221099564694 12133697464
262185510640 -100856118889
-233150494275 -337927056331
151332265251 -245208440837
276705503418 -153916805294
-418757408164 -360968556257
529618402070 35249474032
-276910380069 62406504991
410383919111 351040797334
-186553367052 -34960864683
-68029250608 301021109065
-191813185858 -132279300185
76774147808 174332223892
-374602538518 741377235642
6523681368 -168163213959
287430457972 -396799825383
66838143929 -224102282661
-329660071400 -70977909364
-78260202310 314670332444
-146817419101 -499226116073
272969999054 190499299464
369246441559 -405948045714
215990952240 222470238086
-601153764550 -253514291483
-301446105122 -129696043581
-258451868808 327686898301
304023205811 -384723325238
344384891634 94712765031
-248610690735 -164183938744
-188650336980 -490977265164
573698598641 94034778442
288693269018 -43009158827
85417756033 163865585211
24778156526 -468478936754
497745317676 -280044231242
142209142291 139006575838
56699509581 469295262529
-297838068750 271189891782
156987016639 -365428782943
92335512867 -37818721330
60340744663 -128548980796
190812871440 125786560181
19194809964 204133713030
45205245815 241540126069
202349731142 679714907320
48159195109 -432151911461
-880174450050 -8307468975
132994051875 -101447736165
-246955993055 -203952714088
250617381455 -569044689729
46708998229 245396270024
-139992514804 -451515072167
-247095679870 142992119976
478786333656 413963270634
499823612040 19287690037
44079754953 90797604795
-476382990920 379095575517
-171009628828 -160521415186
237022546279 -24435748990
-340197425317 422155574868
508262757882 -177737261882
-203327978062 292526118645
-61250166275 158020870586
76242725798 110260282331
-302516465912 -53790086151
-298266448116 -728632544802
371472540850 222286100365
370515217587 -193554193018
246474945654 -8363193528
-241920478391 -216221282689
-469601576238 -66953355024
235544239855 -290062740952
56592875437 7837214665
148769182377 -253272825910
10033478647 -4089000912
35880184294 -234467189254
12924467099 370761788419
573107393087 -49009362085
-242880427722 -779415787937
553537521459 -133823384832
57064642972 -164063510208
-256353747293 226645796797
383277024210 -121223532487
-474523131088 -53257094779
-320766092865 562175847066
237659347875 -265927666315
117386128375 -184819205189
-248747105720 -25315815996
205196943731 26039709998
-336112860882 -485907238564
349041842703 519600444899
-224218532679 52663560592
-137720442990 -478002674101
-368467634431 94149980474
-122892664827 150164481404
273567651972 405474420823
297152042516 5444691056
-246754127758 -247730408919
28183646944 125119836658
-68774849708 621213859513
151488319550 197827795808
450321065971 -249938724660
612269391219 -105468059112
-115158802969 35305380022
204581263385 -167776897587
40038950945 -171900088643
223490604878 26047314835
433887215732 32866692856
555182012354 472867150831
436290428512 -105811782570
449151679864 -350449618909
48309775689 -759443401086
-47662440483 -47806412977
12509744046 51400161076
-335098034524 -35353750848
360222658230 -477417048368
-187692562998 -286898965375
99417462905 -67696940284
314920236727 252590131108
244193930556 -56951855071
330236150903 -219872069467
-296484678052 529188444358
-150314401974 -1513675083
-212869677939 51069681877
537739884601 534686219992
-88110269969 6198346041
-72577620010 552227249138
-362018776120 -334604936059
561740897180 -309422422119
-113342824070 -239037331385
202215710552 158445136960
56746428775 34646694363
-449735925202 -362613068523
-291615166317 -245393316974
-440276067418 460547311649
47495998206 7064196532
134809295377 -320865031056
206429111297 -149610602094
-231072195920 250162910063
224449118878 237012250952
-249279480441 -203547482405
254979058990 -101980029122
372577871670 102037525077
508932309908 -29225478785
-429348228639 5829922823
334845671986 -186932815509
-118318372602 -811067726107
61478954222 389714584540
-486433498787 202138474966
127101944276 174864047583
94188747881 143289094486
-476086960026 -451918169154
60641137697 -19451767436
-107984384593 360149971707
-660657217674 111176922911
65039797547 -385533008279
22198632969 -496766199870
-226690720455 118593038651
-175142551527 307441272102
-452047629929 220564421289
28297128153 90098647182
-365392252952 -70939522309
-420879703301 -193850984305
23526519286 -50013755318
125541795992 590062572558
-272831213682 -249542728036
-291988609353 460799595425
45236044385 423861664900
-524853615571 -34074148839
-399162353407 68518095198
-37025380373 -305395730912
387501492965 -170530270087
-327563494919 286520253440
379629544109 413619377233
-122223501887 -311584200813
-15586753650 -535097943811
-605447632851 131106004248
31629331496 -323462813769
187780032515 338310629534
140408593637 -9885258612
466608856408 -311057487889
282035165721 233755545577
294148577083 -384540917303
-88226711514 64995191600
-296804009520 -467168316772
44857156163 -49675485148
213133327 -475449945267
628191032257 15117537864
239902977484 434963392476
75727818183 -192289910600
-245780508546 152780395306
-478909798890 -132171860291
-39863493592 235613457944
263838574988 -454309900889
176260899936 180627979255
265453686765 -250106270159
215486229169 6207523022
-361750364964 -74392509297
47451230239 -140492515298
-546613770500 -407672607973
279861525532 -36889793234
-203109821902 657701346130
-340925999009 -105496809800
-19269825926 -162355536478
52590966811 -388614121632
89125349517 -497779078845
-634421023646 43216229748
-17787995877 88760227565
264131703568 -526501451939
159025534471 -16732781836
177127627028 -305731306117
-429790523018 -304470747256
398414085939 300503416222
193624013959 -322816053724
319815768198 -236357345656
189729831222 -207900455054
-92266981809 -576845408103
17463788792 85046201055
-1766588967 133324310209
60450441251 232551222454
161122640569 -215567044714
-337047821464 336749533862
343855978244 454529988959
-744282189232 -135633945946
262255436188 -324826207830
49590187969 -476787772504
-518851641893 -74590471272
499011004423 172428869674
281153547261 -146312378805
60200014397 -445805260399
449342257183 344022647080
214974887643 -329309376801
15245541146 338765935434
156069818800 119396468533
-234860917297 236436324923
-70844424216 -122202268082
-221679601957 -324804946675
53502630572 205708853190
94982532275 241136119859
779463569808 75727718104
-106707491370 -569205009550
-274819886809 516548025994
412915730775 -124913381838
81699565639 -352194117898
-88702231510 205438348222
-233316925100 -26565650764
-19397159258 225752715162
174141780350 697361937549
-523356426466 72142115333
-462400987009 -357701776884
-488408111040 439512099955
40024534074 89231082202
29239871140 40435854192
457476328585 -34417736408
68048032024 -342380218754
70166906416 -68142307339
147457898001 61210248316
-334554988496 42392520325
283470761290 -170151638773
154495110360 -414040594500
-17784933603 -250433921867
-298462293234 406827091049
158851399627 -120948640420
-312759040890 165753489110
-112266491392 92397547062
444571683461 536288544229
-407116759914 240293239432
-442050580642 -416665220356
-186868635993 -265941008970
-57682678733 -195490542636
-653582555517 476688245129
-63343152624 -90239085811
-261567645678 -20812395787
211927626516 588695314649
-542292219587 -417364203896
-226689369038 145707884893
-99318323424 -42988400317
243812133002 -330401531917
-49618045334 47453990980
181636433112 -29838945102
-1623297820 263816416819
636837978213 297567440822
123520564500 -255037718812
178056578718 -225684755843
116936632341 -306342250983
-344785495287 40477084922
-209187546292 -638164450666
207963750136 -414700417069
-284769263720 189360919122
462415816445 -120060309242
95184682864 798250815828
-402337910373 -59315788275
-382698847063 154209560542
22386559229 48102522863
-500511249971 -284937294957
415039259069 -134813300299
-37095529578 -182154497136
-77302145150 178481402323
-129221056046 367252365055
392566103964 -184031588878
-284916639151 6414505573
135414200839 -256691272288
-114635954252 138428093360
151832394707 -93411638155
-816410163973 -66029895448
-130136602267 -641889981031
330006292144 105693910264
271534867760 -430462956451
-266072326302 -8596262582
71988278122 158321920698
-19643207651 507522625197
-54858337128 -103200405916
