# Packing of N=102 1-dimensional subspaces of R^12; each block is an m x n basis (integers / 10^12)
# m n N 12 1 102
478296879941
409859855356
-191240211490
-27480733346
-178577365809
142329344239
440497947405
245041856342
429128210444
-30553888249
-249237692294
111729697151
-183138253229
-502833114811
-279425442887
144212009185
335501775430
300687393496
-137994588009
-576685444824
188661804211
101370157232
42555455125
111715919658
144700539902
-151479591743
-531090571665
-445328180068
20086743087
-458935882506
-64637105149
436614185436
180005316570
-1789929882
191313381543
-29997536193
-272755368653
-718536838132
-371537298725
-70129712508
-218976387770
-236409543148
-71314830172
44909338569
151434501527
-53518854776
-358485239057
33167051740
-13908825939
-121562608799
-263950800391
-211211268020
-281995258005
211415035915
-191902582526
-250953070760
-600273453767
80881021131
-10915615608
-528902689107
340185805722
-62266218823
-130990290610
-203286213665
-139969687382
96444394004
346285969186
-567431157833
-51425485174
584071353057
5503234221
85518753787
-692242383620
-70060603187
319974347388
-41689099078
460464078943
189013474646
153233501648
56055781762
-128809010939
-116643374937
-306938576046
-113954746550
124726099387
-8386250029
-735778808092
81739605379
147196337174
-55819805513
321885917307
-318250662402
291296492628
-50957528919
-243346959477
-244901110890
63493843889
-28971302199
437580930863
-47766398895
-553421317637
440861710867
242881071066
150502108500
-71519701229
-222478142943
-115236623204
-388848456563
99303403321
270312481999
464302134922
-272392929869
-179604482600
481821326260
160803288049
60153392480
127641271113
451426421602
-194789688515
274570201919
53034705838
-345818574275
-378116156764
-175935760189
-597937885339
159374993781
322607158913
-229186489099
125412847341
-238960909842
248817688536
-171460619302
239569277053
144221430439
280274734152
-303920354119
392389504851
-350360398101
238258845889
53012230881
142938513133
544041122771
288469550915
122306509611
-144642729598
-31876655335
-31758137848
250169615392
108891178059
182925134448
380201505904
-417554817693
209855934003
-642425611194
-79380575937
295285259879
-236127211205
-22649315347
-111363175716
-75909133135
-347599645868
483274374836
-65445339947
-262097312123
652263817959
-25372407633
-250958997934
95587659187
214276949159
-60975525416
-220354299248
124944603842
-75668724131
-178737033099
-2309681637
-250074917498
346787616736
248080533266
-566034515814
532713850139
59928543307
-300916803618
271920904920
555596775220
-140853894025
65808954770
59606241413
342311420905
-298539961187
-298075580409
-209060118308
395786492714
201381533000
449570619641
-52499914543
452201117412
-586147416041
-21484497830
66521345084
-145853690178
-215433024155
76652396369
-274858200287
-229187415026
290309126514
-81690423844
22264447833
-641563096802
20725079915
173252567601
490882250502
257595213917
37838528470
45449742188
193193579240
-344035639621
-416707749512
-271836063384
141878360080
20270361757
214071630238
-635951295622
114258336613
143245306122
-163889074208
-248521189907
-73065067955
392585833156
70062340126
504411909445
86066505485
-119289775055
52058059302
84020657656
33391818714
-356587094850
291964894107
-191223041117
-557844335208
-384686190182
407230808613
-233912952911
-69614839611
-337928908232
-327826039734
-204697616463
-19069694544
-92314615662
378998795549
195758903321
-355412138133
-440306183066
232049777708
-297164515366
315716255212
302408052442
-507044453729
-124394220173
235489713397
-276184206973
-345988347436
129298418087
353504593704
-32033277513
-324537312353
-36126414563
-50601741719
-387014973246
-279492630247
-452137575342
194267735752
-156478410508
-309896615497
-40181463464
546311268115
12363729222
386308014297
419506683226
-161387642065
375650088098
499763175161
-239674535099
36696070924
-80215194349
57080700021
-398280825870
-168343945604
49067315807
273894247865
-141022949298
-13968997004
-110243015616
-167663416045
282761126143
-211765026816
638898909851
490621314914
-132368275754
53604283715
-265594879381
-324750616943
-497637260251
-119795312606
364700756360
63856661243
262423161399
414434456148
-79335821234
-378089248951
-187523669792
204332227025
-169336025966
334668045055
-177027158344
243114098025
-72024117160
172140040469
-484094549429
-530991370598
78542032996
131566292977
-102976990627
438095579909
142914822949
396587405389
42481005163
404646088068
301707718363
12972025422
-244735903419
508716792922
-387719711481
259790584332
19264103297
-221322457378
-10891313886
-240761869023
326334841081
174766006404
-297851238020
-366774949867
165403890422
-337770860852
-364854298249
-411214369584
-206158454879
-200778905038
235116817241
108778413635
-603404783009
138920233422
183316084200
-106966678389
338241590833
78777422933
-165495273216
-139457501533
365839389247
-431927463333
-268093841170
-272564491098
-307263363903
43580919939
-454927000586
-196390038278
-159811688475
-387818098281
-82435646878
320569209735
-340732619127
245227344430
-349475075490
136536352432
104434626612
-111786781743
-658910708854
-299319657726
332900668108
-163214702158
-4585962266
212859068198
-53188217671
369950361600
334238245230
102454984305
-600277496196
579009662930
-305207414702
105487584203
-315857114134
169940404298
16539380728
-159724664102
66433799018
520207155
-175481680833
301205140443
29792439650
64400781720
112864081142
474885812014
323292942817
418747828851
-245511792057
-203107185037
587824076
-66533789752
-529303171678
641908934089
160055254845
-420244370515
-262462294129
293186880104
58338188644
14809805504
216509789032
-329775462020
86235986411
-241227329729
-77502345950
171549140632
203903079110
-412807200851
36114494766
173851725169
97167081033
551962794689
-67274024545
103164385828
92879126014
563608489516
267398294281
-23278877342
423664099950
131979320594
108789767542
127645265630
305382695123
-138216559270
216044829672
-553727738337
-256061260473
-370109838000
-325912427181
-571753587495
30618367946
68004786411
241388646337
-447896586333
-181375010561
-59618541909
293034729455
-513856356923
86848663704
-106739965500
-57885968011
61498223777
71878385778
114875360680
-643596357661
212791672465
-300924409647
-301328161818
188692422860
-287806917332
-430094093725
-166893219514
75713013825
184889425625
184548153803
-160985280390
-217320484623
38530871012
13071326834
-361950116608
-232750898397
-545042821051
314528130404
442919220703
282134742266
32746228190
31753907257
-261591486288
-106208786485
327264106991
838494746912
74598176231
5973945920
-89369192683
-272255511668
43918869978
135625831846
614971935436
-74492873776
66151895006
-70004809697
-291839290952
295896474274
-17693934806
-410262620006
-112683289651
-248163685297
-422311974840
114017776224
-83587558679
-325560469070
-594906988855
-500457084691
152219173269
77334729528
233784908320
-182157552694
-351607348414
10511213218
23830954235
203365828253
301611810853
73172529944
-375260891496
431922360110
-9878913446
182217078837
5854458679
-569773150792
-317460899183
-206450224279
270115741910
-44231528602
-427009710718
-327499398025
-349287553966
-193121186156
163940107099
369531377933
135363545872
162851405733
321143029185
85969871909
38836413148
-480420299737
-316470896673
326376518898
294660490475
-279166978160
148161212001
400084032928
238363019681
181770231303
481209232356
-233306636938
260168352178
-54839084834
201198608466
354398535281
191595239459
12701178637
51592306337
337363180525
-484533660514
-123550579339
276158385009
-567391296992
20374857540
178678411158
-57966131535
207287364695
39397880834
250950569868
-487052524622
-139440308671
-481158838102
-99744909853
-161319993711
-332337304641
495532813055
-94825446547
119479943598
159727171092
-184475843611
1334469341
-430677471885
335079124348
325591896833
348806071066
-449614101522
330112709882
296754077533
-39389964499
-57671073273
420078031407
96971003021
95085723135
225629278439
217747546200
241309616534
500481087147
144390555857
409641288573
-154612551796
-426813719063
-276941172006
429312425752
652898249969
-267667160573
75062558593
-368949050202
118180755179
-224549819741
79089212971
-97707211899
-78748921714
113676283172
118254664410
333207765843
-445401865701
-374333716828
-103684426114
189959158213
-87258396097
104778978063
10518570148
-542558034273
64281819445
-415259254537
2901860017
-192657698652
-148655966509
-584329615747
-202229503505
427402336379
-75246443145
249803134828
-59719697193
-75676676267
-545605557305
-26886907773
-252140968891
244390613164
-568135391161
208027899369
402010960188
39692313593
103408386981
15040064056
-480886127681
211817430749
44957368069
-241656127163
378969169810
278128444665
-173386644588
344448378136
184455842015
-268891821517
-121454370771
-170432251321
197437364878
593792517249
-146504551797
-259151667543
-155721790861
432243187323
-229554983801
-70993337651
205160897983
-593815649900
418134916794
180089686975
123357344936
134326891150
-309359338917
15489782155
-400886572791
154909743670
-374870685175
-42242457877
-387475340904
48148383700
313224869861
574836013864
201598066761
-218177668152
53995462161
28635943988
-422900492042
-22693285838
163930260788
320433699221
-149725993099
661219037198
-138397019383
436582270528
83278865445
102163937657
-9462467924
65120063327
280366755905
-211544890717
-359335342553
-88028424442
-33523793562
117353795760
-86612752505
310512698583
209229632678
-480406298322
-143422115235
570806037713
138039301049
-206387059842
284309908082
-167949506164
52808145310
321288007676
206618328253
-76823962379
-788831026832
23584755141
-90294914384
209138309395
-254174689183
-274350873192
339650160537
-66433138365
-449137074658
-105379853530
397371839320
-250003998685
-148373998353
-69181458906
-462747201131
257254619255
582675800871
13727053818
2133063521
226682371793
-29446962571
-95255387896
-425581338357
-36204709343
-124981430260
-242848229801
-71729201816
-580344176628
-614108637498
22015678349
-63146409645
180794109350
-61473285275
-140775043899
-58404759117
-62988247382
279743606452
510018024317
-451727704134
-110922991697
331986466565
-640925036
-71111908249
396984096922
177476479575
322000810740
-278806547015
-66528729995
186201572949
210928352648
313794230687
576334189602
331155926004
-103186251374
-21379096717
-343647386982
-280185427382
-287320357199
486578476623
203559533182
-142629373682
72175613543
63782541280
540615509401
111823709694
-218511169316
22653263907
225462270463
-604809011665
-51589101288
134634303420
465080181606
182401535431
396578904833
-287633462665
110645458075
-155835192167
-30645384346
-266580326580
-164797740455
81286398495
-158264342482
-88446421054
414582130571
-358179926828
366990022448
-423025516646
472516211535
-38792791543
307180050910
-527783395264
-405382305982
-551723808041
-169035902601
63520815449
-115926434321
-16761385364
181619530483
-253666622382
114829992717
72669978432
90846754063
237339420432
38343338648
-259318271068
99506148168
-63046750669
203483869179
300956201507
343788155206
766489020083
-99334604187
172483448063
-76551356049
-539426999390
-150991434197
-70981004776
14038406112
-685927718215
-255648408074
236924269382
-99571170830
-208066387933
-13489879103
24814304472
-97995395340
480813737116
-110963050580
159007710940
155627055540
215056012843
-435060811147
24319435854
-37932306491
529863377079
422458022266
-345552204725
-233449493648
40834115944
-62874353350
368652500579
-344445192585
495224047553
-365670787889
232169512565
-68813655766
196556039451
-299487864017
-156124698911
-420171826526
83318694023
392714597375
-329217483283
-100660894053
-102386569873
218466982680
102285495527
53769134635
177633558495
-645197049108
-220262899090
603682654901
52476451812
141500075152
-256752547977
-215647288312
5002484305
12061751582
-54580202680
572553817673
165909274276
305543063572
-243082451737
-198861503529
-307643484736
188884326151
13501422329
266626110312
-130171136665
79896033123
363968925776
-393618883228
611044665748
125134974998
265260782931
85610193499
547531925967
-147630485690
279523192056
218264923175
295443116392
186504412048
1648390520
-448521536651
-356552219037
156762713349
-80419656195
171479702735
-188253058512
-146028676419
231069596418
427105805535
-321386711973
-314542571431
-211523502544
469408690804
-450946104126
29761161426
-389516876981
244430457764
179391603233
-170016482460
213469727585
122739322536
-584352478829
-167584935709
269857257503
240948531950
330941386146
238443432754
-203493834967
183777178164
156513069541
-180496472061
-460291101582
-129783464553
566538288303
-73880124720
425167931190
298237232764
60074184180
-198199937993
161597277851
219220568674
-270368214400
524087992920
-24588855109
-369079587691
-159548685790
577534445469
3601932132
67678513728
122747679881
250149846377
-93170301104
-50197456177
-105522142267
-634251732768
-7903870663
-191812520994
340480257850
-110912721688
460250006939
-338448750945
-231832969465
173730318380
-176989510586
-211944469646
-49509590028
228681975500
-279503050222
-250053707760
-73500416088
-708316942735
49705524733
-70025278566
-248822270327
-389816487708
138851654963
432135246934
53720673628
-287046142601
-257215328577
19992991770
592423369974
-329654780697
-257649817371
-338610533182
23680205953
-29991750276
53135289041
254413439665
-450628997161
33765055388
-190856353608
-133205299754
20242551130
153917826640
-634903475046
-407140454191
-12403160032
284524168490
426313245516
-269674416990
101947658445
50483485555
244534687106
-478259214193
-94133049069
413482700147
98212696108
-84279378882
-492815484105
67947818080
170038922612
207578953209
299176177632
-196351260029
408608541007
-355902464088
24477129272
242269885623
311645014995
-253438062201
80151546223
-528430196179
-23159602028
-69646938804
444291995332
168871328747
-10149695946
-244959323976
43839976619
-251807315955
-423700019579
-652240728183
-19022488167
-194837240186
708774838238
-82784695118
445283202843
148540229019
-2807345687
130483183734
153624939470
356368734566
-92449115017
267018212653
43532248072
-145154854395
-288075518074
461938675962
153497917528
148596544157
-190228049615
48890527409
7559810302
259383503940
106368003068
-160196111005
-624604542019
353498068691
243863827491
192507001129
-71687967540
571629177664
4913176786
373792843101
266705083132
370407261357
7869451782
-341683710812
237918158368
-223784049098
-373724061751
483255867066
68519510157
-197930630043
-463448318164
144362709609
-346677221128
170775433431
186409849339
111196049856
-31998224461
-387054615504
-185963940735
-278498881674
317838200816
-87704121518
155224994945
372037762421
-328657577885
-78819607761
60000353254
-68468735289
-364494176928
601051916156
-517149923614
559914965221
30904012973
350639619010
-27231540469
-98508139328
266247957093
-66298393551
-10908921610
-334939094988
47531308154
-307988146946
67530992105
438158055011
-50420517711
390106775
-210583379003
-153669182387
-43827415153
-716176189870
347151498061
-52202694546
154167060286
266681799828
262458312564
-426000967011
25777662295
-215980193826
-560246789555
-187326539999
-232088377064
354585183855
-321159562515
-243852858488
46430438831
-94868573630
-348058819036
-179303029976
-442918707159
487630816789
320325652410
123446761270
194129089844
248694303241
160109391756
-26772745326
-266970412235
312629337429
-177177093368
-180588461211
93495654361
-11540330852
402976107729
485483389787
170260376878
28037946908
-187542548969
599935598110
322691988183
-6150796006
-156118635397
520167553462
-132547777533
-26653747374
95858615201
-490755070772
-474592413661
-216027763780
-253403549802
-21283565241
-136720804625
-285445366725
-109468444265
21513514863
-243160190558
-134684958926
496302616099
-62239658775
495922988098
346596423730
-164514828387
-506916314525
86762132746
-49711292957
-180204200194
-32108023551
-387321746470
430848046655
-405638511755
-459067850852
380872059008
-169077542121
29623523134
-84556160946
13288520423
271490017720
336540209616
-441656167666
-85545203720
581981250379
-138271243765
-91869198313
-133951227764
-151788947401
443088788772
-278276925414
-31743331164
48428253659
-17760131596
-306011509056
-189916581152
-233000773516
557640453500
-269218690569
-231898772110
-45468112536
-111330032139
205415802493
-271782146805
-497938082506
