# Packing of N=100 4-dimensional subspaces of R^12; each block is an m x n basis (integers / 10^12)
# m n N 12 4 100
-148042671500 -442487014364 -397123371965 473640353956
173376018084 376893875226 153639229359 243538133992
-407421488303 -54523691367 366965994958 314415356579
178319992337 88698060212 -402766048995 -138935659185
269774334451 -578308916620 -129053153812 -21029510439
61716134901 362595471118 10883749683 53267729486
604181905932 -228211818787 551512580320 276891140254
-360533368216 1874797500 192964984586 100015045900
-116273365109 -128018965384 169842558441 215891963778
106691611962 -92895740574 241891669856 -449207003261
392053393962 248474441149 -252987126812 314340003347
-4268239557 -215771222118 110761626853 -401293589248
20405766430 -270541618946 237670310429 -588339115010
-28800694586 179824209571 -52966603397 115665257190
-85269966455 -653002402379 -84415134834 36765093561
254967057184 -347759302056 -337966448127 285096984682
-88145285831 -262609057445 87440821608 222951678647
688940829654 91406043907 125488565817 47676547016
-101034724885 7737721642 792733691639 82316205604
13256728207 323504448717 -1196680518 -169971177918
407966867842 89900414485 53608715173 -166040794777
384665903588 -360423969235 208610694836 -145828272918
-143524549527 -92923492017 341655376424 482832212482
314130583753 135889426771 66468033640 433863609850
369712528068 172217669384 197410714387 67342501207
354491100823 -29709794798 140545370118 -82951680163
-238391605434 -207473943349 -263162204589 -503406519091
344515077781 357682398431 142263817413 39916683447
-419332889806 332044803579 -166738258067 22324182093
289267045647 -147285324008 -218806055105 151592913070
-143843846890 -255087343502 455024016016 -503417606672
292285175618 500331110531 -247702243146 -467300439005
272927866443 -348404844588 -219178025143 -40456664749
71471589597 -21019514732 -662356173684 -96295343070
-38516255076 330926451514 142115326749 -383215436801
339719041294 -346105047424 27389827117 -283780140225
214302454804 227757463777 -158771733774 -12661937468
-450317043182 -78615748765 -349947515899 197237504458
-221996694658 -425176572313 423189437628 -353099119732
313347758411 -140160152221 80389535828 -129656990911
-244907223469 -659240450166 -350360818263 124947969789
-228472810587 357053771629 138145405485 365226809455
568736770920 -364750837851 60906878063 421170191030
-231437747086 -106159164628 512590323281 271223090225
-111405896841 150904957927 208391972006 -254237490967
131928704220 -105577462339 204463038945 -370013515809
23981487037 34237317109 -411074557925 -460320128320
-290213337250 6058559597 65318536948 -77825974542
-303003293350 322666004752 -195291713904 -383233946148
492681467679 304455862274 -501553459506 122874260365
4919148513 -138308349940 350668686409 178779537289
258300913906 -511575760394 -96379174229 -477129324132
-481071969394 -187115072830 -269398337057 -8574401520
344193371438 -132759184027 240108116028 433951609980
219243991403 -22420853564 -311272139852 -95817593534
139381991698 212495041501 -55575393147 -265150128933
71434478493 379206116294 111262850964 27525899621
-68894400279 483300733919 73673394291 143064430115
-395737231610 21311775840 -4932426949 205537386199
-121895659618 -215010140291 -574464916471 497066693765
62760380438 -596262678858 -413732062731 358793943894
-9787255518 -16528784760 -429720871403 309440365915
-142397117243 275600469835 -162856236680 38981196486
-166397729727 232988361206 -245544367439 -58162161687
153460498196 128772961992 -558059292179 -394774019149
494434767977 488745331917 83990331482 110458358278
210905074268 92624673341 -82845091603 -239832822786
274289379005 273199773582 -145307154931 354630623864
-478221430322 344674277159 52354445703 548536104216
45023833618 181829106104 -290970919771 24994546245
503833273439 -106784680756 1207880589 307201505230
-275132465012 109641920958 -351401496557 -152943152426
169339753916 -144943037376 51134577263 -257246464826
-352311322998 54520568528 7368026322 -14031145968
-361277160441 555560459736 23919940969 -9502466423
-35701674336 125907893883 207971837665 121215933899
443577107770 472156333848 395873900882 -407846114363
75709022926 -29596555224 -740783298042 -371358847530
333493828260 -206139486059 106930690693 -112934521948
243861238616 -237786269392 231163024465 340426826680
-328230364124 160554405924 217017417141 -239829477135
-80856677101 -11584432281 -50614614321 -421526432704
-149551895147 140307528192 -133020474979 380960988687
-453417352823 -532050115366 340304446813 -324991261566
-117314374447 -133279799646 263210782978 67292364225
241133612040 -335264768226 -283144742053 -566051829961
30489330231 -127279744562 -141964579009 7502498200
458637272299 100521935672 322718269487 -160147361552
-75443913639 -407925032205 -345237436196 433719761837
-363691899351 -285674867947 -185825763448 -236349988989
-150909731661 374030653799 -526446060897 -247899357214
-524894731916 166673976870 5986268368 239401789554
-154609531352 -487182244309 46945856231 -70291492211
-406714258192 -130431504702 539825293623 -301475940995
-202516267178 13992272733 -21699183716 -403670959303
224118116086 -416272062907 35505039604 166833033633
-394337164622 565263943693 212855160495 -322311153218
67870822676 77353865308 295196247808 -20305928688
99342641019 -224885625167 446714920306 57142825121
-70449929797 -109716125192 -97037120036 709197475157
142983151522 71468521229 -175853130069 146677394653
-444671971152 -333346394366 -115206789493 -337682086509
-453440844899 -516396366881 230849995747 28653302041
-17082394053 94998004775 408263689309 55243668119
328532529003 -136876633193 -416022975952 -313264162185
-389347168876 77627719920 -434563695957 -16830845664
-87456195229 423120896504 2271384815 177973658131
365798333687 -127168846315 180243345078 -346364213854
-235491373331 -111995838218 -378336234260 -277260088791
-209041183764 -300555808512 362675384839 9758057847
101794201851 177919419943 176290210920 -138501485561
-280504429776 -264376673275 257111200054 234308020310
-130949061979 -286559036107 499314501738 -156754176303
149200799521 629627802277 499917877501 145362578956
-256337211701 430602167609 -220686328754 -319540249868
434697170642 -254320312731 81963413991 -572756900771
-358778923068 168612294536 85514239053 -108148596173
246553225601 23784954988 191297734006 -439157915342
-231919016820 -141391387342 -43747787059 17139229259
523855544201 -133944539518 -166340498996 410171399696
144176113387 -77479856893 -169610218105 -223507107726
42447633472 -504151983457 123478517958 453581294375
-135871035699 -615909532178 221187604747 -261388309878
-394026911301 22425874103 377696664896 95686336218
-78178660901 106566116553 105489268830 -110147625442
-710336689700 183120306196 -83555616747 -134267405197
261333045897 52666185700 166113773675 -57773605169
-221017188406 -183612913317 -289007106987 -142634826582
-362132164656 -336805397876 -254933894132 73887271918
-63396658313 200134038206 -604925789610 322182641931
-160469052479 335702781414 376929618501 -164230280923
122272112925 -111424854355 -249350843417 -690473439842
-240860363698 73462923479 356730541143 -161058185592
368131219303 -370327515960 207734618362 -41209379204
-222422539671 363155270879 345980600589 363811058991
-79861199318 -478994444776 286025311760 229357706121
-120568770739 260409954624 263960364143 98032430498
-189766812593 214632863686 269303387472 -450157294469
-197477339677 46685782986 29882677872 140836371782
108960415109 -157307630980 352375510909 164000585228
-132047991812 357140684071 31447933695 151841549509
697683805140 308625813834 301794397195 288591306389
368879051924 286342937728 6110808617 -548325104069
94482965833 224823926650 -518372026866 348445638687
269556339947 -153707304563 209990325584 186346397171
-358416623828 284991756036 -47730872879 -228620283967
-32285921794 217394534164 -675610965944 276509899549
390224261307 284898587585 229517288543 -201606629399
-293333440863 -410427819935 -15889294068 146796905028
-380415022485 307430682451 89818788930 215136755813
244214813287 198436176565 10515423705 -563963578624
-7184179191 100080400789 433592828356 319359527246
237191151165 -516116660718 -369542640394 -195275535851
-112455818889 -130313847649 59031814331 67418113575
-166800662185 -409947604294 328451562027 -111859870112
508309502057 54345262137 -11718262345 502827883363
37539883703 20025041167 -360694326451 -110783225757
-404160913561 -577398886928 240438945713 -73010619401
55097564493 -28913401756 -42705174306 95838733125
-573978916685 350237986560 -266181768439 141942501995
-121325125214 280853736537 105953891625 262289920787
-264076687454 -238599522949 141878358504 -175329810002
199186296302 -41398244619 -184497593291 745933306173
1237888407 -80062416806 -722994303801 -360209131554
-811470306 564986778610 253873782380 -261439028200
-270642741408 -203310018507 -191805778964 299868654375
552325835603 -193892210956 906963629 -53279608698
-17669130338 -25205536097 223728077499 79055911384
-60983412042 -407889644393 -363185921419 -322634936114
228403844493 -300982183002 74995505068 -481872216515
-122501237114 2099332619 638294383607 -78489346273
-433308856533 -221563665787 -361997348133 -184020986368
-108749890357 305433524322 121452127395 -263757196634
-18231758112 -520911179465 432355580045 26433756900
-363382999807 -99215078166 84833952902 114911921123
-221362691308 554475407766 27728945445 -393592543607
10747174863 -16845706758 -21635695194 -471908967775
79125628659 32354921275 -270592325896 377864335977
555762754209 11863274976 88535480483 -68319031854
-482590304378 -102688061787 181205293058 123077623409
-221146053377 32176536510 -17236680980 264898747169
52487252212 337787386618 34107649879 -166810120216
-213739386535 183846188826 253468834152 -101983517432
322580893008 -25170886771 -171545003270 290299451320
642386728840 -134917033424 -31847992491 47889394665
-133451300766 -332855575006 -187782993911 170784506024
80379575906 -525695228526 194343190450 27746919541
-489611226161 -335526746975 -247376847827 171824605447
70227951816 -535117989352 280360052278 -548898158515
-324610022156 10020415883 -95697209448 -331683212668
71456722376 -173238243369 -629780150068 46111313563
80850915868 126645513439 -534079906796 -576320314453
476157396857 -39761584413 116017616024 -786485342930
301392715796 302459233758 99865969168 -103560357490
674920118414 -348971704695 144846178497 427255870028
183738633113 187090835133 -302658778029 333843982404
159639851540 580270983767 -321178218671 11509576448
-84912221933 -75559105416 268587192727 48847672902
246036822459 -121032783495 -223405720426 22059670904
81866133888 165921321420 -137102180778 127526105874
257366170340 -159442674907 -327664518460 41158732721
-9196116919 -188229403771 355640967922 105216450290
-125031923131 -277726179432 -536348289580 -196675199237
-106176585105 -477039493846 -313796550387 -77478356388
46931181900 -3350694665 -189887887175 -50432846368
205001163535 -188799245566 237678278359 -505910533413
344300290272 54013699459 -52439375295 -339020436780
-162642864297 -367697338950 -728289477134 27363929585
486395007237 269973513198 -150615374111 150088748662
432465222228 -213182304881 -38441869245 350789043517
-90063384744 28578519299 296404978106 484784045540
509187006759 -364825699968 221573732085 187070362878
-177032584783 197465508821 328730625980 -151636350530
215886142806 716073097061 -284165886157 52595896561
135276872383 -137877322125 -153996034086 -244131343909
-153428512237 -56695902736 -25568024223 353379283169
356872446625 299602867071 -277276159218 -103844398380
298586154169 -644363481652 -95738862300 -567344380390
407408775525 124811304843 -96938398579 -33068037972
276347525761 -65314581481 -159893660343 267837862835
-71517295582 -153915540989 -320482517335 122032847654
259990714014 -18070708484 733830735864 70269607974
77782756943 -452337868689 -108485572560 414340627492
-518161248460 -35496540216 153923102085 -270933134462
129137443789 -201814081146 115928947559 505755335819
157724106958 412060245098 -228171012671 -43570699871
27883287985 179847383542 267981607977 96652112928
-389302603809 -49358107737 -254941676258 250129626153
-133023507361 219985956970 -348827666933 175717668220
15421922736 115888985543 -153851505817 -135505504043
257085799422 350834188452 178412293278 557737879020
-280934955802 -130370896716 60124375328 322540007367
-344708214674 181752413892 -329653835305 84757897948
-258581850312 -562417815309 373701082975 -157519150677
-197682411938 131256798231 162104123568 -173035712830
388701521614 303479829880 377219612367 -288598028580
136075971250 -97060873520 -574325579758 -230442077776
643340623937 -479422199445 -194408835355 228149023518
168811111661 263632965273 -26764981090 -476313269880
17111337884 175070932033 184243104666 241664515575
97987406858 -31422448843 -76288234889 28608518361
291873563865 255440406187 349418770400 185970003762
555692970805 -165285202551 447201137613 -150742118081
-445548245492 -453561641243 421388512067 383526456624
365078635795 -449177520470 -159973263806 216703824606
-190851843426 217613658236 198487335388 -445720918845
-72204308387 329503651533 194712786213 311666765327
209898148494 153773247327 382628856234 211522142925
-241872231109 -65711446334 -137552321487 266454057397
-209286713480 106169178492 256949457608 262507625864
-273577737486 5757898593 354039585455 -435440820432
-42130268678 -551150985535 186909660971 -278852613746
31525007864 -465200490458 -658650213903 368853473350
169925413754 188162254164 -34321829232 -216731590537
-299588777268 119319502380 115694932246 -249214785400
-391368133531 -132528354192 -28998949924 178248789427
253928958651 567328979203 -318578900119 317411365097
-200976805990 242991990117 -187764623203 -123979024289
-203459732284 -198189719748 8772018255 -355641970213
63413855653 70590077189 561973329911 511851883112
357310709815 7861781003 -14568211377 -339707761227
-253868365630 192099848168 -260931741332 -241196889519
-477653358489 -135517260756 112458678431 140257687831
-395787168314 485678980734 -131118455546 158902601430
-236699082557 -202938925774 -7808589230 217472766035
-326363011456 39238840781 -82445914609 209197924628
-154479085223 -99729396565 524697313764 322554354550
-362044305723 -428098753217 -247736062518 -39070099625
-523385643818 421969907612 126301356781 157001819129
272116044853 -93415371387 -216602886311 547618804280
22266205994 -535732665465 -109151078994 344821884473
214872857319 73162310302 -508621075476 56994975413
408845307044 353345465659 68082876270 376863931242
-199954754293 295538458756 -494820258562 -108677012499
266162981094 -233007374499 207562691896 -439441492233
-99478328635 -135742139445 -174408808312 -98699614908
168344184445 106206790152 470886127886 50497640790
-145745916108 -175111841980 361156579387 -105873784801
309248792498 372667204203 381661964146 -195688657109
564386424332 -189622469165 -246338120476 89217500712
374165836830 536555188056 -214783210707 78224135880
-99081463375 -81941462645 -332968492983 -422719575799
332400025015 -366183774118 -187788573857 -416367263337
-153942290943 370539151117 -461188438002 221782840914
172981928307 41220871831 130880910749 386043403186
-279098309445 269165386468 -97455015106 -131540252659
99889082638 353765221293 74616856527 -593526714836
-366674042957 133879592215 65800596271 -118407883503
-233107386356 -327624000253 215791429134 -6752482482
-266759380273 -150372776065 -541161881770 -378642731032
444946873191 245010772449 44154801235 -219754725001
101348230003 47253359478 21653478701 -621587786853
-248194767283 157585546656 645856217244 -310217488709
301867681142 -305626360452 -16577839092 -456362898677
681467239149 -20681888572 -77600425442 176672086754
-181655382325 -37669786964 -395617215682 69976954220
-22445591027 527909932912 28181669195 12439164771
-56272551010 258839977155 -19932822140 195561343849
-105825639337 549053669250 -276992725325 -206048194442
-35506476807 201377732725 -17406262807 -21306193469
234063293440 61770879459 -393759869687 136089154830
282523173640 207533307656 -57875635250 -30074898581
-197382027995 -801309126190 74390678111 124571800667
130077741111 -101665121974 506934174725 485369436292
-416997070409 361613909816 307604361469 -115612968893
76930316863 40431998129 105598694863 199031350757
-182863040893 212508411735 237094797966 540762128106
116998717358 45263108412 -441456260746 479131627541
419278611880 217917288843 258094398709 118628950262
-422250894799 60117787533 25158791286 8423262808
216974845921 -234908177554 36218780011 109687170113
-425927539661 121615322227 -391995868600 358228881941
-200774097801 -136185352427 436589297701 12546784216
-409402443993 -103493795730 -8731148486 -479028311551
331873117893 -394038654158 33720692496 -171018773003
36700916304 -28117036890 311080153617 381785074487
-67426778949 -159198062497 -699550377603 147123514771
578419244065 254157577321 25654877086 267397303616
149392413692 -48842503723 -114201632401 -373112149121
-317399461304 -462855139497 134636035805 487735262976
-220863104214 299031135995 -154958583996 267990490943
-58221105069 151597924823 -324519376712 186366296238
-198342356289 620255776276 207853523137 -96725403344
-356240192794 104910479198 -132965224413 95995201471
-160640885454 -135465970206 99888535844 -149421565054
12659297401 275319858686 54797122661 -556583996687
77730918130 -641281103816 528465717467 -101872005080
96849374181 251185950725 -22346304980 307426282212
168940767454 143180736143 235680841830 194901135067
158712522474 124581418635 78998720451 -216914770688
-365974404776 -249556844455 -65224377094 -342151746037
-702056189593 -32418893838 143438476939 322224254702
339923164469 -21962333109 -115774499917 -178109385121
-7366093379 -429179815800 -704262426849 -104157596128
390435318843 -381249985544 4353645324 382986483098
-100098900733 46174063812 -333497909841 260410184424
48819928354 63133212749 224808437679 -187356478318
-365826432191 -132079378280 612995170420 123718162054
-103888941397 -466207278148 170219166687 -108754299834
111817635842 -16393761347 387822636998 186214068003
169264462031 -135653436445 63684852692 -248015130951
207932768670 147751727030 144934900279 608515949249
-458497950498 380938063751 -298132515272 266082076263
35328882917 -532697609149 -95331695511 -17355711332
-682499737728 -36566212199 64068312081 -28439347202
274016041497 220984650860 337826099462 185526178374
65458669309 430445611865 92790638629 -553949703160
-109366470728 237452197803 380056292664 -241029249049
304775432374 423033295732 -146410216126 -278234950192
-89143576577 -220676493989 -330194892805 114092525926
5937210342 90918158409 -458507570916 -485534766291
30189160743 333644834702 -306972766598 -95208442041
259352366827 -227568686076 -277379251210 424364518760
-486836316933 -175735126276 -41664518120 -268133472906
-232742009010 -14437211473 -208045496660 212922473441
-255223073455 533912320151 -213856674584 280425934000
-219486089201 -411923496900 -50896412993 -146757195490
482558988263 -41697001758 63264286887 256381251839
109958695554 -251304171543 -625094465388 103755261759
426039408746 -224154398550 6724346324 -436772123664
-323385989669 -346796996191 -288248666060 515932421
-127895108247 57817378189 -11005515951 -158627750132
-596202099626 5183879355 48957877239 139848419175
-150218732592 76405053681 -641337111439 -275300290012
456430999284 -417815569614 -72457898729 -205442905626
-301048830920 -603764362507 296731478525 -422047208088
52391579711 187625893034 22951651442 7999330954
-293397784596 -65059280513 391652699731 318932858108
-133173201025 -118304482954 -325336713547 -125030396631
23568723569 -186191472624 -85431067179 101076373575
143148331719 -445588947346 -271032352963 714513969787
272897246852 -211599203342 263176950281 -144903773844
47699577149 -234325678325 292310199490 250995350218
613610166254 -140042872396 412965548068 -139771565947
-306699586625 -202073762260 145468295149 97149957233
-360941210795 -176564461318 133751350762 120476567038
-7141679126 -288650116419 -114548599919 -158179381902
552836497751 175143811885 -209083764700 -111475102514
-131024657544 363408641281 -101357094331 81523237107
74764851982 -169280298632 -36939255828 -61569764654
-144257082291 274967118348 -157440116024 -486985199386
-61521111866 343764846982 -252464927880 -107701602269
-68375114122 595708227713 669005108105 86769362199
197882718027 173508710452 -316851413834 767688149518
-634516646238 27725158011 -202304121060 -109060659556
50156064433 3416313395 570958592741 -206698424741
-189702334735 186734352673 -34172045347 218528769405
280597451967 -463294788600 -249530242111 -45369608203
62049212939 -443790779064 305505667055 415051761630
-128215610923 270923531619 -260343180694 81575539617
282747198742 302163378745 -92805803422 -409751528623
457176785219 378487822829 -114737712068 -60465420314
-268922357043 -139081776089 -68139216662 -441028334060
233670371463 177038494862 -812618328 277293977336
-153206745143 297642502508 614967888882 -91012276394
143219295376 -324845934791 62667343625 -515181732806
286112987261 -435317879478 -204280868340 -335758852290
-652529113473 -52083581338 -275260626704 253640258280
-81313937404 81295427891 239232977413 -545531521980
146610419017 58698690101 257442597386 -13089594980
-142552268664 638508785016 -88708423202 -337962408039
-379445992986 -244226717970 421360208516 -440546406096
-246286647329 284966304147 41388173396 181867779939
-326675504585 -77536504880 -330136220616 -226606455629
49127651535 330443096062 184740323980 -70611701671
-247902689538 -156170479264 584032421859 250031892560
-87887764459 46675651125 -283706996596 -243400970169
-246922266312 -327738957722 -84633173487 -75395896727
145772373801 -291149120537 -353097493614 323427150193
-355003042564 367138059158 -40620209558 -211976357540
299065786285 44693972556 28238616195 83074165418
37958421677 -95879296137 -53374889417 -39807571036
146507099270 117220811065 -449905849377 -262536741551
239992589912 -64507078993 286991506646 -261176819673
123771220707 -553384370902 201082218754 -676596913735
-528174358976 -301176338823 -478574501405 -211952667092
-469330478086 -416543679527 283373753264 309843410630
-314518118137 141214038360 460138205062 -6080053554
180575845178 -19640646633 154112716634 50212429234
191555335193 -400714757802 -518463142 321819141628
-684292387256 93336250388 96332911874 -157900284390
146013593133 133008188484 63696919800 297824656675
74973975863 -292802060344 -117246401927 -166390669063
426609343690 -83900262270 110775268305 -243925550373
23621204621 -59376551284 645384235661 400480125456
177906026465 110821623865 589942460816 -38442556600
-94956614595 327488638286 227292309013 -71735638576
-306473380225 -128625573756 248571639247 -135587027220
-395359612165 -443884752420 -2614235430 365121275765
-125220706728 649963800420 -85029614379 58824390616
88157113409 119865137864 -262464383812 688318342596
-88853802467 327673992647 -80732887101 -56872178201
-96571969998 -380390660071 159508575337 21379824410
-107538907527 473514632767 -71562923787 -269353456696
-17497964995 1926098110 140619717258 -311669385782
-740217893551 68839459270 433109453176 79401730038
257864768838 -197069611580 -102985613307 382163907315
-57977778121 -580629454206 285491344185 -175503571711
-456820239177 -185468295064 -353229708634 149326528441
43038877995 219713177749 -82510161237 289835246774
-90903261014 -213077326291 -289257952950 414062559821
227735408859 135564534942 440469779656 48711594778
-294578665129 153135652179 -374263956768 -120538346230
59869711055 -283680586836 -347318674459 -593334158614
308415861 21548177697 261383440780 -592017543081
-269854974435 278402422052 79688188860 -233546084539
-25025779171 -198840666681 -508839595078 13159487203
176771035887 -561569721611 140413308240 -183038659468
-304627043894 -233161195986 -420569896282 -492561037246
-168616677581 -169029924640 262166508697 -279556359018
175091485749 422251117784 212750077368 -283344692686
-699962770129 -34563305565 255180943622 85515854398
423500355143 63784243605 -36719499990 -146548433546
-62908652520 116955823375 310989325511 248365839015
264546959906 -155435210970 271721976077 -162307599516
-13215058011 512636828578 -344686986842 -208384338147
-404601612507 126704830019 133748918496 262521198359
20775517944 188016638835 -279493201433 386771541394
-189090654788 -111198525868 338240424522 146125460701
399995555349 254365089426 387134860482 97601708503
94843693358 160347342066 -431790402706 -145242308342
168219616709 -138385984317 -293916587964 891982793
137929576082 283705105807 -424167006160 204230896190
303597594326 95270234521 -173916335366 -198680384524
-232909056859 -28189319206 -56283943055 579949982416
571047247988 111759407708 362580726257 201336397982
-257780299591 104790581623 107251114557 -511723651655
211737311474 -844296212453 -102882806771 97938504032
57909787638 -300728674612 25166222187 14392658974
514161680681 -26720955699 -323644631221 2335321269
-16795166494 232626247590 -86865545166 -96919164600
539067282039 247145948117 483071377248 186918041135
406556106934 -208453251400 -16497504341 -317788489961
-273466087846 -60526901011 180746686838 -294366220786
247759506725 -529696735076 304061044788 -152584218110
202367411496 397392545930 178680241029 383502521551
210485727462 358013595906 -315782136607 -606543686403
-216751729547 307883419608 495989319717 -296481239146
82100912975 39042128054 337292412382 -373457502014
-31202325206 -289043614169 192109398579 46815816110
292440306956 -393211735880 -228606903787 -16141921299
322449248885 -47276455005 -52744639717 -434216662412
-167363488031 248990551185 248759223834 -66183924046
-25933026548 20434494657 -549106399216 -67161896575
-305176626019 123982172133 77789890887 -218003452964
325510251963 -296082837994 578699547193 152739428734
484948698065 -145208785050 100121033027 -387000931628
78580843503 -65186889993 91283229557 376075328027
372020041562 571512791274 -189860545755 -6803129228
-224093976976 60310973167 246327134177 -648317134759
390237767274 485665826103 62437769467 85814506164
-21901301330 293646859092 348760743490 111899799034
159746093445 -260032174972 -619370974942 -189308186717
-150960430021 215743172821 7026969075 108813897513
-350008704057 12597734670 90165928582 125230476278
-476497591682 -109241530253 -324524610859 -36500426885
-470191423947 -555789783173 -45306681007 -179264949847
240870865058 310470577692 -314388869602 -147161385487
-21799118266 -89956251022 283827517936 433034615820
-48632149684 -92942566402 -38449329874 -147363496675
78927377283 -44561817200 -506018820241 751677299443
480050336382 -660637707804 158657375736 66062553950
247515344135 -45543899133 99931447893 -72229073902
149182264856 105919038885 -169532086064 -312537287177
234191745523 -190435023023 -75013839391 180110768673
-394079827718 470772693723 53416916111 -95854177647
-316870030061 -250364042864 168546360739 365766220461
-444427619421 7412929314 -237214189713 -176955410988
-501366669625 -432304484912 -366097562126 51348069947
5444626904 302163291782 -250895000300 72109260756
-166262417638 168677068956 -294064130400 192354454302
213510503376 -547182855094 -132764454316 -131347393675
112004129615 202408160978 51181845110 -88014155135
-375682896632 -124746205267 380159273770 -166370681608
32524472534 -58773546947 -189817606084 -820666567690
112090489024 115475560682 -650072220514 149217585800
-169360932706 -260148959900 198551540499 89989188729
-330972728895 227453389036 488023151282 -25553203836
-307315506113 570803308661 -113825775818 259646640396
187919055298 82063486621 -452960075872 203967326346
-253148054809 -598565002941 -201869407266 -134881257190
268007271522 -87356460474 27501985577 460304091056
484681116516 -97859578483 483675804194 6412287250
-208792052351 14671610758 -310016758148 153132576633
154316605042 -180123591121 44297886217 697626749412
-145255904575 113981481720 328737684049 167696120665
-393698356621 -104434766021 61678205599 318378519917
343051754220 340574173510 -137427408563 -111787593390
-455825836280 451159698768 -54289871220 -63924165278
298001829344 1891021881 -33720508114 -181833940621
108600100525 -37398577444 -202493173539 178238598603
-419179332836 -13325238235 395113401671 121528464664
-129144542642 390398548128 -6449152836 -24535201882
-462721497009 -531977432990 259193238572 72461546249
110385326837 204568333096 277117757136 -302253239856
377140714945 215694203937 612187312562 5929956637
282838660087 63170919863 -14715696731 568108731075
-31867016887 134548724241 275116011600 -411009159608
-181661955986 449068705139 77216237644 501840421339
129184384426 -217566772095 445128576150 274858596511
69786282478 -303213011902 -325028850930 62306029019
150104887022 13037065525 731207625478 204470168476
462204961363 511360385627 73951979355 59546331895
26402418649 -156155962198 77132161318 -164443112006
-261997968199 214222020981 -108167228878 287943117694
-295224849856 209738452356 -8635028361 334713669179
371354945356 -216508456712 -258685138444 262791146734
250612269918 -183841870950 401186822048 -2572169409
-134295077150 -413000206980 174317098503 604633995546
591648214276 -146550534888 -233028416628 193428132034
-130022441900 -508651951536 98599348796 -298728654956
-129489839227 26262135522 -119244636868 409239299040
290237929299 -344575759048 147176698724 500971433182
-513457302253 81792411535 -272861729942 84539619740
-27532088014 -460769195323 159096623669 64783383318
-134527288060 -206434680202 -17412039684 -445971530134
-103129514715 326690967247 533041618054 410923805020
-58680945763 394193657564 113539255668 -257243944066
-387839668833 -297796754850 -331637031167 225140156095
-231690744715 43757608140 -98189731354 24905223357
330141074538 -183340848444 243458835733 -368045173569
-514671433840 -148478047783 592029373790 -24148274536
-71736528601 -459124005265 72567148315 -127563666035
189901639025 22052354458 -215834966621 316447665839
238438284475 131610199446 451571520014 275390968012
330647928188 -608771878982 293040312375 -276383200582
256741946872 287024571713 550066465460 -90101450724
-522029356368 -183673899970 142525071862 -122156820429
310064699916 -83409679909 -356884000995 147485123882
415365139134 148439764822 -226313906831 -479830370860
69983290302 547834973638 -188427185086 -200976023970
-400091596901 153670169892 231418657053 -352820183654
-50933381723 -124518062401 114269413803 107005989078
166229219181 -257221095137 23666902161 -321515741407
-161469315310 -209799703045 -305319559946 -207833150020
-73824722445 132452917978 113326063749 -499851796321
311891582537 -63214708804 -126934901675 -99801910390
96344522703 417167463041 -284547590975 -470093524341
7862506743 -157337904136 -145485483534 462875061001
-31704176490 247233407751 -166063905699 93848250790
148691935046 -740931442963 -265929489474 -47939978456
-274262273147 21148251313 -337092774684 333421920900
-26507463520 -307428687920 269088844979 -518178324390
-761697089473 -163428458950 -67162959983 -66114168294
-284440509913 148145226328 -227127392854 -232247086623
92193728921 -99914074177 296765186298 -17719893282
-326078524223 4770332871 548799025310 -5348497166
135745794866 183016766855 389962116295 324593981011
-48672188590 -240533521608 -436691490001 310007937844
49065402140 -29792499289 -192020158015 26122989721
540728314654 227372800239 507564720255 131565940910
-24053834307 312684947446 -127668948593 -246171480332
-166214930864 -321988731271 89961358191 -16363383336
224457964473 -699431492189 115579202114 -551738559499
-477116710384 67700993690 535944161557 76583131927
-19613051625 305445639455 75546369429 -617790839872
-436174304190 -216962372699 316655466470 130861802076
-309495165073 22664687754 -27025298222 -252049048979
331256541875 -220418648797 268235198761 193175423759
-21399102866 -69666396528 105647179713 122958116403
73590218854 190541712205 -177189658072 -53253568070
192621931796 82901387342 -499533914114 45664850007
312874712301 -456969867420 237838740830 73195578011
59158213756 88987261387 50716635216 -396169818870
-34119897053 48789348542 -542262599587 -18254975337
316841097992 48040913729 6526535942 297953027875
243122434921 202023430624 -139683063174 -597465953702
-53311269390 -346703146737 -406826189306 363049774935
-288941653182 135152921397 -272097877138 191870135752
384291701448 463149142847 -103006846792 118910893653
233891941358 -583250263723 -298215885088 -373106039200
-637742190616 -37707350102 -85086083593 -254418236314
-401456372844 -215334685397 140733749267 574069051164
666145075800 92463542517 388566993937 314896448944
76120412117 -520571542423 -75916492152 33157693990
-80751905866 401269133966 -174243250027 -218703115490
-261952803322 308361571247 489234810007 181509247904
-8274595529 270048486194 -143391689627 577549056687
-29074990382 231060116881 -128561250000 -47315693993
-129710745581 -337499867323 398103285757 -62122539845
511299831846 43445792391 46813922457 13297586971
-33336419187 -148117355763 464438521569 -338423518869
68270441089 -337607641218 -355923950765 168902930098
170911294386 -199891543038 -116546298054 80699795508
35344374192 31271438930 304631951956 41033528556
149304795593 600623603827 -66309161155 107551280993
45479504858 228914187185 487735528053 -87278486420
-400831325482 57904567475 -118873734226 580564844397
528043887865 375840246684 -345947956732 83221028888
-130642052701 106924121220 482922684071 307267495181
371092534008 39757941096 194047919980 -31763937575
109930580904 -58446497680 -226350356014 -74403507539
-229187824910 -227801250809 -165751516487 -435905918652
256826818915 -94827549450 344136506740 -357017949548
391515833025 -518691700717 158463845259 418454571033
-310259407603 308069212205 194904801797 -203990199781
-388896256991 112910478782 423337910914 -284026352717
140445210094 115734762265 542044265638 183635677772
-31133954800 693827984219 24370621766 -217120653346
-3090732591 422753869259 -297217448669 137451158851
-261432407178 -77881454306 373827843396 -105626294082
217092792123 275030893037 -38587309807 -194372846357
-73617956528 -382517609343 -304039053577 -10455979458
-725079279798 46203168799 -132960630099 134339481587
-69234917737 -125799449952 -151543934513 -617143629202
-330219707774 180007810478 -350759558623 11770356039
-114927909547 96363275737 39351849465 609486157177
-233180756994 -161438599041 197838256995 672513637
-90470912307 -122353253042 623093930978 9369423341
251026004232 -15042071948 69516673754 541146195769
-127360531144 180516538661 -87459009116 -375039759389
18183902381 712240064401 226862579275 146805118626
63847125762 -205060731201 74257138191 479492158553
252940746597 66020679731 484709702530 -306196353662
-131339711600 -365024913031 -98702287662 43524368303
-323534168037 -146157378998 346784830103 -239451756522
186629536658 66141169655 -297637186533 -319652081739
421791580210 334784625821 -9736440100 41897216670
52341608453 45926092677 -281102150702 -66165742269
-711892745064 354052088363 -98209401878 231636045795
-214774893620 -549173551434 308832968230 414433217507
170564985295 145129448514 620241053805 -143197283562
279983414049 -168732048207 163281145460 136393708743
-145605607948 -448746406157 -266750406023 239351974546
336628412453 -93551023828 -206465035304 -134221126227
14373063035 -243678957119 -70580892112 -188180276551
-648417351614 -96461892667 246026109728 -153033424782
71075465556 75165891614 512774492396 109798921675
528925853850 -305991313269 140098719341 127869583776
49927497537 -13668765380 -89132687891 436027159349
-37484846859 179573552224 123274227175 175269204548
-50051386974 488212859976 -90894989861 636989220463
515353008678 43586819595 -113139818222 -161757912597
-375368363396 108045190610 81474353947 129690978987
301804414478 -141482338171 123360027955 -294156934135
114546021257 203737001009 765490622537 -273888371794
258788502090 -527672700904 268805969891 583690844022
-54399903264 178652983043 -134128282420 397704362821
-183822365038 -327263806559 -418579392708 -304071549874
9880702295 -339896916536 104577886686 -111943950482
-522100335320 -314946011295 304674346426 50744799173
1287970439 -21639819423 -32544851019 -169749039171
335941116072 -101912359084 -94250163918 286963794991
6098499143 -530912541777 -14377601272 -279067694127
381587883944 -490384865257 -25706280043 -529977672094
-409673118393 -557215687528 37828180801 -66804821594
-419404824420 -26021090389 11922440702 -114686233445
127855348247 -172531149345 50358924505 78956880059
-227321978968 343573416849 -700847291310 -220428268190
-43879130806 -206342623102 -36692667664 -78272354300
407648618205 167508820361 -54426711367 -77691968036
415409857938 141136145878 190061398980 124944544378
205387564615 -105826594243 -214109697463 201662747246
151098780842 -249425063228 -529868098680 502120500126
142231689607 118309671503 -220072469408 -568842173688
-129317721266 350116224742 297617395000 -50368830346
-124730635612 194635783126 -408160838552 -598076586566
-75272076577 -285183675844 -312223867168 314743958550
215341141907 -57532705571 -298933801296 59417081719
-460882943021 459978963225 326525478194 -57704441254
-442189377804 -167742218802 109919297817 -307060790386
189332566403 -620634378324 194311910216 -424877565028
-254823585157 64436089774 -317845374181 76812414671
-345383010771 -224442357682 320082871912 -15040544869
387879333719 105259935616 447099921151 -144112328148
266074637946 317753862883 135103156603 177990072522
-266000863745 -281247905463 182152978038 449693615982
111293253345 83054820907 187860783792 -27814176734
152718104255 -300421967230 163418297685 -514546402993
-343340010744 -304754651265 148191444827 391756079379
-281237397383 342122612760 316965282829 310657429256
131800453053 -5822299275 -97191606790 480888994252
9448242107 210999895149 -195456941097 143542192640
360199607140 97739657481 -7158660655 -10321772271
-338893607105 -337461125961 -196547784975 43291783913
-385847049695 111288385397 -291835543854 -325576244906
-336382292002 365882371737 -542726799461 -145302816224
179263785673 482136321493 28321675739 107032509448
-243575746269 366523380735 573835014906 -302926852514
405156068926 137060640138 -233935370413 -32990846987
324380822790 -442090921920 384302252263 -435761440982
-96471068644 -469786466593 89923236223 177155307283
-151725394364 -180666545682 -276084255993 -156888030664
-319113109651 66555551949 -18785754226 -533281139423
149218889879 519838750227 -10847464028 152177604362
-380302107402 -365554099546 -41888991105 167167780065
431487232352 89509324491 -12533417383 -34391445135
207937543851 -186689842291 -238603686810 373071502017
-251408321622 64157667466 734760240442 415692512873
-179422991913 -157804292163 -396655692384 227237737914
-518389975266 264475985390 15823311994 -165364643819
-13209776468 -33062974037 105973025453 -162709583405
-292485497942 285928182129 -268141921819 -301155116331
-286495232352 -193388167992 -339172460554 174677270990
114208359799 296216891419 -254218310028 -317957137676
104759038991 281072187921 96568899009 -14321588387
266104083377 357094301224 -181568676344 174834524916
514833992342 -129892032734 -523390507728 -220867658804
-145591675609 549474615523 281080748038 -335011033119
35754782816 147626100530 -7474100890 -164995534164
-353780175830 111112807143 106845887514 338548902253
558551055641 -3908911640 458507388283 146944099634
68363090303 182612363830 181547025455 44755374477
90557934989 447534758246 -313907633237 648440493817
-585487836683 261889613625 216302023937 -79191225475
-568581005825 -648456875125 47891258723 -109584290206
236132961360 34392853982 527298080486 -16241876071
12105898790 11583186477 535492784559 -18134221660
-56882808880 366720350707 157695958271 -458029984101
-247295565171 389644183530 -32674430932 -92097848409
58747714867 -421753574394 341295545598 -212983541229
212987255552 -94744141234 141922175116 409875165690
-112526211134 -69635856353 -410212055016 -3728294552
-259588521502 122425116962 184403578803 156824987692
112856630326 -51837717931 -142202535285 -553391751697
-268372355989 117971720410 32614657075 467593687428
389499114176 395867344344 -127088582561 -281184857004
30273736140 -408795956239 187231064404 -337689450168
90352594944 475806814251 231710077328 423682373417
502308930744 13731539394 -13933775068 204943398704
-164195777143 -168196244940 -410430328331 360331240243
215986256531 -315348734078 444718979220 213854079539
-48812514442 232617696548 57195254717 -58020813538
-215663134030 344790696291 239405793673 215580590752
-197989485324 380520596831 64232245755 -386765286518
432922470848 52248072613 -264731084958 -331844409602
324161737229 -36544882129 528702214692 -37872702387
-364266370260 2549543945 338172284530 -314382481464
165221463200 -285044821529 -240812840011 190633716830
-149274703490 -367214168232 287321040314 -109818756656
-246392211652 -55940799882 -135376327817 -34656721835
89456144645 158063953660 107455180093 70180752483
-41565644114 133509014851 226764388126 385099608037
-202572970879 78173353709 -506725054009 241403094038
494269972938 -291375586285 -65712049624 66993220990
-320616549026 -77690673685 108633221018 -704117630363
443541995451 337479177133 -70382331753 -404319379298
247496835113 26650157241 662970157784 143662720506
-457255045337 334160546889 228654509655 222219330731
-157415871669 -643935258793 92221603973 71629188526
-278738798182 -87302632331 -56737199757 -209883572013
-485868457884 -255942616069 -10383296445 -188374035252
37310719226 350597291714 -158161476919 134752595735
-156324112205 527879342303 206655306162 35615838489
-331163096882 -240131691286 -39295597480 346332646340
-430656798110 -145384472481 364698592969 375789987667
-449864719384 6209619065 -561806855764 -278645433949
22727552409 189596770489 -132587454337 -435872842708
-227933370371 326518495587 -212970718392 419264747265
283048943642 -420841254002 -118199005502 211145882603
-107649855470 -142203249340 541263765991 -387498677616
-136818518876 326447154652 330003074044 -41518576767
-70098698257 -138158858115 280324838911 25197762460
317674573220 -470907918193 -190057501884 274942779263
62009610839 515912519299 406302473285 300094198169
-312601170181 94767183097 -28983052356 -66990672527
-261607804272 -126859594607 -222270124652 -604748414492
-16825081677 -557306802030 485565969374 55917997510
27204688697 -166340305102 143703957124 293419566222
-590494634695 -187488641037 -287789935683 361637253699
-245001381734 204181206473 -261779571092 334447465894
-525345456838 -52929335846 487753365787 -135359162866
74750682794 -178712651646 -100637846654 -124005968877
181266181701 134448162747 119005690575 -312967346226
108970431962 521748498323 84615081952 280471919822
-32490712511 -232601505412 444660213357 -237188477179
394640387429 -190422720291 90711323557 -238092370180
196154564279 -195915073053 -462780493415 338819307633
348563241912 204160130058 52002449579 -358866081174
375353048639 124461068915 253997816772 -248356490085
244581876448 -402776935745 -70120209408 -143362725090
260117759795 86269503254 213872167336 521620491687
430744202536 -418850138235 135964864790 380309761689
89886673897 163431247401 -166650242784 -90226750399
99579907389 -77907809185 -617453042720 -233310787799
-446596038922 -404935889651 165344948516 57216298531
-214305227402 -223746310465 135530357359 -535215311539
-170321243976 -70719814670 -188133683572 141336501346
-3621295611 -219158108023 -57887027726 368813910911
-126239779755 249802596438 15728850113 267824783139
381123868816 129615318844 -83833613983 -297505119222
-568538232717 -119713706076 -627739108958 36761195556
-5994932767 -413585439989 -200473210044 -189075027257
-448995790504 357881583024 123114922317 129509406421
-8270273043 322823963819 -118057277884 -121000405685
-82544603191 -271453032955 485586653700 448576855290
-211751689318 -505372885399 258485908562 -140283854792
-432746202955 266340426737 411899010445 -328466377880
-70580993957 400424060804 -219969556022 571912280840
-57952430970 217938981933 -475418132320 -86256973583
-208928368291 -5697583653 -11499829144 115411605972
237612487844 -208427378254 -394478241029 -306917514676
-27665929019 258983032205 299765301878 325011298204
175452343184 -316810159814 -139577989506 189936574364
178275166579 -181027923677 1706416813 -55980039572
-391629728746 -232069158175 -347481026429 221878491703
474221222934 -35466269904 79346122974 457426973956
373541383332 285352083404 325658920415 -252153403213
-7394471202 -641819829081 286185996347 261247946252
557109201342 -2069964783 -381453108567 151044818177
-466721192152 269900406944 36555942143 -394937248303
1803427917 -497168635534 -152629687852 -523243724286
-310814409764 -507522231865 -101431303706 356884258874
457380445997 -107846553708 440983658751 114503919166
-134739600991 -131342444804 -147297344050 460991122354
419475645605 21981724595 -36250242658 -56180354135
-198223386475 57436268061 -164409229089 -92183029966
147519213963 71372050049 244346628636 199192334655
56789634524 -11880043876 -551384840219 305826875964
-425820295742 88193565409 511490052885 219034102668
183609758293 -14347022674 -136430952606 -95815356663
-54185512704 -613608521182 276777828914 -123418435078
148027012108 474903318257 69975868707 541379072452
-139795723518 -57458171863 525599876846 -399742206655
-677043259451 -12082341931 80386264774 -70464278076
-56081512331 -642171238686 233951026635 399123526719
-301752691771 367464837073 176291841068 -183309965501
-227787215254 -271829849691 -52404618332 226587088383
-387789290145 316562693564 250866944986 396437077682
-213813568131 -93626929821 -357433271952 -24145924831
237206326205 -43656246660 574299873514 66158097830
152890404672 -33547666640 270313946019 -238688655544
-86749382211 55707476288 -173911004089 -271293634312
266094340301 186013608848 525472591 -72187433328
244334317883 33782601527 -34886844192 -604350107007
106836652001 -282586155554 -70979508454 -143801684556
380536184553 -126590516386 -180837938069 -48343135363
-33923588821 -136529185454 382956787603 640772460
269696228923 11870127453 -718539634908 56976086972
-371305895127 142662426298 -109351364328 4548814070
514309067612 297252569886 311290648883 269248729206
-109186188123 -355734921377 21181893454 -317853940009
-119486175337 -341501664531 242364065567 294710277580
-324569410537 305149047432 76615800297 -498480516253
-251063238869 -504052822882 -238974840091 165683242002
-336501873160 430267305903 -258959055894 268632971400
-138548804540 61196451172 376481189814 -474683381883
374605795933 -598035597966 95571440943 -383024535234
228744320001 211824323389 311174852526 139680470201
219410961887 -382551855593 -129175199442 -184035723370
-42499978803 -5171604323 -687791905407 3661338089
111917328912 322755707691 35189150793 -344653190129
-769017334637 -304076369681 164459496871 -64885150443
-8098112108 22408029980 -410263983167 -75376222437
-7520153833 358763164946 66888944198 3026531876
-269872347505 -64443814199 -102342829605 -183894981881
198373553244 147061600266 14991737124 -299549726311
-148273099027 309417635251 -225343318328 -567750529574
403823754874 533513609783 221753288851 375914709900
273183029467 -36048239379 -284041464961 -375485524320
-425762320632 -112443853807 258660647284 -3801354701
173606934508 344629719008 -195358187012 -596338390350
-90903101154 -50062259538 91379515340 41351279507
-56879060479 -146172856437 -50109609266 123199187948
45638586875 -357103622758 -103212065199 99541824299
628668396868 -536702533008 40599425580 -77427280569
-223611804116 96115298155 115129087456 -412350541034
202039265893 296992788718 345994638650 -81961944289
-114374681358 204300557437 -775946105966 243027159336
195385207320 63431570677 -82790003860 305712887915
572536448438 446618087107 50787260090 -318188357327
71933009879 80496756960 -243275308373 182750769121
67161808688 476887945644 178441374791 -42999919215
-124520429496 344708532933 -683925367570 77886418810
-277679373731 -191140189426 30932534837 -64476483490
-227248339456 233142323475 -222593688342 -162871347064
142221050031 38158075663 -381173345626 536888220753
-582058630554 501270603492 279111122582 18217698128
-274613824936 16030475791 141959931793 379073625793
218447227093 225925106248 346820039138 597462310081
56218851777 -229130460321 16138615664 117848492542
-181527929998 -19707909662 -155706195257 -153725751587
-310922578400 -415584848299 -189208644535 -577211338627
443836954049 -91081044696 537518525029 185116464170
97883502560 -188731613336 -438235874427 273681078021
-118949990151 -376550174418 372650127995 -159194375507
161715387482 52350290411 100768076739 101740712683
-343746594342 209684251116 462250171115 48047323373
-20369273942 451193655173 86121906189 -307062903319
-256170549869 -302257862779 253572411464 106039210406
-71996086751 -114692421278 157300449585 -164913577663
-407872867749 406684572541 -109969582862 200250980126
-453834628528 -248862258708 1576496454 572072422485
307805457741 -243846542793 -109409880967 139854657584
-136917185320 -400986870793 19821382978 -557859296440
281382109081 14092074320 262498624899 -421275846543
176253064774 234691128459 -226002564173 -134301685282
-318943706002 -306652672278 15483937363 252261424998
100434533046 -63925490149 -509887556858 23596392678
205823014653 -505120328535 27930555503 167259747695
545475461431 77821621981 -220041083619 368232041080
182796289175 53372310103 -228848203820 72598780432
-80519384799 -199677196451 -133653527539 154908616831
416574835440 86247706976 -75860218571 -411236910263
-344581218101 608892442814 16436290744 -7828597904
-295169799854 -60808520120 -702809695503 -258988614540
-216550035981 -247772550568 -334308786706 -419116419420
178471561867 426861496649 180032215023 -293086065153
297008030237 533964819779 -692002914124 -13963489697
-137400206863 -106017481155 -98995901864 2417105031
-207222884468 -23949921138 -106357418339 378425504929
-31554055557 -248529691206 -298505462360 -194552136465
-477857337041 423047587252 115466907963 242446615037
-139300690334 -125601782944 228413878123 -11226313221
600518750090 61486148374 332462871995 167306945333
-99816734880 103041184418 249234335668 -516882432804
-170551760679 318351269304 168850686775 -405837223693
-350425519401 295311112056 8661820803 195998624171
-321127496353 -165704796614 7082266809 362915466884
-183306923709 31376344887 582303535727 -51790886541
-359367039906 240588877076 -106634058500 109266498204
-65700188326 413567337880 264544603675 -42971384351
62809515050 395855596847 -536441668893 22918112889
426793767322 -381017225693 -63544963048 192075461687
-182765107581 44592341846 -104583836287 86341309359
359234348893 318638286553 385770499603 670123366565
-420562019050 -172388311450 -234111100143 547485258876
-81961742064 -182998639252 146702176704 -196832334850
-362166298938 284842897644 130568413528 -139219549080
257894541614 439204020880 -185945782179 -4563977524
-339739750485 152723801310 -246278813878 120401427973
509006126225 109011697927 -634056208855 226198200778
302981754703 230481928525 480635743945 -122303426713
-206601739949 -495690333552 185819698562 71480901031
107121647557 140903082292 -32694119461 423820222870
-84639177680 209809791473 19814410838 36148172968
181651113911 455705143586 255806149885 -171953322451
52050070479 138778627562 -105784290207 218338432099
-565889739255 290955084683 -272246625628 -279412208668
-36208486953 -390883592888 92078205590 400485347812
-338449089378 342968211559 181313259901 577440193159
23921336816 141733951074 279678481638 290178328125
29848624517 -157606220943 206668642168 484151378424
-21218436745 -117236513811 132575841171 317863555757
-178294348191 66902147075 645985753380 -366254876762
388685125502 -228844652568 -103748373511 205943225764
548817241564 -539972573785 -148142475993 -243052483619
55214103101 -93570268014 -75473274651 -452408839342
-138182549627 316739498020 -535153523390 109602358738
-231139393328 -123712411312 54809433960 286016990527
-326855992165 -273023635861 -100665651823 -194683138007
501849143637 373316879100 381952047233 79905729588
166070372974 409129803226 -179203057816 -268220399115
-229691677738 -327598942298 80498126101 -119204277342
-222473301657 -157740490689 52999497812 449074544635
-73774732922 106123113012 117100822254 -500348730360
-56393768408 -310195242093 -439660529677 -60825289029
547753060728 -190585305670 367683785426 -7226540045
593059143773 509652401922 -152235619706 239857724793
120786079193 203167423746 259706155270 25054766153
325791297626 -188370676765 -348788197333 163082969340
-80429187246 334828732219 -75287613683 -495618868584
76087628496 97793984250 50766826714 31584845811
-206453614813 276568663314 484537932455 181176336300
-254876373472 32025480565 145719182057 375091640108
222615384547 -543705886117 422436909102 -198296418747
-308053714167 -477828898826 266243312396 244218870074
201389844823 -502430795331 245025938897 153751174926
-435703727472 211177902247 -189184924096 568353485433
-57189096300 -485335434232 33620054578 -179520608768
-306778455783 206233257506 489791940857 -46754255897
440289092511 117852121296 322611526113 208203111831
26842391697 186374550028 629100927599 8752732570
-221804738920 -129273409517 209924008985 50168494227
-292545401736 109590025770 111240861031 -696808072987
-279633056112 -194767460829 -117079038339 -43592975175
-300086390384 -143582683298 -82923298115 -46553371248
282350928393 -246307852982 -124043668847 -154036838231
7845605260 -530730163830 78578498445 313781341681
-422723788593 -118276303661 24951866975 -63524569330
-584350702360 293155332085 -25811257597 -43869114631
-215067450191 -327648976575 -514673784156 428349695248
132352391028 9601866181 -211253581888 236702265915
-147535545513 280047845422 -360537775720 -124388721817
-79866594680 -23628470741 -91104200974 -509416467939
346115241655 183405376698 -156223505946 -112232395116
367374298356 -7270458963 -187723088183 30840483529
-70395293983 -276304999946 -614189227971 -381842426668
353023693730 129396136961 -233064511126 -70631071484
59328464170 -552437152437 231384407503 -465567020368
291382658180 25341526785 -23704560076 -164665631832
130377452729 -282291159525 -148182599448 -129652291945
39284097480 131199307185 286922422458 485948808396
-244302694318 -295857280050 133358183887 -527268069402
-98961429898 657018761197 -225334057773 132866512099
71390800192 504201907142 395741080996 -549281193379
-485298553610 -57561215062 420404367016 59114833623
-73168091114 -12939287464 -133399711968 133499753613
681671829873 -143330540510 153617046584 -47059703588
-149333030280 -199980704036 447457679154 142924840175
-139590407769 189924138384 -189334118028 -266145846014
-273221948967 -170128426106 -464527064561 -88101233224
-278031409208 -95052857818 -193716601083 -480811707394
35979614566 -3629796570 -85033990291 -603776933177
88696526637 -192548441523 463618134364 -75987965669
446321074272 453217383430 -179221262546 228536608231
-63216192961 226322040743 -28942468690 -108794444510
343879972605 -191875377414 -508353355039 100002402597
-181747634867 471849709846 439087934874 104874575832
-521272068235 295936302433 -403609335672 -8151709944
-33718331533 209373483361 66139399598 -313183535947
419052959995 160697888420 218605306473 -408555492827
311408001924 315289271447 -200403118919 -209838524098
116664820383 -425610406230 29957349091 -65839212876
-112906464362 52346716614 -123199628904 -376213001693
-346645688780 -345387792710 184957092619 86733640813
-409916905933 -422159354811 -302665521641 -84324370293
116171774745 -227933407285 -89045283734 -390378681710
-117493265894 502981521921 146511844841 -204128783369
65157482150 250469531689 -103136516109 57170703061
-371890612604 215383728683 -635297278753 -108231299188
-594810311014 369519448627 249546117440 -41998476070
-44846802796 -174948152026 -382194139912 267846197689
60944116369 225491508595 -276334524712 -122413610804
-94275920298 174997867339 -109968139720 738992776079
-400993362423 -192502555264 344343381152 13527820293
-281333203212 -90292453549 -447773752034 -107459209519
-105516255340 524360625053 249719766477 241568261058
-469151951597 -298362901930 -70318662286 -198955397013
-330366098621 -24098981485 17709538564 138384504261
-106539437974 292326153985 -216646526154 -169989671767
62442195513 -418046672713 -62629386837 -164623051062
-251647493253 80064610735 457345194476 -468866598755
312594698172 -199524261295 -210807746628 -342388611040
-223288078677 467796208304 -507142676490 -107180753306
-150587861072 128659057144 -84583210278 -437183641413
-214120423678 -230306093932 -286326818515 516549993143
-534601930596 -180074455629 284757110675 94125135102
367800519434 -419941559329 -118312228279 -218681795127
-312281387089 6504862440 -86748211896 -2208164112
-135082696760 -227811946306 299724931498 254386159501
-300862296155 100712009873 695124713131 -184153058072
-145572977698 85299886558 130955055259 361045062599
158213179820 -236084985402 2563236141 556364499358
210251492823 791147833055 -149033378049 -75329249563
12625752215 -80583901065 181272451794 -222386231781
210459869415 -123860752759 -98403317736 -226288357562
-451509576572 -215114018963 -398454637314 -352465705904
446864476397 -67281783674 399890309779 -348400177412
-346421044939 1538252328 69681747843 -248399730320
386914177892 401668196956 -210723697589 -21112954710
-282247336149 19261368339 -74692808583 -492251384585
337105724425 -237389547783 -304337113672 536555198344
-319169414666 154248208771 8522251117 126576280806
-293792713540 -273038189546 -61528538471 48104964661
-36544319108 468762613645 -207034873381 -90580958622
21992771070 234337457315 455926765702 226269292130
-140237203888 -448259096980 254194255720 174128256337
-557891495665 275152912489 -377999339564 507279121482
-322834781244 3154776274 -4505743726 -212261550835
-149183389544 186859348836 532212827250 229495313031
-97998845562 -312043835058 -334716849001 -78975756547
246391834625 -176355531277 -412717844082 -440559316997
584869024998 -104309283428 271554328998 -32486364993
-129752930556 477435506159 15955838644 216543966362
24558452178 537359324250 -310136134567 117566679408
-223672881830 -116133933418 387723713358 249246914294
-500203058687 -452990772345 -273069545884 9220034957
-208395343199 143646639584 -270994959417 -201053994364
-216709637882 -23245364817 223399107020 -470327219006
88084673414 179097514977 -43205914858 193375222020
67103232407 313200144391 116149425252 -569452403361
-420159853839 265874397541 238207732257 -209889462515
18972253295 24427732678 -489020213507 120730581236
76593566418 371472231251 146629503930 -304466401596
215358492990 -172712066779 -123480003759 -122642012845
-485569658848 660862202182 -356283161695 63948872202
-278681729750 161065724220 667320435760 460378810553
-186620271368 49588773490 -41607176459 -241200254115
159982832789 81977646682 -47647481615 -282260061441
-363762053824 -219107675384 -216248529327 -300595496855
373409730521 -11748644948 -234558015352 485332746335
268579393058 339296314721 -337472707731 176856033555
-146269163910 -248191189051 -189291436932 87718225889
187426981846 166330409458 -179842245525 196795454215
416503327307 328307264479 321175315808 -367105179342
-294829636413 -105928260197 158589696098 -14844911205
-46744753802 -102150469570 19360262228 -457529033009
-322286501244 -458935962206 95655070072 -196547195966
-30523577727 238893397421 -365503392910 -347228510044
-163254674351 -47934812259 -8662256711 -476531294527
-93242053062 40055536303 79370555820 -532121844559
13816098138 -17555450733 -285114969747 95202760187
505629418767 8701165799 -363558419657 -255624337402
176252006496 677861388598 507483059220 -169713249462
-368766368253 32414705774 190330405822 -13934034486
119778967093 -106593952419 462502316094 14641285648
577487288042 -484207672568 322829311573 -131886932599
391435993150 -279167496234 36827749631 -65570653243
-2150737610 491881050915 417465736981 81819782194
203408084054 531176264816 -162707955713 -366328314853
533871234893 -181834486760 141227936629 24352902293
149034986353 43700196649 206331776063 364202028609
107586147943 180552773635 262533019554 206275806862
290073006680 -66329906377 -157455416409 64360898888
-115789257846 -189301347228 186914208174 -207199084006
444287613984 -35765739427 -297069523240 -392481642624
-61746737658 93264864548 480953348047 -641749597729
266204424329 513277943663 -206418929125 223318907062
342016441978 -129348744075 494516076469 127256365145
-38093713452 -121212620059 109902516084 -155666675170
6414782406 181332753152 165490490435 662462819403
-538493172147 165553090425 -200537458617 128007640659
-93610981998 80799338012 371688365809 34937475239
91047593826 97856407529 531606381942 295924023670
437890757670 390074450592 192919415761 -459594246735
-12807036485 609218682707 -445459080325 132833606317
-293314909405 446346392288 257916956266 -53643398079
-216671052256 25632453098 276616890538 2843349553
44544337593 -335516462123 -232927541275 263523055605
-87730241157 224488121700 -218706357530 -140516323588
597416967280 150863779756 -137054776042 332846380029
438484397762 161535896175 126305247767 -305239017032
75617062931 -368810117640 -627512883997 -278442955772
-283032698844 -245999029239 522906443560 -248063288009
-183559826034 -188990752910 -2587611403 -476560583475
384028257111 191997711458 -40907473427 73533717574
-240658367885 188119298094 5484779510 187557756593
-68206762639 -46838750009 330144118238 36223841765
5163395676 544228279953 -122462909065 212822522525
-527015290057 240290886814 -211575180825 -108689627102
93476054040 -553787417853 20107240962 623628248108
347471497635 -55231391124 -92955524859 -194530565528
-266307094619 -59592135002 -370583088362 122044246058
-381751226554 147970827532 -338358003125 70716340608
142449410226 -196194879474 7372396184 513584921710
-41791966373 -452727263306 412406999791 185015903497
-125090832740 12831852735 355850270398 367124789832
326823375116 -13232135499 -213663311803 -118786983145
167799819376 103266623379 -289514563715 225182068411
441894763936 103777371661 -158660841020 113819668536
-11001426416 -630453921801 105742864343 -409588097026
-495670060046 382235666000 281363953896 -180259111051
114390136867 -15624385737 -114178172565 -507460849146
183728221639 84028171427 188335791912 -76220613649
440099532736 402486816430 543371283445 -144444285315
-43214212073 364443386009 202919779036 -180601049698
-15951513025 156398318108 565250905238 54448842729
-23367275073 498818772550 -264672838698 162466805427
-328810425357 -500350778053 310103400740 233124301325
232712549767 295323083899 105027204669 504727746935
155887770298 -136752382731 -282250476897 511265260912
-336305770207 51002517517 152079118275 206377296040
44156756985 -49445891333 -265800828089 -531218558935
-277567777529 -63167636693 -301506702543 68624220655
-461768852233 -132389798104 46385707913 -51471949051
-216968744384 373216026219 294308375683 -149921766154
-598630485087 267916056478 -330075169131 113639734483
327802774549 293058351291 -493265716832 -300008154646
24129703911 243454608067 208299294190 270358368558
553339912816 -202113945700 69523274473 341614691311
-101007144540 46810905541 306495451296 -502425092135
270489465396 33314210560 -39193584234 117671920470
-381925869356 -4765559135 -566328806915 259598364956
191839073183 49631320730 -113824279781 -418978414685
356325236905 -659806946466 -255962328364 -132492980148
-351292856290 -327932163161 -217665493052 -145773324821
111535746599 317873298407 -278760722781 318672830812
-56967514464 149806519616 -296787636941 -161063813664
231692856260 376615714023 -24930816521 -211402005798
