# Packing of N=13 4-dimensional subspaces of R^12; each block is an m x n basis (integers / 10^12)
# m n N 12 4 13
64730090956 174210120808 393525869977 -210919285690
329683091544 -195704550032 -1806200096 471872615972
-512784879501 377659920052 45981106174 155016721433
-28609548149 -322596950431 333768445716 -296243368349
136814383733 187519442696 474850846467 530062318759
287319568684 162509067575 -394544993336 277106620577
-331413011683 -145689070734 150396926079 -100854347350
418674732103 377321789830 390415606806 -211906800230
-316790461956 138628539997 -120441519432 224203780282
173384179187 -102190240680 -319232688989 -283374739564
-59139545806 630243716177 -184589016965 -207155940396
-321002575643 -180602102001 157914710349 186404339940
-236246866124 103466778561 -500616568147 -88058197296
83566368364 -201995896446 19183510532 -52890227512
-137875185322 -492841249488 -27942018748 -105089767678
-159946236503 -396822892586 355466566121 -379051749435
-105041826786 47579377440 -201163528865 35435491087
346032057619 -381138429488 133501889706 -334740903890
-70725808746 13182004163 367752653168 87697392349
192003590014 402843468860 -36921165363 -547007789633
205381798255 -434517597176 -388170688043 325838118497
-247098295425 -220745991638 -348126399458 -64478098759
770246680003 10978705952 -62103250746 177109623023
153143812931 -22126589991 -388918777518 -522315101390
475989340219 -459011558825 122163768356 114409461228
38019397232 82541767776 142319084043 -200611661302
130206536646 -77974970937 -276677648359 223376728397
161980566526 23560626099 -244337330003 184784406364
-78179868878 181339335215 -507260150002 -27562817686
-344466138408 -457764372966 -93470965407 551171287297
-53464854215 -517295031404 238721515805 -9623788998
241203779577 29197085533 -292591333483 365294388609
345709712528 -196117410045 15821403536 -174107210996
-101150857506 403212413706 537794869167 577896994487
-384149275678 -213004416898 207779609398 -242817691907
-515434858808 -136264744384 -295426309252 -36086059940
9327960997 82095465493 -111566200580 186166091386
-80329756920 -146140911440 192371726345 -223674484380
-168675222220 129890935625 323620453229 294672389941
503401963142 -47847312441 122495180093 -376101862285
146516135783 -553579295986 21026480043 -18650812377
-558477327719 -78990059824 -396960049272 63293529740
-103420273536 100913614999 653228322262 358118526859
139224308783 423673163399 22297889935 -223577150795
-504871596997 304413553185 119686110466 -549251358718
-251980719866 -447870098138 127021746163 106945462171
-131662888906 -176069624619 463266065159 -310292140437
-111478511387 -355125929256 -22633343779 -308289374698
410619026972 -122353326145 477951840868 -330002973631
109492173004 104749479788 265627300921 521633555069
97418210989 -252754718295 106916742869 526233445738
92519888276 -425487623816 -271635686393 -460563605980
-146292439726 680648408367 -17163916800 -222719896787
-104007544271 -253328084238 52298954705 -131659506843
320573158398 190339500401 -197493116013 -45116127681
-172481946986 -353818377255 325086358837 -27886850991
-467707443570 12287728904 272844950791 -36271323899
-132718784048 -82670135892 -194431917053 74216583549
582298808531 6223551973 -213435453430 126715204061
247347106809 182303397123 557018631815 -193194265703
-174228852187 80995241822 382995137318 90584197714
-2338836667 -110355704535 -307028836002 235296694995
277487462509 274197912418 -276755629535 -547046485779
-298778375878 -234557454851 33261747769 -120087398726
381923802807 -443139570527 -91781489477 -345619105214
91019573800 582656572989 502742064380 -138994993744
431125867931 52067195672 30617128728 403756642368
-154308898304 349863162966 -466345024499 209904748614
-286583449462 -248445388320 328303828480 11655860912
-239122590753 -200418511303 -68542316111 196959091907
-547861780815 192889946767 -248309709235 -333149635866
8815061765 225796115078 -166193610477 356342673189
-233552391361 -150749496888 -396317429718 -96098619359
-208429158937 377200506714 122910276400 -278153162784
44988772079 -282266220220 274769012076 -540302699878
-76834070641 -310720366351 92498256288 146262275003
-695779168636 -107704361716 158586479373 -15084832007
-428761945294 -294184044673 -314066051756 -181335907023
-59639553793 233912745922 -477404900638 229798371119
-230779557487 583741787543 119561009797 224138805380
-243870872578 202877643028 449682953249 -124843848425
-291771292976 -128409354196 105764318761 353242527941
-157158812722 60906277553 -282525807175 -47182886631
-4379735909 -322181622610 290779142366 566857970924
175099274581 292846602093 -175040958196 580578425518
191123306202 193265609795 -525751146414 278490778325
87920150729 17444234464 -488881541001 -109213307789
-458559702047 -114548626477 -6702429659 66035583598
-165965909139 123104818820 -12793899754 170448777126
203882923741 -614048263509 122969981269 133313330299
-535683225348 -149740685471 -337012235144 62064076434
-516465961532 -58601494279 -219835456859 25933344509
-120245320565 219614664009 40899862597 -419332798225
-101076697851 613919099883 202955821819 -181002535168
88418383585 90979662650 -116588671392 -3913334613
243937264825 -109510489689 -469307312687 -555982363137
195136966739 -231774090724 113870253725 569226373566
-139330277964 -201701997791 -496810811931 505566043962
232023945863 -379078244790 238381597978 13297489834
136338410897 620313082655 25624337062 397135339948
-373362309459 -105885744590 457026206957 76741125220
-350917481180 367233876845 -146496045315 91751927407
-118222900328 75650633173 -19357112110 -192424087131
259345385225 -169000306564 101684710489 -137030286631
25063274002 -101146245723 201839441123 413011876399
-723416874656 -242273707235 47531547949 39144528179
-33859923119 353492400256 493666612156 47722444796
34634545744 53551996802 -393670591085 -134128774849
287647999327 220505879816 215674080841 488560800177
-567745094620 174443914431 377587430588 -295800571458
75269189963 179929963935 -147508146129 362793135613
-60133623078 586124535377 -126523138316 -387640267155
39349408277 -463116576580 105312003927 37688700866
119106394266 110385365046 431316167779 -170099010153
319161664518 28010332821 -39346387189 -131785944699
139762857471 -344692807853 69544423783 -292379281014
559249581996 167471214631 138884324999 -323948215944
125506319813 305532099081 -440110455063 -20513130435
-301759059331 -53240914061 -473013040660 23692290902
170116541695 -273018398123 -364567470530 -390889600899
-528270860994 19006972969 -7152042566 277098637253
-408089698929 317017796899 -387613416007 -13201559389
496307925896 154256050039 -392698368270 -257204960947
114744310191 716931212736 -196413542344 153636078632
-166027563947 -153824241478 8611906916 147234285842
-94129218803 -95473172100 -211913351045 -239054814735
-30431611059 -529411167179 -635755157810 191547172171
-247552162872 -35005320580 130978026882 -747556913495
218569038695 -95766569295 20504833930 -62949471025
-310031671916 155339990956 -328503930484 -215159771615
-32123924579 114386935751 180581506769 301011043261
226599325044 -26238497364 -222818628744 134397985936
170751257845 -58767477089 330159165084 138457395657
631316861699 340092519095 -508417690684 187576165474
-8560203755 -62647468260 57634187499 353317993175
-160978871711 394865418091 -65129948826 308133114806
-482522991366 52859911223 -261337019525 390088652158
-246538793412 -160901056680 -309190440409 30775313955
-163074807867 190833611386 -338891320373 141829832129
10171050152 -335967303518 -220367655601 -167881590564
-251143263205 522438581017 26697671281 -628147894328
-137216533742 -495628520203 -271461848621 -94892592916
333129197753 -149957494734 -295364520414 -250465012984
181968454950 -44590253247 368772653548 241126109539
154857477228 -378555677643 -180021514307 -502360934956
135702854238 279719145450 -18527605017 166980809473
-191252044929 -587040054515 175588900678 403881084979
-305390072184 -79525041663 54721483730 -5325910853
-575393921471 22935774630 -35763120815 -196364288557
-124346425233 173868611671 -162046261794 60589851341
174609333826 114211923341 774904738604 -278759738283
-254801155438 -156173685798 270285498234 14404375687
52281347623 148215510684 319891933423 -310389123139
223192491153 -526157990555 179749486648 102840329153
-477767222535 -90093807227 -36185513953 -416427242618
324039292787 -228898777964 -310488912425 -395131463030
