# Packing of N=113 1-dimensional subspaces of R^12; each block is an m x n basis (integers / 10^12)
# m n N 12 1 113
300852941253
138585986391
-126229856240
275275804415
641282541377
-423050550639
-256497593482
51555994168
-83419834386
-326600712312
154481215096
49145140915
515924422578
-96795014573
135457368745
67764569366
77168365961
-214554644531
137953064979
519025141896
-81683466765
-165079601679
507965662905
-262968825446
109601521079
422965134132
-87204313404
-67802455908
-410301043195
-207514159715
-198666547891
645526161409
-51365000200
-330764684085
-88083144368
-97480572085
-382137215860
20673990979
-591513462240
-319075391968
-14187192951
42158379237
301411570899
257218025268
262264730018
-267615143806
-41960007525
317327123906
-172129484024
-66632348861
-103234773944
544621045261
71175198711
42731312176
134811802075
94576835565
202762610277
580835933396
-212101940143
-448531944129
493294298018
532813697039
-53864639497
-60979912970
174555915700
-288763598407
-85335632422
49269406685
-399976409586
111365999980
-389391671735
-136297961673
422531940141
-333811352054
-183057960160
171560500200
-131015264113
-384272656562
168474222505
-266454345676
-138709240054
-586977648134
92719855771
102477209486
-350428154394
-66956713142
-311960074493
449807152241
231071623477
-22122269875
-299657473431
573687664967
203224256431
67433552148
233101558168
9591547926
-192235622432
209748664192
-21508617999
-142336728956
-363936039543
-92104386568
57347418762
221693759718
657602908304
374776415202
150744830918
330660156944
-233972443392
56160014464
152161679875
-269501340096
-577870255694
-220574005314
65409845417
-375717758286
-70617677941
-192563430666
463313522676
-248118201276
143900830064
-326690286544
-505238616507
22571678030
177288476198
411896421340
-185565312862
-11395602053
140000787350
-328706329889
453797945160
-218072487805
-312681562735
-4119653599
-130396924078
-294550378957
162943929886
540950865849
156649866233
108931673081
-136603397738
-50928959291
55851787045
-646909933764
-240065352965
-189607721478
262068061087
-142139244108
-221414582303
-47439151068
-663620973796
-362784195264
-314541939141
171486977516
204126921711
155698523744
-25785706817
222218930237
196483425319
-103936864788
57820690277
669388443422
245509126492
175031890467
562742824355
-114272284271
165349788107
33645624636
-452688412218
246482703949
-139818934151
532147954173
-348337775214
305898413826
150529140414
104183802480
349082223132
-104462878483
-202023731412
97866679944
1399755098
163541424878
-34623223511
-183738203722
-239248936699
496253424884
478735119809
142895405964
-294971530575
-404346689397
-366061990378
25961329728
-692359452101
-136583290421
254482029489
39645632234
-143113748193
-180947009358
148334675925
-23315952183
-199375817786
478599195197
291746270443
-77178668510
63329361901
351522340785
334511915405
395851246634
242845026872
337594771679
-74987386747
411650510947
3974955105
-22334073339
84495357759
-498144296346
211987001782
216029329113
209290674595
-464806977153
-319006406342
-463145488563
-247399577915
100888373298
148688092439
312956250828
-88720437876
-364650245868
-67879081290
-26372397841
-98825574498
-286316397578
-452712756032
-361276668064
489007480470
26726191474
201978940823
-154789205730
-499878894621
-114048137192
384612399201
-527895933
-106406199835
-148790829403
159757455429
-414110011007
-240445630664
-561104205050
290119277152
120173273596
-385798163117
-38722397789
-199266095211
426595580212
265029897645
-224043645355
206581120812
-197147928185
-315955175082
6599101617
-347144710729
86895551123
424652784070
-409961306341
465872999019
258914605723
-171828536969
-63353538347
-260365791911
-353787138165
-469078309404
-229677259201
-152472006123
-62120279820
434962209509
18609266435
-337052272820
-414490559311
196918839458
-566953970053
-248668446706
-265847624682
-103389098292
240740308511
-275634408469
90578845532
-262389312005
14012314885
-522073368991
-547564620042
-285401126740
359759263688
-244856998628
-67898904613
1535733057
146539285084
-201418972806
57630164190
-285039123119
74514304680
-158856550123
175027282469
-387749686980
-235807780163
-103517754971
-237184097771
-473009755401
287886041814
-239849325696
518322821441
174984600520
88205655421
182896165673
204579097238
-176226994851
-196000872527
346121448738
-59579943822
-366912524107
-323023847562
-317417051350
188636352298
-54188698663
594669137780
-181395288720
-248238850647
-266139228296
262685661200
-34650323203
4589936821
15937742358
-7893853458
-43043372971
495285457321
330425128914
638561005576
-121804492909
-280029329357
135031321627
310411041604
316407063665
-320120367883
-60214637678
-80945075331
26130283378
-208350486137
-720812618958
-125406664590
287122158332
-62518495460
-45055524511
-289769909194
445518579904
253196663320
550600768085
-39454671019
-227967543176
-320557378110
323437543989
31692157651
-274672319524
-201462326784
-394866327787
-520595309750
318626181144
-64920746002
236800451288
-74040391503
-83129054042
343858432552
403151236497
-45336451031
-66667127810
-8060129763
-377579635421
-191727348371
-333426269507
419512012917
-50216456447
-244021400913
405571369973
-346649117899
-307280002229
-296409314204
-37520427191
52184167404
607671594939
-375134775452
191932910641
364992107887
57898389615
-157283220790
-299559876149
283576144196
248570623473
236202335484
-237371396159
-50303040392
411795314903
587562340286
2933042798
313971690523
-98986773725
190809555659
-226189791049
338242110884
-181636934977
288035627872
541999621709
-328560216539
-197496655209
29385482525
360941990436
-28350795294
37331927383
88569659489
92037776128
120133219324
-200664772015
-595756426728
192704200895
-78199020006
-18511951866
-426849578620
-318075464363
226997589741
-424151431686
142285236136
-497881909232
-213888628048
79619498337
-348401078691
599918258928
-48828558623
169553673738
34262843005
-458942312212
252178161279
-98250950181
-120086861480
260955191865
-185466609721
224871546373
-395515867508
-424107403703
-271691869174
473951366859
-63415866596
250700607867
-64755723512
-283266637808
-7445072716
394500738410
205370276320
-188418026654
370157151193
2282537530
485679431570
-300846224399
313893046595
70465169740
-193024790096
145418578348
123967894181
-89339830443
-404178110251
-323843444326
469167716642
58297137731
56343662290
-301885053732
215383112787
-828617981891
-85225695065
127290648623
7941429355
-216753248952
-35321440478
-84864315773
300555623456
-1266241310
245409231594
-332570645786
-62744140112
-241896980382
226238664054
406643045511
-540164937960
34780090540
-344272942048
235596842768
288372067967
-188222919380
550277001011
-20743849399
-98684815647
25630993703
-21888391669
333157309476
156236732194
90490786541
-517351337113
425597042692
-241007810184
189193606546
4846613195
554411798921
-310512291915
172529952448
1793422248
-422824539814
-19962091709
-230845929377
-137588252599
-504539376777
157043729131
-501123831290
-325056831663
-35829993643
-296463084568
-91427566606
290836235308
168757847279
-374109850148
-494370414813
-180803356440
86882627146
89532980539
243723307444
-370033793435
-180623807989
478730562922
-235130689852
559690579981
56756051979
121326376145
-228958380484
606911276
-141335856962
-288073898199
120200001715
317886012714
86163021181
113420668987
-251197839508
-343131797799
126335605862
-302555306025
665635203905
-361529850665
44161688784
12150392356
357258380688
11951593371
69972857038
-315134950169
-550502131276
118948785133
-325430513739
-116415202173
305333986840
49043245245
-346811136289
339774035254
-24329745181
-383962968041
227791763663
-340863514302
112039844869
-7058372758
435275127417
272002878772
73327740758
10599855001
57053641157
631748602820
-36115202386
-211258588218
-235942065096
154742646997
-156568277939
80863451668
616231699258
-181405124022
-444384107200
476801598604
-72466481503
-26102038436
334112993588
-672133238264
69236130866
-383617685932
95809562224
377643912956
-47447974709
-175576926814
19187492961
-244746982401
-198752921650
-2076746273
38070570260
-167725843709
-665750480995
-79085931182
-96743564260
233687442961
-219271339014
-76553007726
-413177728563
-294273041308
-312417933372
219347990496
-196323075649
-85271489566
-235927626586
-204189519479
-156726216834
-62121756240
385340946737
671127089067
11945713285
446333690367
-61946581403
-162220656700
63674860775
40933562988
153238795655
-335786837172
3584579161
-297181460283
589477731106
11055313556
-236123689499
112319795716
138211696232
-578469131255
-185151773989
35738237575
124573679499
-239474854075
183449990126
-131876980878
-79979998958
-387128372538
-292717289062
562522539200
-337795729896
-409930730765
9492527298
33794000616
229225056727
117745669282
335948161481
766045930225
-169529058867
-269057398262
-42645726740
-21574459241
-343787881592
-105194798230
456458913713
-344197609652
-207688101783
-213639053786
-32278637463
177777128325
-399754600004
340965196389
-132530096660
72153156143
266065975451
426764855344
-156948124749
-158257460525
220130364762
290716429155
-158627763946
-343451839448
155912356702
623071692442
314465460036
-86920938046
-305193123439
249224586716
293279937083
-221413697872
67037838696
-174780055450
-184979973055
61809349210
620824063611
-261395271789
489413792362
216017495938
227785352117
7558822696
30980551569
-135864793668
-70335228244
-529866364630
116124804335
199388306571
-337830019208
-332279258723
475059825965
67487678568
342697791519
263473070002
27237159925
168529011146
-501584247045
95407450886
-104171284436
-282445250149
126054129424
26435427099
85042563846
514381485871
-517459936127
251726008987
134311839086
-405322177199
-67926175706
226335380192
-158941891516
-18028044305
-12898010566
-198726517934
-514709804607
64477831504
633199520878
-162976265323
141050201133
-243825629880
-459767269525
405867193420
-283940563006
-4971365023
-216505320229
-601215723577
166839260119
88717397127
118699296797
75909723148
313566088196
-258180149602
288253316095
-235716086193
-499359399238
-195148009616
88807079725
-23251619774
-218069956858
474626631000
226676488140
276206816436
497059429432
-226026532780
602849913649
104908010730
226067276734
199492812432
-124146345828
156985223525
306781945255
-50857927038
127426343267
288981982042
37351404195
592101803675
-49289407779
11120826143
-233119322006
545067263801
-346118218928
-45276512331
-72413554501
-391546206385
98536690147
62568761209
19398620342
138358085032
107321257607
217269336087
-586640310115
39033025311
-110743783705
316044401791
-270115951643
396105470828
234230718585
-423334425917
-535779472234
-293778004708
250649121321
400312379717
206254061705
123004267704
-406483376294
-145915427434
4546182898
-42349883215
34464385061
-395432735714
325118365507
-225777181365
-512806171963
-375340940915
-378917936639
70445787225
-56417650773
-162135718516
-51937889439
431937512267
-89697402397
-253270969148
-45071759268
-470698979056
94943296090
-3048815523
-431526721562
-71951509621
-61217369066
-359139846592
-185541750398
-112860842906
-344589252512
-526650825586
251140454892
195986621907
-568726451201
76905051898
-241856591595
432042518748
-85515704780
447231161434
299831516269
158925477734
-20244614474
33218461507
788117081987
-161504581887
-57091702437
162921024178
107461308576
158699736409
166920014363
-322375700113
-233552663846
212915950074
74441656760
221453113008
-170459513665
-219126412234
484952121036
391416460052
-420523844470
-88151979163
139314364718
-484691975168
217930509532
159415153571
-64159554223
136281106496
323140257306
-424286183443
-69801006340
287981763684
-35501856055
-110044583970
-707991822275
18071223624
-37131186693
-258633862390
-64122460681
-201059345484
78535773361
-119237252859
214367866444
75182529412
161283416747
-188234651847
178570328623
-302890502069
142860725159
-158092520641
718402667990
425945004090
-164785151091
-270085582669
-42836857403
63026307
352558209596
-396874864182
192520930714
234910739906
523764660566
-396973131489
283064153722
-109397972221
-353282762128
194566353311
-31465561204
506593522994
46490270944
-16496510326
-23944673718
-546820403785
-510469549928
97196035459
72551430041
48977778708
-142370185187
299899462522
446314102231
-178063771126
-192434935916
221329427447
-328805390048
-451861433600
403526809376
70422865331
-48259396814
-300759311358
47832292744
-191505633791
-303879365014
-246271624625
193242206107
-468755582411
-429495611385
310452292963
126012131820
-100127517455
-380713682024
315081489389
387619371385
165289332114
-88186341980
-253442571076
196939678076
268175944019
-685063989358
21807990564
107963562066
312508976509
-144824114691
-199090041999
248502217077
-1565432271
128707359093
249773216010
-181814518385
492619560602
-150714045730
-170634500236
344332596124
611174053141
175248330941
94445272465
82624715383
-535539089330
589109097117
90679336533
-50702301465
113535667802
369079452164
204168566775
-370281431433
32209541948
1522768544
-139946922231
-67641875835
233839974523
-161219967957
-146352705786
21800432373
58877136159
-233562997523
208840106422
541668475826
142987462818
424320546756
-545276747980
-405873226358
194679730209
579576120773
9161850674
-316155914708
200659203554
-86891396877
-2170952318
-437224168226
-175941137234
-175896731906
-246050571803
216181307796
191818336901
373712628234
214938548263
513588121637
89493405481
513023681281
-104526843286
-181993117904
290044381288
-226804442937
-126582698292
-228682276446
-444836199944
-320646627396
-111581061757
-13915833303
-309247249957
-180292137074
284749716487
-136861713719
-59312404635
217227516929
-596413050466
450974726975
-17673488210
-38396026191
338207387750
-390367805541
-479530989644
276368473219
-210032460476
42880898659
265098930540
-78659621890
-315146378459
-133168243708
158388115688
175614738374
501599533749
-355390260416
33939848901
-375369407822
-74061575997
266509879422
-110092909408
563382042693
-18655953864
349112423206
290535529386
-223122498758
92376613512
261199305356
-126568668154
115916180669
8773752509
-108930330057
610477987490
408206381197
-294028314511
-524546731707
-82934052877
-162442164915
285818230602
54691541764
-471890218320
-239872541743
-335015473276
192905344267
-328668524478
4715268989
263039350950
278515065359
486617449966
387331177251
276992427626
-141503848709
-315047713024
266625915699
-234304481604
-319058662072
-254566069716
198439994040
87381092301
330557638884
165294736877
-339143135059
651873251362
-68236317197
-62830282492
-312818520908
163390776936
-315500152083
254735886377
7488497498
160654560086
97126548791
-280855502304
-5627930278
312433762359
234870524067
153600277349
-217579726490
-183869405600
779623048410
-44276039685
-136615974657
-160304700739
49361146022
289357742550
-271029793093
-179572167024
351654214739
282250773328
245013925986
-341320131456
433611462605
350127810064
-186580265489
-287844126172
170898485876
-379412475170
184646074179
826804597719
164653250289
-162795121126
97977396222
44647469022
62177165587
-78432856493
177516574583
-49031699829
585977767866
-327016754586
-2214592054
-60965415451
-338932854585
-159567177789
25254743347
349948624759
-283731800713
-69533239810
-443799362038
-15261893450
-109594440527
-120285671114
-607547107718
209783639354
537271636170
-19125547539
-280252053377
-230992190849
-172055533933
282338697271
-65334925503
-160890179976
176764615840
-253524405664
257072035939
113949882714
-427448176738
536357267991
-56071076492
-221088955492
-183191593614
-182434845626
236566159823
424486164039
-130285732879
108481750245
-75134860974
-174492736684
-212482455088
212930025580
-107848774625
529987255804
-210739872829
136034677622
-399365517306
574237748879
-182355862485
-466015067699
-463632509202
13245625864
211841131589
-13268127316
475803942884
-270043555156
40563179136
-267540193351
-153376936064
-305503703488
-201642219017
-701135360234
-32601518427
-10289418303
447341551541
-146813228832
-257890906044
-1757841882
-190048920654
-157747607708
246112774098
238384345395
445996053802
17034862832
373517094309
-163296156688
269084228980
-542351978576
323423476488
94415779382
148610788684
-248560379082
-254152863681
78016003104
-175981248989
567369394904
173490424030
-242135157757
408234272048
120309306561
112289255297
-319189648109
-360420278517
-313724320235
-175189648823
61291191177
99295049995
215765653737
-338659836114
-39917842467
342369103604
-511477100482
489390419310
-386811116612
-210579477396
23759626667
22422836433
118065606122
-243881832916
-177917782914
282808381632
-334407958006
29018254334
-153994018671
-257877355408
496810436164
136494703621
89583104196
581051810757
122077642325
-95088689687
411176422922
11505185275
-141945830508
-391736447563
-358939700171
-301976904848
-350322101457
-163245404419
-360826024299
-384942334814
19371130418
404590723439
230488053506
204017452782
168873043438
195992891229
282952174176
-14365597620
398618900179
-519471992548
-261294332523
24794763245
311000279849
264130880021
-173837031661
495458188033
-20485015529
-152668123411
90985963955
146711122107
37948041803
363827726521
258409616910
-565396530685
-284161085155
142463513585
-512719864016
382982496667
-255912480474
-246685153829
-430194603648
-226874751472
-148333474664
357999367472
-204150348800
116759189345
42262784036
88061994515
-473375031797
-234200220849
-354133691528
-464894381308
100554480459
383777323664
229376790722
-122353275213
-244016929995
292055460750
-44193162883
320970738849
67868934718
207176471944
-348939156677
314448180640
-121141250905
54847529949
66305787504
255290015815
669224630307
-138507326289
272973477679
-87524539912
86632330060
308769883830
315067080461
-90704296265
-680694275419
-226934953656
114842979732
48810358608
-275020288074
41984422047
-417356606707
-11603902027
415264968389
-36041242840
-93280651247
-257914773169
-197137334346
50907443052
-616450665844
68226943931
521307942580
160254601239
165334601100
-273978570170
-175243817441
-151572191377
-445673359165
267467504017
-39837703686
-507535294263
-342783352766
-55421099768
-298666948962
-238144369701
-274630441778
