# Packing of N=112 1-dimensional subspaces of R^12; each block is an m x n basis (integers / 10^12)
# m n N 12 1 112
133399810448
-221353521199
257227283372
90957091450
-606598666995
-124358208244
184516141267
-73936442005
-109584658233
526884731637
-352882171172
-147262304559
356535834717
-52686542310
174359820406
-233713550734
-686075564757
49123108312
-376646233392
-146782797712
-42592963082
153586589584
350348405314
-20386632466
-192447876071
160282973790
167773922385
153647168779
91188401463
-530048488643
-81936439635
5401259607
235826217143
111563661808
-685016745084
-228472682849
14831367701
-21130996134
427434962327
-279936265592
238691222171
54613764407
-35829033869
62620335463
238652811689
704650859195
-344621654465
-29245174286
-346463921111
-491019536716
22827964755
-214087101716
361871438268
269043741486
181071358682
127650247729
532062043930
-194988353294
136292592804
20127596100
-85546271279
-137539405565
-518287510337
253169146447
-332973778446
73381434518
294342232053
-445712037745
-302588209291
260431346136
-77195394991
272308658727
-182338811078
434377321911
-462540412111
-139516731908
-262092449387
133298544317
-493400651525
-108656279888
102565802091
67612131123
392487212789
-183879440402
-24515690001
230339867915
289207880599
-541787121301
-290254694217
-68568088719
-276237277716
-506402095198
37006748034
-101258262743
-319810973553
183212344779
-231553343144
-25278503786
-452483032193
-27357353667
-154997600147
584934998912
320300540783
-153795768230
337570966990
160437613181
209636602544
-253365453335
-99221500691
-27790243890
220206970925
-287818960264
88254289860
-63592513383
30945641096
-52656869534
-597558308950
173054567504
-671621928464
-66248739169
-105594073550
254107660029
294395914225
111178907156
-518504911250
440712787607
-68698567004
-200174871143
-342629731106
-347233561499
104247086100
261822792958
-369865254274
-193702381764
-283068569661
-34092757726
133335845500
36345554200
24534349824
-153120604896
-196749705379
749537502890
5667358780
-317320996767
-39199956488
661172655934
-28570577923
124979789771
141314428207
-329310726233
-144106565755
605742949331
-61987538322
89834436895
-117623611850
54984694863
30570773299
-70586124718
193278461165
638016781233
-238246960367
-110198024354
-50952058471
-261881635306
-155910425121
-93996282564
-500037363543
355523559736
220698165946
-310671427658
-212348128015
162952777355
89373770628
220551974855
520272030153
-9895719613
-42515381751
205055125840
-385504427640
-513078617078
-117654730392
-393116681766
127347444306
242231489992
-285955679804
-289321144958
-247460597762
77896452576
553566674080
-169542605638
-39760253867
432642527443
63970636149
-77152311781
207277555157
62822594704
-55762754595
-127477343798
436999764571
-19925189839
-20239110773
277434461662
770602703985
-247206028045
362892780830
-457829464743
7900434625
-375849217054
112083393185
195526171317
474881973347
178546114888
130194318176
385137099432
156543546757
139298807183
464858480699
196593671772
482080314211
-99353356960
232014546417
45122235017
131046103037
-273737104167
-1796446679
-64919121155
-384777546827
-450268445526
-57946738605
-150016193887
329187092879
25350604049
622311985776
313662452762
-56975382490
438643192623
-374925446620
180925652919
-80730179063
-63242319975
481234125373
-289019459510
241589804064
-454503693167
-371210013910
-234412005576
309914115110
-132746893234
-72841507068
-301185400137
-120522454744
-54623038849
-116847945668
-73723624974
-288543853825
-220580592548
-115496817754
282419339055
-80969693316
-338730702584
183525681359
-432494957454
21863424467
642955426108
-431009289858
-182805276947
-226735065004
-341499360818
-589292121288
97549703630
69236576524
-173692374959
-331484707976
-96277247922
262081840276
-182209810399
68790774930
-380882815039
-31295994533
-356295163954
-508462521830
329733580011
19670413422
426365550943
259544476829
-253557541485
47303593161
197345273700
159958229369
-282399406910
-673081409354
-201757338676
286065943634
229466098207
-313753336993
-73620860639
244377672495
172720570950
219136681754
158101242384
-317797574735
-321598216124
319336788801
27308107480
-321042575245
582155024692
193977720991
64084129123
-62960925838
384340664034
140623314290
194149146244
-340769946953
83244702451
1536342764
27976541316
135843656026
-505606969553
-294192366727
142293023737
-41273527373
-151658054900
565911217844
-387702952796
-254288040731
290845725446
-63919780186
106387719303
113069652396
46339388656
-5519232421
-83186192689
717580506094
-472742978994
-269494315531
-49243155681
-397442437772
53935994108
398810700758
57934512235
339932148426
299300527010
445134564512
-137500384532
97558961725
225385942352
44154851809
-438488314801
-84799458304
-298823526801
127017763159
350356402368
-658676234130
19505627052
-226182880198
130788434542
-28051158619
-383827680008
-139051378225
-307709975202
-133145247424
-207553917112
-511278651529
418062140714
355633372258
-317989587351
-293353831364
-191747694828
-176374496465
-104558960228
-114466109742
312174230438
388434972113
245673581266
39876046542
-165043455763
417117741611
-194556412750
565552675199
400957323675
15183947818
-162934833805
57121879685
-193484079735
253404096157
-148778154321
-496076728863
-211678960607
381662550911
219804748910
450828091938
-192532716321
-223109689261
-349834998535
-61870378747
111649775687
-209938218148
-423150246489
637621030804
-197169494671
-141458337817
-112761587144
-37546973913
-147341725886
292996003867
-71712257984
-228998686544
-363536413483
-126811693764
144110455382
-114337877448
597372003013
-448978835755
211774407167
-1865830056
18548157213
-173023162043
375375617936
249587041293
-336614082447
-484839967454
242389153902
348275028624
202760977220
147416340177
268542727553
-108998722849
422384819449
3592648171
-391884036810
-143937055585
292112789911
-280285242262
-378522081361
-37593453743
625294355334
76058356294
414167597117
-1347773684
-109280711061
79115288683
-275803869318
181730072566
284847912821
304843997631
421697264717
238611230
69449771735
-269275105457
73418116940
-416178130308
235451632421
164178072225
-46273143190
-247952253994
-572102484872
-123587636702
-204203480215
376791004530
627152786034
318066419019
-250475820462
-112323685854
166098428703
26125528709
-347701273584
-58367298069
-280427912744
239122267025
448279397523
-231011562565
64413174011
196799075801
-20345651872
-460314803201
-468766463231
225476218682
102617030285
-85670351637
380612661398
282424254336
717120456922
-131699636827
-183394026006
-168027835638
290978800823
183845946928
-282112141799
96233866693
-318527265144
-113449604388
-71530625658
186344109748
133765480621
-237095533716
149480220356
-153077942216
-227267977866
514162783061
46121601863
75345209567
-423092176594
-584689713475
26531664619
-374650184916
-306583909591
-363297306250
-353429582094
162701113601
388550219372
117645796729
258992722356
-230302622827
175436614695
-302377225388
274109765865
-271520947299
-411539109507
65911583279
379050081709
28599829495
-403143862500
375329050782
-462201360898
98587833844
192865014052
-110248852693
-178808368446
-31174058751
-100175803209
-324209481019
-343571526183
396387123665
-305379003997
-341043655811
436944553158
-398147689906
51670806135
150958713801
155722224737
212069823545
118645971274
-143332245067
-165147098823
-546070288858
324235166647
203290972777
286864679235
-439281666773
-109681639694
-339905014877
-213677783729
-263513386116
89046106165
8721052804
-230268012018
-52220760729
361485595944
-459174013215
186085623295
609269732036
217908346482
-30714845383
266509923061
-130625650209
27927718794
216180083678
-93665039191
312503447821
-64853514870
175004474431
581999200834
138996093803
66399246671
518430836465
403654169435
86760595883
-423412762558
652024273667
126250630900
-164400137722
63760209593
-117061949060
168033537616
-45936293427
-245171293435
470693486260
123759253285
-663659643156
-44323491020
511408459438
-5953724508
195332031692
-159379449963
-186590977599
-310272536829
-288784831086
9844526184
-21304861372
132015547506
-447411146549
-275592601083
142281863797
-174002310230
-452663852952
-54057183946
343359109709
-108253113448
30990282199
-140703165709
-436470061304
353052688559
351317136264
378782868154
195670856493
25235253095
-390680943794
-237377653435
-60518746434
111263089113
360788478411
192312009691
-377567920464
399304887058
-231023332154
44486141082
245400729256
-339365162860
-176907244233
274164880078
-183719758539
-293444266075
335183612407
-473729546999
416413534037
-181013703939
659617166579
-357650227269
32826019901
336709144501
-84983769972
-329289561488
-141865818985
44759410490
52531177459
-42372509106
-345503194406
-246638053734
185687765162
582817593860
621631046996
-91522165422
188165550737
-21468890099
-87785239089
-7293306600
-218435361260
253477805999
266933419403
64785468875
528632082637
-185532681848
-142365682430
209481623906
290714432282
-518224944691
120453827334
61407469762
-22020634260
1986575892
404023123736
294787535785
-21713993515
253104797119
-173500795161
-33881985721
-8132546973
-558630578254
-256959083417
-33408533816
-17198258860
621427676035
324620163030
181909868956
-32709372201
60281287146
151741438366
377843677903
334955433048
-22676857090
-148764506103
-30876400005
-609873167407
-172996426085
475108640097
257118802027
-188618715733
463413401652
137746667609
-426596752520
88037127306
111588912315
407817078160
268563889695
120198255894
22931220311
-480756387536
209685351377
35370840350
230659801663
-157549217418
-75503044101
-47313328647
405306647258
150062071690
596967408021
-40268855269
596147058113
21127939585
-110283577933
177530033587
-329029174448
177019714987
49697984103
385005877679
214244206977
-564780430190
-29579312800
-22351448923
-80974907880
1398835613
552608871229
-108729556768
-371704168142
-40763254413
-171896246126
-268381688971
-674169638594
-200575325169
-103410156105
-307068424116
-15445118826
-173447549638
-341661758527
110959759135
-109592132566
-395782707274
409503206510
-164197410090
-92297332155
-248583359819
-117211026372
422450481412
551231296954
-240129712218
-18610202858
-104278942842
57318559867
691197438462
-117740025077
62802415359
68823802948
177600612177
-151775375114
381291696979
-11029324699
-4537679142
534265548627
139631793561
-33306676873
-450661652040
-634220470401
-152912710270
68817723446
-234436497390
-89743721691
37017943342
-454353212772
-137091506255
-237335761571
336980062085
-273798443994
-220416549517
64577942316
190243864582
-124754925837
292199635822
-389805757944
611189403074
-54045299127
-167646850242
255069718063
490107305061
-177394389776
138440431505
-69241146628
-6419874718
-116210758205
-406369764417
543068247447
147397746954
407750361118
142354400819
150030264868
-267265601727
172557814916
-467081237954
-123284139270
-20185535071
199012599023
316935945300
586322008060
73854103547
-396296278822
1032133796
-136702016546
134843550208
-600161739895
-102890166106
-372946589699
-129695487111
-139916598309
-235656244044
-157206525808
83738063325
311367102052
-381082216936
325756097957
-427489322202
-420467436890
101840632287
-288142035266
18674149541
134164325257
-571194162291
222028097050
-114322459576
-357870703883
-61739758921
-90563606409
-12270311219
514173367496
118691834735
469049458213
91439922964
336760369506
154843351337
76268199208
-90501922302
209616564709
-522918308172
-155707016316
-59175295350
-332526083961
-256240869586
-48742162046
-451290113062
-203888236589
-85918756493
350780265032
300098940720
290979167113
329758155110
-398445491004
-42252730650
62050687774
-287527765861
579779757233
-269266340155
-665906204410
73214113934
197910554151
46509532545
-38349203944
20756924391
-104969800208
-646944132469
-183010161946
-182800865146
391282102842
-123617664263
-82908498831
57140551498
141125894183
-443651663618
7551008146
-326834490426
-111406564298
-73309023596
507718744917
-5807033973
30616875565
123965735513
-65892173270
20667779799
41909723969
624576584595
416404558622
169988783430
-348709952947
-245377675468
99187130884
-327361920609
-219701040766
-469411654942
-142043057871
-374928581017
297276158143
-141350002555
395132715269
-358533896132
19824412935
78048950910
146659086754
-236137475607
-246684201961
447489170018
118586729367
-30882760085
-622798108638
255867125507
-79839844556
109788048128
-410790785907
-248402571599
49373085427
-613935640479
82559382403
244604807146
-326576206137
396352965738
-208891326941
96149457370
7274392088
413100756311
-70432796154
-116224084270
-150455966659
-248308145571
-375952054704
202749303635
19393840548
-282510070315
-588060630168
-501528326339
115412140652
48200148899
163013978836
132239804657
-74389482006
10166680553
-317603806588
31160780561
-336541939273
-685747299455
-189680047300
408922997207
140607507911
25806151091
-260556141993
281506071827
-308394967018
-127195172831
360396053300
498961160193
310657108585
103372731590
-318344484090
-232833472113
377853502547
99660794754
123153436007
290782689403
-487030619472
-29870411476
399801785355
-440460177607
-42953917044
498861375804
49312299828
115833094691
-77732660376
176928696908
140017412673
478297677101
-532355993293
-67421911045
-110896387734
333928900183
175974025700
-121807289256
329136731397
-5336882897
-360307606413
207906789696
-179627523097
-251310517024
110667781996
35934167111
-157491600033
178788340905
-121653729921
4814520086
144641391976
-219341639462
-432047176115
-304282882747
-709526599196
-420688736593
-49782283624
-70804231537
-3030206301
332596607694
316637216439
37222109848
-524944915965
275810364180
283541514909
-329782854040
249928251223
-50596162938
84206788742
-20725840732
-309835831405
-156365764040
60437004069
747010096416
-78367882887
311754390928
-306547778757
265134137467
200485654138
-250814243943
437567173318
331057255264
-310303082571
263002097495
-475398553242
246052221541
-269064398936
216774399575
-200113799283
85364776042
-131549315387
67996813338
-280474353580
-52624635576
4877539005
10970760948
-402348409186
307774766846
11354034228
437178473913
-457335717811
162325965293
-480029072749
32499374273
284507599706
-443947452373
-360265368508
35152716303
-339762173897
49079671666
269438444082
523154451642
-23671672437
98934277703
339705582702
30469069242
94481898628
385636040874
-238542117324
-145679177679
136872992912
532354597096
-532140079951
-345665006072
213114432164
12030889652
113795378772
-282941872687
408586041377
-283811976663
-289680521080
-190559221739
-164292305969
23934387680
12139421364
-522714936611
-320544701709
-198873236532
330124108281
-137353026975
-78329487991
225723267405
182551086199
-482639176730
-478071724739
97389076999
-281577990993
-338332704812
18344630956
354542688971
316153025602
113862986500
71088989259
-115663572541
-194206317677
69045538245
-650530756459
254902035618
-432164843621
-165796099558
124692111476
-304789421657
339492721498
-279493813429
-310927871095
-87877697695
-621328156183
148487215809
-164564696303
475321362374
-228972334451
-35929515262
47399927647
-157044965112
-275220594318
160485255437
-213702441195
-19829686299
-284021824685
26895797019
-205164045461
4868105107
702045207174
-2499893979
-108825713757
-536786390942
-108712374192
-394272655055
-255055039055
-18498139699
-15772691700
87922787991
-527896837389
148335379355
355780124617
-96092474217
-526707022598
9101566451
239122944050
-322435610413
-167109046569
126963059590
-338165054739
-249228253702
-113835183565
92654227969
-377310662106
453170760901
472300129231
282605383714
57587796228
-678807336794
12142477919
63756928985
-200440326922
164147720852
-118830341939
-43732165387
522541672762
198322312159
240573757642
-99223871214
-267864916740
-191822649294
368264670212
-56395803272
427757853529
95693692635
-250785956989
273568035399
-117798379774
167598179972
-274253543292
130553903939
600260485902
-441596829653
-187672033706
-146510707789
283363383004
19953153135
57563745105
-308091918215
-196286917553
336578381278
2077047438
-26457859416
-645647750050
-657913228647
-12878976463
-354294478789
-307652463612
2937924890
-358018806074
-251865860407
-279766337511
205501208226
-135280024504
-109887845334
65659859558
-39565141977
152674194490
-379049245976
128163379415
151777367326
720836131001
-284430337802
-265963911693
-254275915974
-219358386351
-69722425085
-55739852327
300697293814
100241393773
239014120357
-157716642643
67728832605
92671524997
-590055003943
-252200654079
-394300029581
-413061715269
120282221828
-228089720565
-364943422844
16825187912
40707245689
-62160576517
273434842221
-314107927501
-153811179422
209481782582
94352427687
271802515048
-314612361724
662028223639
384204505591
-228438999619
-99424443620
113708444242
-175155583185
400709338110
-452566808700
-184361426177
485846440312
-308872869512
-117522792237
-45536441531
-692303393310
-4608932351
195198920559
282731512564
-319620576513
-104763840390
265176412984
38462279349
293517749639
-162607131773
317315620654
-66644119644
257903964300
396720664503
-153905263233
-340036720517
-24272112662
-305840700069
55482617353
-293272528913
-325947032685
-152199356406
568777751713
25640765174
99201020107
-216927393429
-514412496222
-286899031249
-296818423102
-381093182559
429341849744
303181228808
-262081463623
57313407299
40764780448
113800852822
-4742439609
540507643545
-10404091220
2786772181
-543335015032
-19558323965
198516448504
283521249577
35870399629
126620271753
462339102082
247482555618
264930995373
132128984896
-355264848767
702343284452
188656451848
87477050613
61160890679
-269004608779
200248983496
-229305610590
-66045528586
-276521141090
-185465485060
231479781046
299662761313
-197841686279
-189516460968
-105400335550
-171436055519
-468107439667
-175700301803
245809898559
179444806009
-603362581595
-205355543402
228650944253
-340429136503
353579583280
-554211883442
335092085010
29345397286
152808002443
247463271583
-76832102002
-295298974301
258158179713
