# Packing of N=11 4-dimensional subspaces of R^12; each block is an m x n basis (integers / 10^12)
# m n N 12 4 11
222493665496 -641428379425 -110625129978 -117699441124
-85833259081 -124055355278 -17222663907 -399197517316
225296569901 -267078548038 -323844014656 -298187166000
-68077655749 43853226806 155794632075 -623972675597
190556032532 6878386046 442960069861 -67168791143
227671405910 51058409478 413911274581 -362321790114
222819283094 105928913786 -355378318070 -166643440537
366114231017 -482846387058 305129403387 339885903321
169054082073 270829710078 232158695039 196508244914
259770699029 270210992513 -301297088712 -36935065744
-699341296023 -323929296133 4317270068 40437389430
-175396203180 40213227907 355933202445 -166837155210
-320514285102 196812872213 -57273031930 -489732884131
7561343437 -360672392588 -115680728715 -176648988189
644919150911 -319582935390 113126255982 -430690409934
151120131099 -73494180570 -99545554283 -172018132251
13205998714 392100771311 471313739539 -476427586346
376748898930 226113039111 -481878871730 47623459369
38810790072 -76670817725 46665673852 393996275157
-118366881872 167628458859 -507062419080 -147653424542
395049907348 9730118622 -31661362201 37390010996
-178947910122 93282312140 -300724205501 -199239579523
200186861386 499045377516 310850802734 257785623324
-269560240381 -476398028721 242757740142 -6219489303
352828582683 347523730543 -244414545233 36837370773
-403104785003 283161802832 -287580000816 -427116907374
30016721369 156638067457 -236628258553 337061842672
-121370094433 -411794417476 426565560496 307416510125
148274241461 34432759043 19612261311 -199800298039
354797198272 -41383507168 100301154829 -593580534832
167491156654 -564081883043 -42543253487 -340050613969
-130892349135 -286212474023 -385563903617 27002951666
489499153431 90935594214 304998286117 -24263020737
-417492002593 -118113424871 75852871683 -286980760019
279186938866 -168003363415 -452111512548 86657274396
-111714290455 389213526887 394349230966 -94978077355
33496378472 -73580655246 -721948095145 317930449893
-351963826954 -441948867457 -96871012776 311997267542
-92027344258 -133096104049 23035385953 -218983600307
331688883287 -74464881422 -282753430445 -324318987624
46305346138 449688420476 -32475467569 388863688046
-54601211496 -113282645154 -240106627461 -49022192996
266242968896 108390041623 245508676463 216552708604
-299893314418 364835537540 -670285716 -433920427877
-443046238481 -445606637927 124825308626 -77884150935
-271629192438 98805795787 396614511891 238647098377
-64518765744 76294647204 35001779202 438586730593
-562433156127 449391540009 -309574646986 -65302800383
-168668772111 159293561752 -20731677825 160020093816
586827961171 -125904766649 -101654110554 -294461059708
436794658599 376241040968 89942866225 -89977696933
-257619951020 308260581436 -671463241638 23305913173
518917391514 -240420841343 -233505720095 87703094339
177929488671 662650810451 29690609113 195653123473
102730457333 -107573862461 -488005075756 121999637857
-188585613280 -256806799352 -276673151198 -302992790998
27253101961 167170123550 -309690504284 -366033384920
-42075325340 -41829147475 171818050306 79718858249
-106963030634 316093447503 130341897834 -637913494655
-94972518721 -134725287090 133273905758 -423222660005
-147120754791 111318273941 -401158165478 314258247
-612575639334 158365809597 464080402767 -10144694551
20749018791 101623687867 311698512 -59138560754
-447690930036 24978749118 -80980397507 -136825553129
224942012738 347810665303 268013268669 67174167835
352441378273 -172641733341 446245979273 322062983155
-393970016391 69954953529 154382198851 84708161330
-116603742989 -825587890717 -14641502752 80634916418
55736802303 41694799799 -430649036413 -305959265283
-131969896951 168133143621 -361127748526 864274931822
91842625734 167662930636 79072979191 3127945603
-172245537955 -237049876521 2093231931 123174570997
268931031089 141350402939 -279895096179 218222552813
61030664416 -300020699751 -185330292993 213249789576
-14358157894 394902812515 -22741467918 -142791502386
429121131302 -362640483857 -59423315584 -68769499952
430645160794 -242908574485 -8414555068 -563234006745
-409341819487 -234077100996 434768555769 -246928634705
-237807759814 196220975450 -34474324346 -496461303102
249458458514 -244281984357 356897325641 -193448469429
-372858811806 -337880816576 -704156302669 -304721151574
-320205900780 -268684317406 83699057317 206871223959
-145570932000 -409291272224 196060830277 225812734378
-71104254183 191583437279 155958170582 -181769854744
-76662527280 -210299571042 281117673110 472389792766
-115089170717 208107952301 -385819747697 -109358376715
93710031533 -527571164348 -481266031075 -89132597189
43506504133 363019778637 -69450062662 -148126273169
170456839185 370092252351 -35015845549 150213243094
-2392298212 -139501365253 154109178923 -345433942512
130268532561 -398922702192 -187606646010 453385388953
-554866975984 189789214948 -534145415543 104523667527
188739488150 93909862483 -260118572403 49274536256
360448471388 375071527764 -15852169338 445083296575
114854176464 19211668975 -258398881303 301063903758
661481117107 -29924930204 -235604330184 -292342070972
-154327408334 -614571647222 164993129718 285591755387
-413077677478 -177170617825 -14091649102 -367967912826
298683008364 29225859373 -574059853863 77280584019
131403289697 -480267073141 45475904605 338732559567
-153949929857 155778058320 218361696088 327598970907
64970746095 -375992252705 -61559707017 -106274246849
466462069772 -77818306086 387466388657 65362896413
113103245398 139941053583 -53798976291 113834840426
-236780674436 354067073618 388131329666 440518402115
-310891791636 4602905895 -528048958855 538209974978
523827127974 115556626294 -59293585845 194522410257
116862654755 -171427746239 58928749182 70096651451
-62407421709 202391780502 218589070036 104773764700
-197835918118 166373045949 -356726792375 -155008750962
337024231218 -135200886942 -120816992500 489212370607
-252954016278 -469453227701 -223707838350 37438105679
407808593259 -276657471945 60907530119 222395487502
-396673237448 117277699598 482585723244 -233312032264
-184800966446 436262995629 -644053675282 95403027573
113780156461 222992332542 -31671557572 93079440863
230430299310 248011942003 194814244354 -160549682683
-215347669960 -171986535886 -49451081636 126217644765
-550937637393 -231924845832 107858505580 447368985118
-75068948968 466335866718 236398991611 600631758648
-331526999661 -377357950130 -317568959937 218887804261
484557570014 -193974244191 -173533098840 231281615943
-295250448181 158468191363 516085217170 328325082085
60043495303 -21065418006 385893959453 -490444029715
138017990485 635712393739 -149160626634 270977040639
-174745715744 126174938190 -41651882575 216768822104
-414204878116 -19571648940 -453513046422 61549025008
-37713009120 -125695416984 49256270400 266943301901
-13414461459 -551012914691 174270125239 134461486829
-386562953586 -57041710886 344767669101 42628228236
348708463332 -220055469086 -1866937469 -35600191176
-265959247098 53785706915 -269176107774 -577611910256
