# Packing of N=97 2-dimensional subspaces of R^13; each block is an m x n basis (integers / 10^12)
# m n N 13 2 97
207178909414 580432415252
175507749485 101222887800
62259466710 -154442425397
259643767295 -388741058950
24456067779 -240829308089
-451041454747 264539958674
-82506423073 58401522765
457347994180 209357694285
49040092697 301961078783
284446794447 186608101633
243885015798 21735180275
-376236002365 373664858541
388102398246 191200460203
-230479021795 -305086299575
-31954462388 -21014671163
-180184259531 -283062364990
-63728618987 38980746817
273763267754 -547163411189
-142336499851 -118039361768
-769267396549 159122870439
-147894001430 -406313127842
-179909894918 -82650050707
-214288332414 -515908931580
-124310916044 -89533755240
98230388147 -126764529262
311592982703 -155005810587
362569994855 314889837615
-86638668195 -376875137741
-724921601 444140250824
-366486875237 287446798766
-252229319237 56428038345
28527789200 25340745933
64052162041 -178723224969
34552193726 31162082412
-416616986755 108347062569
406302441887 151749218124
-131068101383 512220256385
283972422558 -290280813597
-469598780949 -246545127299
362988323244 -372048797387
415695302869 496687161097
-335421034969 380072469971
-314111354579 -284068590325
-132501370848 194176034230
156469806681 25793460464
42794270540 105209757290
-80526155186 45541743593
410287375751 304862301266
334120079846 -113175543659
186061766197 -480980768538
-154310227435 27860612787
-309040236956 18716082664
97396316860 -48257563710
382926507195 48346705506
-384886653502 140073092205
-25065475692 154746805264
-120564908379 78235753826
366150247621 29187285762
-104317441385 106373559546
505069725840 74222051287
-266074812628 349439477706
-178085771123 638673741240
410947107586 477005857601
-57616101014 -410448073535
-76343223740 -44220755684
-463820105248 457629074281
327145786013 134683157048
69342043392 167904674810
465563107782 -183387560276
-210590384312 93020990678
120504752191 -199078227272
252646392907 387593590190
34663730672 341198864836
258109312855 -75916609764
-407568776806 -472098488549
-266702550569 -132600091647
-2133019578 337966601513
-168879286920 187718076167
169492313837 50816309008
-371294238449 75906661945
-10115605581 136051794108
374147937367 -52445007511
-118984310136 140507927772
-22013392510 290252100491
-222670857020 -375722018862
119177048610 -192726732017
-157324851381 -167545788580
-600565076498 351298651073
160392257503 -83361444803
-423380044320 -617222220151
-156495196017 385617933422
205565900659 -414944541356
-198121942090 -27626504933
-195335648027 276300706195
8957131608 -43954513504
553646291893 198340281415
-11571975216 432894771543
-44081088116 306958572697
251272752024 504916377705
-206882316668 152981613004
-29987909180 -308012292419
46963754133 104808605528
251141473136 -207629613808
-632089901989 22649801614
388287017709 -17416927386
293891275199 -142170518596
57334959029 -457981799591
-185126226006 -301250158553
392368888929 -256357154637
178879826068 379583025191
-442229493416 138136830194
-345024856686 54750858708
34546792618 -49924837900
-299636030259 -310849961045
17227721232 45733865434
-256904419434 335005960651
259749442336 483386734950
275475442997 -370928726371
749898952098 388277368175
-118274851258 -159321342989
-102996151630 162838684018
81798097209 -481047913938
-131580287725 -285885184331
58311916130 122278419456
-5024516933 86068094393
-26865324522 -177616159375
42215241735 264068703719
535586519530 -426928587306
-85399260789 -201712058085
114402981415 -4485723957
59095106273 40335053598
140892965569 467277286112
362599954696 -182608617077
-608316088481 -296106169753
-75608575250 -144596896278
-24386810929 210548685903
-210205517835 545990185916
358344471996 286976140171
216213543155 -143500010840
-431836087456 135717621933
68736664919 -11047193770
38562956859 160523831942
-238282863549 385226146205
-207176028202 -496107221375
215648398485 348901363364
-6237385233 125096396007
115690538464 -292373051171
-409869159298 -186887957507
-286584889685 257135131196
213740293715 9024017351
301942389532 263902773040
625028961374 -305672693414
222126832387 -198627222232
-216896028617 -5662169947
144001618443 190191586326
48898096552 -437206123865
-551148065704 199361943245
-366403734090 -22894888791
391457548713 303350918027
61755107650 170706792872
74234664659 359767040434
-962455559 644706361303
117715191884 -395999065820
75270950477 -107208318643
-33849087079 -265600019083
288488564167 34338934198
268128871844 -88810412872
-303514523346 155688425141
362645202999 146054250034
-97380822568 10968759814
157741906861 417471525985
603837776986 -293238083874
225026102237 466289911186
299098175383 -205967675669
101992220218 87643884249
-388421875068 -96692468161
511940865994 -35157783114
58161343159 15141177196
-127967983140 -26524918720
-5607196509 184195055599
-48054513845 -651435391378
-124343477125 -47581561618
17924488492 -207809043903
540020261211 -31566294503
349551141060 162283806637
411329268473 160143907879
-102088987442 -404122550072
436023763848 65107437410
224024089218 -95411936639
-257208836250 602360072256
-95919740945 182889694028
-36453343043 -191396431560
187205937090 378088457345
198588641626 -42101922156
121589664431 -386700231949
-5449031548 -163184282645
-268450141998 118815308258
309138824481 -462680561447
-115881007656 113723589153
363112047325 130486567459
-202950894378 -441628254595
-322677744944 -56007163560
464036771522 429819104180
-379067231257 -109646300187
-253740363026 434637381974
69028233245 -230224914539
-233476972669 72859630538
243036211992 -270296003537
598812508518 49999555901
365707709144 -398275574109
-124665914834 123167177581
35583958742 194780621371
-29774310303 -193730787315
-260455744920 139949197370
-237475408558 295080060968
180945923858 -303013412321
-37406380573 254975710728
312024130622 6959455482
-173269672840 -114356943196
-359618254792 -682024730404
-273693216803 -80398449835
536598280327 -273674366358
115604542762 -53779493649
124088986347 298319922264
510040603784 58158649088
-29737959809 -385673602852
124598828693 443183404149
62892566326 385162696611
31693488429 -175777373000
-417525338840 135451462506
-173342117669 116755154644
58847150923 -432811287642
127547367362 236722932366
-421524611743 -173456147656
-387822706634 -435008590817
-94038889588 -379106994272
-75441706271 -363126720500
177372329732 51120173759
468193786594 198165435895
-575594028974 120722753891
-300055189431 309900825459
-139554660144 229348339918
210195990341 -177150675756
141473749507 -212322855055
-238332711722 227177037004
134987725831 -296317408903
65984615174 337952141448
103249616993 462772773324
-8404078833 -60123333964
-555716488309 -95415632144
301921597417 -361397469074
-55938709777 77032744334
187959211807 -541420851223
-132641104852 147362363662
212880670607 247787474185
113664940454 228045037376
-128298467632 -285141150691
149733802033 -199036470444
-189634984369 -295368178270
632581947468 -12708219995
-242269868812 -282021071092
248516807054 376839429052
-97319841401 -112633655412
71795483216 -213485791049
-100743821684 -41684005120
787964690819 -87911649322
72573939497 462679064992
149601499046 -196259588316
61781216118 100801793332
-264276754596 -84570974678
-307777014176 592361286979
189178659213 299833497965
45379844642 5710270794
281803472899 314046140168
161489433283 -346761793538
-173431522002 -180547958511
348180065028 -94663086816
-135953111351 -711373968936
252347389026 15674734284
400992488368 149439005616
-50821767127 103612132777
424450168978 -145128889275
-74522952279 206656075861
-38938008471 4827327711
285448239739 -369266718749
478488611862 -7494182156
-1026256665 -386323762858
-141101712267 391876646263
-369408493372 3096666048
-361273069428 -387262819781
-376685209089 -557733164084
-262341925857 281957264070
335467998158 -16879100327
262863245261 -173611994249
-405112471847 215642633355
-263091564195 199282497396
-222631331013 183687812133
-149618649380 -79083187476
124393552202 1315989167
511416825986 -84584037399
399971124040 341864930172
75467825808 -104582937500
-11369006063 -312612949732
-210067416909 -136703146556
-88014078570 -243806928258
418663459080 172514575907
-160144499663 -485276776091
368346038443 -558327389435
1419400459 183443089436
-424939307263 174401650507
-28385433930 206725690300
-52831488108 73435540009
-177592097155 -187288515846
-89120101196 -388200373350
-31059044957 18200779466
29758231163 -235466718765
310885206541 379166284202
-268024603949 -70176343273
260961719541 158934777791
-116687681340 -451924504170
-595319060484 281267105263
341696300170 136480193807
-125004539237 385001310993
130515271846 176508738120
-452374941442 321154876577
233870973272 -138835372932
359259709603 511935097850
202449681067 284918626966
-262806769956 -173900180202
69943487945 147083063468
74459658065 60446806590
352899319566 -117148780772
-328250581904 -68175354947
-90053760712 203156069773
-585171018074 -7788457266
-138174269784 245679176796
27606807412 90742683866
-305076688563 673530101007
174202282875 -498396404324
145832624873 122341730576
-151095890079 -358707662213
-202482999235 2661305608
632240667537 121034086934
306640526818 242839515919
-19243223591 237096669540
112270786703 -571809934656
324166731311 57912029281
176747726005 207482750405
273403876931 24662366899
-288846101717 269428954439
-288651680881 177624475190
-90182332142 -254486323202
-233859962782 30570116542
385868169974 181487785209
96768919651 -33059187778
198097595178 647820939663
246082151319 -173114637310
40528183602 431654776630
-227578189726 357582755770
418927722782 -165416675940
14096874127 248401705812
-441412146990 -27092234314
-34235088159 197633871387
-503953236225 87064986443
-33775130993 -471128344874
62576535712 193229737565
-378797502287 96137339387
-106883083328 -587829828161
105059488647 281332064668
137152213735 325453025732
-87025585845 -348900054358
-490205727191 258435324587
59484373294 -25042672466
96455775782 87262794834
-663240374446 51462268208
-56885777617 36772462805
-326102207407 9169455054
-408196775760 29281647061
-230369857548 247693594252
372460429911 349815147446
66508264308 115652155936
-179052746469 81048494164
-406516580793 65657887044
-392898608546 356379400366
57056878395 493662509377
-321581223667 -540987289023
361005685138 -40340891152
-122556359457 268864322939
-116785780302 136711827098
140769356159 -187570949370
16414418988 -5023651260
-259668334773 -469128593487
608283417784 44331124666
209436763809 -437418129942
18381150612 451398210249
-185988859532 262566423827
-119903014926 -81917833181
-420949940876 213645432985
-525305467633 -141075223604
-55772200582 422826476822
-7004820023 -229390554958
-33397441874 -23200859036
-108186463063 -98458764666
96022188639 -33888310450
-43669746679 493254432861
-348834528394 -432449511225
374956815494 36971314727
214301126880 -8058563184
45773028716 156958488921
298915362724 -214749036904
-105365444806 -348732680906
-607705240657 45155090417
-240617870588 -128996062160
237944787112 152811279273
-306270957559 493756373868
-22358361529 298184573188
172324245293 -321892160734
339176818040 281005000197
272886694171 221000149601
-7349912809 138976680469
-505071100683 41134598556
-341226871521 440617444206
-246442409476 28283407553
98778656284 414912428051
-311437201398 227451161647
247078278573 560136347183
177427409484 -120147395988
-101871388584 15222713398
-372584918093 18002647488
-190190450653 -589651982569
-98558376567 -270490958659
244883052029 120309521291
141671275909 -137835182789
-168473858653 162356390871
-26634970427 -152701848584
6912431682 -69208065223
-237516892810 271400634261
261372718384 -5219801815
164851352246 433713984779
728024658194 -218170758518
255148595805 370116927779
-312902677179 211723079510
248694752329 -240966146299
10153195402 -548400598093
-196539433602 -337062368376
356811886730 -108253417220
43216267314 -211883131661
-749523208139 -172738482605
-149006155705 -309379728456
15954076894 -6365264052
319433838586 -338845840957
-274962163577 10714767392
79230916022 -152880305110
-22067741467 440319688516
-39857459874 -114837946922
-316395194888 -375777551117
-317931889832 -229089124146
211423935339 -151388146470
-619428914761 -119963917558
-9416299722 -121748337138
-131278342010 345966885406
211262044370 -128357407784
326496437084 108192239874
-335856981989 99625858200
171312891135 -751152173775
-38963180206 -73864220769
-139147323429 67283651152
197075525000 -148878648434
-183004267782 454038120702
-7352714369 187360629433
246576233296 218805424410
-458659584992 -160299061499
-199013941831 -202281710252
-472782503965 44984880897
-357225722139 -482580007400
154477593463 -174834761753
-255687252389 36794502446
-167353955403 157082985414
-210402968194 381915338245
350048297861 -77584699161
-143167719869 448189667998
-256659638296 -189749592589
2610922261 -475808847772
-7224684363 84171333554
80227517961 -519764682636
-218024786010 153330455208
-468874505967 -372026496490
153040214325 -243255032647
118887677205 -39947729658
-264807594624 -505762874
-421850112750 -86358482016
17313533323 396586267111
-252706060222 210187388747
557185763183 -169589711732
-568623552227 95718943127
58138151282 77162984068
-20306566048 260640714294
-15735590936 -568756877842
240543813955 189793133113
-152564594541 158994286154
27875962716 432513057462
498090063921 -101190330675
479101570997 180610531771
144781994709 283238486864
-11235452650 425703120057
-249210394402 134042005615
-172878527758 151074601270
659566374129 169997993668
-4815666104 81793380974
-186001386150 60386690036
256491030857 -315602750835
399382554597 141937722566
154433347379 508533974264
174708129497 -149539028078
54067258886 352884783947
-101003665308 307223261154
29315173238 -38877443077
160152391091 -288552402301
301512348918 -463704748088
346616438609 203307635211
273576721476 -217263214509
145662351958 -158208537906
-9466177752 481684115819
105029368713 -470323137924
651351478565 -177723691143
62722108912 -158740654780
261293754655 432754275416
-317046379695 -119175588908
364429603459 350441759556
-145419156493 -179900375234
-344588673529 36960137097
-137316523081 239807542444
65413964972 47250840224
245891339526 -335596157960
-108037593450 371030583821
-32624393936 435564896023
-162786561687 -12577141511
130346270472 -70177275327
48431367316 -269905804914
-583070258891 348259959968
-567379015225 -320768853802
124309362658 -97707740250
-219434754834 -100055352861
54096027225 -58021567458
365421870130 483251364298
-137883784078 37797502344
130517762190 95382393084
130953788563 159814179753
-89200387249 500157154354
227197701875 -316889320581
523796216117 -186149189479
171931350626 205120504727
154934621347 83072929842
118609559689 -104728865861
6913295148 -523405557635
336465416538 -268508509480
-84048913851 -246158939722
643945679611 336870907748
-171049279210 -7999234388
331091579377 -676196755628
-57981982621 344150952316
-2771724082 95218583924
-136908219325 33795067177
-448055944537 -272685385756
251171716069 227057704761
-354325234178 -384577862089
179290797937 81402900736
54664310377 -29437381052
-390925610468 37565479715
289148105612 -133561851818
420670690004 73382923088
-174213990365 328890183684
-184622650439 -352278833353
-34578943405 -124244282040
119823209860 -319036203877
-36233638243 534330488294
124112230989 -301236692837
422006333482 -209866606000
97186716045 359918931659
-65368532543 114302693218
690532666006 -112939737761
-341632217964 -97971376537
315305123803 380303499853
-40048830501 -168376729882
-217411214431 -20982879368
-277252473081 5600740717
-183394287252 116259546988
-334321270771 -4206229984
-254639117593 465490433338
208077784494 550334130757
219651399140 -6142826775
122539442196 -135151065182
237495175536 -98080853868
254592044648 -265161377144
39795098496 144731422381
603596608058 292943327313
336098850396 -23885975976
-78935244827 511192904886
-166342047888 -331001427615
269218692583 80553006543
272594106371 -321056403126
181578773391 -296417282810
-78294373428 -353645071534
66723836343 -274027391420
-522945330162 -205974343162
-363150283344 -33784020641
-275524372027 -167889329519
-243192583313 579529616387
-375094539149 -44312348517
126130463539 278654072121
-291513422891 75054188287
37959372531 -81855755290
140572442077 116858445503
-329700113366 305056564577
34190445377 -229903896596
-600660977035 -282015718217
485712660642 31811486063
114622315647 -27783830444
276693231734 122583202508
207870093328 -360765378972
165327947010 368117069114
-200039643175 -92356698668
-10446286622 514466077014
-268050771265 445553668615
28149984273 283076528704
412923825983 -484785784453
-304698102825 -308668420924
313163730967 128723175908
232216776628 -65437766688
-215819247583 360508961830
-179341079737 380595040655
524160066912 400933928844
-138479844232 180569954260
-340881832908 -167998408638
-245606094552 -83326694684
-13673942264 117616487261
185723011010 -227044508962
-71679647659 46748541873
-54086746229 49389387919
-308657470705 358972066992
-157220468193 -92200328680
-65561104930 -103927310301
320513405923 610584997072
-434332646595 135217531623
-185480992600 185417653911
-102478414128 278594617026
-134707251243 89950574845
654426472685 256700443949
-289790322271 432766930402
-31200734784 287830860861
257941493437 -281048835535
-610235642575 -91971468277
182478016254 163144753501
-277771494810 329984939339
8241778378 15208690809
124737068239 174213204967
92376629069 595944124402
246378215902 36832770253
-507693426767 -4068223185
-235768354994 281021061933
95856422430 474682434711
152166362300 234772535497
-141697206891 174722602747
-335507014714 -501809494403
-131413734585 -141983672969
355521008785 -198465972196
-50608484458 40458642143
69225142428 -21784138471
11858040334 442802383958
-517038385815 -151252734281
-241676962447 253028555525
406375549355 51295965621
-350238710611 223040905927
-266515637131 -34725324971
85607303084 272956067724
210647692378 -524846167671
46087120926 513183691438
572349211404 15281482209
-399879471735 391631369249
-323593396787 -24665862740
-197599278625 -303485099453
221788607379 200968350612
-403663211641 294882744850
104309459570 -74835106697
-12833508391 -156786926643
199091861912 -110047762692
-34335995780 -327941093271
-87460371600 -80971707892
308197048075 454514468924
-173305034953 90244124933
-402536655721 427918573635
299116735205 205273653274
-293078023179 295314171528
315516729507 213853204386
117849486373 -115169287773
60098472410 528170070941
-159545930528 -202032310246
214626086704 107622186588
37070883964 270089811
310137787286 175813017285
-540995392256 172416678945
-231857605574 -477907718400
601038417929 179271354188
-344932762210 434411222442
73141406339 608248390507
172657720262 -138317042079
215793117710 66397687256
239390889996 -207671195398
63332154593 160048899291
-198882341171 365662274964
-236526994265 -113549958053
245582475022 120412314162
-410705911966 -196989073200
131970314478 -317018543591
-186608573383 -128422212315
164252838646 -430014094000
201944792473 259948308057
177373396275 -23993909222
-341437911509 -109890623487
-245439952482 370529873578
-249320830369 141993604524
-200692444297 -327216362152
-342949091840 52030848041
639263828711 28837137666
-244767250306 102666375370
174375042161 274138048647
-31303970324 -615471536816
-62841942507 -47978370705
-220507826583 51068005887
-289794155230 -315471087736
-179578673718 423431269357
552374832591 -157389215352
183812301980 484228046954
173429433535 -319308494087
255759890430 -1257003651
226956218358 286053058847
67681289548 362338669367
-235579120187 52324231093
105246816425 166084014755
526556216174 -103169479896
28733132691 321382980563
56675441136 398128870453
47702929338 17223157292
275736785101 -147546774492
49727584445 -145708428562
-92093634615 163122121513
-504917711226 18906964881
328891552780 12157355680
-339829338493 -682717485891
71797283455 318275968071
-378445355212 386028991373
-10220604668 199414282073
-466873491713 85180510264
-249961791756 87399957698
-160730302751 -84645920419
139522744251 -279237674153
-434072854708 285656102761
26439590665 -201408260794
245935591215 -280114457986
-338542026748 40665912967
369655839289 -136033835266
431267311473 437166939446
146510417583 164233654675
-314570566180 -377287860636
371730279634 -163982372250
-54288441546 330803570184
79362124776 444205679872
-27825837226 -302053523174
-217673809850 -58287416943
422222985578 16602896251
-290716715820 18817221268
138155513137 465858774314
410733262536 97485285221
241845709509 -286582770546
170467007982 -678029786784
-176376751646 115582960353
-213744996615 -31491338758
-535525787021 -4435288804
-216633580298 -257474320460
56609286541 235989035721
-316621508108 -200852137424
-170000938848 10188931961
-14098769256 -322174446883
-261440540916 162158272894
383252036099 -43236456445
-89706340572 280253991321
443511300378 -326750843411
-18886491777 -331211941823
-508802267789 -402733286131
-404624821865 197956578280
-59371647607 -493405720653
154797452269 -14035694540
14966892546 295899742204
-143701124622 -254641140514
310817318334 160924552445
-522870254125 -100337501593
-122152135063 -53634053898
-319105925064 350406624569
-264182631872 432862856163
-237007250400 430767783383
346925022696 -200941713985
9403870934 -92050430700
-310404892765 -528661223400
-64204938061 94011483219
-381044519286 -246683041495
-22821966582 -50762079843
128493787637 91213443201
24645977635 -156296790750
97426474536 -281712653237
165838590797 36624530031
347608756219 266534817671
-322374528453 177760375644
-137405133912 300826065766
-29757935708 -512082493341
356528390767 -103475814761
-528835521919 -113408546393
-411051644480 442377224550
239856207057 296872955106
-260941984873 -351829192744
-196487361946 -226677119557
-215185172797 -292613092954
-249761259576 -37982028646
-150921151202 -71637369367
-309017807378 210320022316
-407017318566 -86615714423
177177331398 -104764785811
-120712555984 21986260418
414443398212 83190723429
-261102797207 -439511708022
-53902311248 -543590291079
228335195936 -437713485192
477316796923 -325653077246
-195990718796 -231023168972
-502578531764 50964118637
-316801262207 -41034920697
4967891605 368845310966
-150391169376 305115743369
434451814 -407466457003
157148481715 610544016459
-124827889400 -204664982909
483949584645 2009890175
411753135572 -259356046361
-231500227840 122242323976
292079521786 118892270241
-55396302694 190199337637
-3952208290 -224250438513
310000254619 423303994196
17282285687 -155636269717
-59973048730 -387797278781
-459470025153 408561054741
-134962061151 -431527743872
363877175278 87820605339
68667069600 102929884787
-443613865834 -16190193139
-405870936015 -149267207630
229588705486 -260551303360
337473704734 -263372661215
-73590742473 -254314333790
-101218177418 44882105409
365645777105 -466904690594
18472375526 -254656422031
-309226701339 -162379759918
-419694608161 43635630625
138175411081 491302026091
-128736563285 232241163304
-362275711368 -341641312617
169243445270 -68502654757
-393815405607 250631369877
-465350689403 -173631839543
62573294109 -293592954073
113323712978 301626420632
-327110389 -53188595260
-100025228329 -156138668241
-85825358872 -226860559460
-194038902806 -420431037092
463816855750 -380631421067
274415548956 -114173615000
-314798088864 -490121656641
363136470754 52001426780
171092360690 409643357280
-460160801123 101325404097
-288315958334 404749363641
302909364389 27725298508
87642014442 32545080131
474030918887 217555657854
64981087561 -120712579832
-691200498281 35871116380
-134418377206 329213724103
69364391098 -360103259653
161424944891 -68490178854
22807074984 -184532493464
58222547511 233006680645
-43667691844 182189617223
361170180490 49184727991
-209818716153 -562726040369
-156921758734 306647433439
198663432344 -399267504389
-416154010695 -29052557034
-258124974005 15365182964
-297966072910 -338398384512
179096858043 -335117226643
-386258507032 -60328345890
253417059707 225067888476
-133624122286 -204197779928
-171626660160 470981581579
-383653401240 -76218410018
-63281637323 -86818953999
41901037121 -473862507002
-447131708681 36290136073
160386892689 -463764988197
51042593119 -410407080197
685145999356 89597656380
-165776605387 -419051147600
-7611093481 -49350861138
335129895748 -192811853767
82972115861 537782396906
28987106739 191641662641
-209139051825 83887109322
-452112480338 201755221317
-598347550 236645353254
-327891527506 49690199375
-125447456915 -375616038391
-94857873017 187313396729
196149028996 140170999327
198616423938 389114914054
266236435068 426328273590
-323659953190 227863128518
-392879453553 -302940943903
-421007546482 23406483622
320457364208 -136161547848
73624864646 200143193869
238933354670 -120049570983
436189271602 -368384859591
114946394280 50928334899
164577193776 177244466130
-138114998521 510115014421
-111506623149 -99325159786
245998336129 80254670213
75855126706 250064176479
-629694861124 220175474386
297040906693 -507680502758
-418857280895 -663695074797
108626092196 -146517809829
-41789891200 -100421802359
40251668180 240271969704
-41437132542 42962740016
-218896538403 -153116482959
217249543952 -241351715793
386148205621 -40373158926
-17646466880 -2456877448
279766261926 487158276007
-1411998824 28320237966
-207488684695 9594289297
522739756680 70511420980
-54979745608 220238469085
32015137009 -149932499343
279218977114 418407892694
88269476045 392870485708
-377784026540 11889610131
35316402513 283998608693
-487876311113 481507204390
365123604709 -209193570254
-311126427735 182858426299
40442541785 270958406578
-390782555009 99991478735
-256109948192 -429298901923
-271213028474 534411994045
-256004109815 -274415373630
-301779786676 50987564693
-238889749571 -385754512152
374072530444 -165476462633
-55368967206 212477569901
-187038294895 188498236242
314020959955 -43715384591
-345599486623 -276713652443
-134197058168 -104097588442
178113769702 490848927890
-692916543833 191255189212
74341269769 5441504485
520770170124 -54628747032
85751712623 141683511024
-53321290796 -77331172996
50094663551 32336043776
-86498612115 232812587585
-146473531004 -338153801171
-258764836053 -121487852977
284032944429 -220518825360
-64254593257 -670522984254
-245313149984 112946592071
53780695583 141851453873
-214580280420 110793026158
-228361826660 128716887466
-56976622045 262498557354
76216932762 -192997817534
371576789821 355834066566
-454034263818 205179233971
468018540975 128423530361
55040970943 72430796984
240351264591 -172474718772
-453357746079 -74555301168
9521310544 778693267206
-40030007680 -244798318899
127266921863 147972310154
-188767611072 -217078279356
129011033806 241916469729
139714814291 113214043765
708046837330 -235451563979
-365438862113 -348206265291
-152280554539 435039596269
357031333542 417259486971
-33121338140 54848214847
-17354148958 -143127291469
-340793697730 402896838440
-85605383960 271743295179
644074454212 364766202005
-277414735069 249886319317
492353231609 101001047989
-85726942921 649966179778
15972086147 -55151029830
23189384239 153157037929
-254166205307 -119236521562
-300624547306 465005805630
160785562057 119511681897
-198454650546 104226407850
-151306476736 121111308782
-102620714724 239806191906
-63395654877 132580511559
31392623593 -129946874752
582357258384 2098810001
291606878570 157901773445
67262764349 454085991550
102570310289 -353972442585
322403718592 -77342166226
-202298719498 -146360977742
251390779399 -523620560641
-167738743182 429483662141
127470684874 -107724816884
-461720482498 -189838762863
217820757590 277986100104
216129603804 125411876972
-65844817650 7542787828
-548154679950 356612607927
42296795362 -90974904179
-112592123245 -337411874608
81685057159 174092750566
-79118985576 386452754976
683738369682 447362033144
135331586760 -205457496320
17096408563 -171720172235
128828824057 186568496122
-346002039739 38363950405
-75153510150 257734214005
199311886363 -443230661985
-130871484087 -460563337461
-140058521825 471696548828
222236534346 -47225835374
-274934982224 358209514003
69243652432 -136915819380
362697195489 -2368084294
241595206522 -36104595930
145901537782 14210777087
-275960708676 -594929086922
-64212139987 -129935843739
-11746706385 195913514633
38364491668 -54097577492
735113032753 -49495555853
5038088023 -228770246621
-505257110041 106458475182
97631995548 84968614150
-188025285329 493005109838
-466793002472 315459117678
-69109683132 307042115815
-307753465028 -102887668318
-432515652483 -156442064818
-93177464761 -219086412416
-265487824999 -326778958042
227606126323 506242710230
181563410393 105874637490
177242403815 -186904499170
-58903853481 121116281285
61048835869 -176445933755
-427896619247 305694828626
363296258071 220357523343
48271467375 11188665459
-466283104087 65025839166
-181476059050 122315547231
-246531816808 -153845697136
-47388988502 40815451594
-27946480651 -626766304584
-102381018387 94542241976
7654373253 592346531750
592195017708 122037797696
162304886347 157679456865
241219933403 193080971903
-136370643576 -30669245397
-652967673826 550834452490
-181396685009 -13309551562
-15014646444 -220103671189
-157475300 333016767468
58663532424 420871178039
-162770613460 62499264281
-66787594627 -148938473074
379541079248 23472645162
-92046299668 -282869703634
-500455685160 -436104555415
263505919764 270071278884
42330713603 -232425042705
-629561778417 -49797331593
-468253572563 327273828441
85720819295 -18297861725
-303985571801 65834868592
-194426806196 206729079253
-71260364068 -54939623135
-77669840383 627750120914
-114900937192 112767745008
97412135189 275481911326
358063110827 465813245569
116597795031 -115623582920
202553768067 142358513929
118134190647 362186645183
-515928696795 -171004875652
26341649315 -220171471994
161973613068 302439791419
-132486612569 -457268134945
630903151203 -170326827326
-147793691239 65897701121
42583331018 401146414350
-176285625828 460386931698
-370543330531 236884009458
16865274733 87021429855
209745815027 18912889296
244331489260 -133310471585
-128185881190 408754691207
-46294281536 -335711296414
-669362710923 -144349860255
-294762020635 113423541646
-32194889185 -397337666843
72291526107 124708108427
163936871545 -607960861203
120514717627 86093485530
-125030463024 -327289584319
352090204307 -15174714581
-273184008631 -4448935454
353418948638 104487780572
-491940423218 -52413930456
194767136413 -244159270426
-33442943517 -276142845724
-430456982967 -214267211519
152812772467 426972613425
198733705146 -372060761721
-185870223288 275355556433
-421817875174 292948082155
155391914589 489187475385
-448558193802 -66054618746
150050452657 -133288690652
95755394537 236245580312
35895890266 -125913418883
81212178798 -255797387803
-60045294930 65624047907
-93545874559 398200528355
-21376072293 -382159924210
-114229036825 -125975629808
51526712292 -104606854801
573028978994 273273222521
-285108035249 -345772288050
-47401154755 -213046286858
-432290664683 240765260381
362696340186 -500175496912
50393060460 -166845549276
481694006630 152422221455
357778568497 151166618043
-224739338192 53078628570
-17667431187 -194018312611
-55469262109 -192697775065
-29802720392 -148093355219
341488424614 188408542264
-313114961490 390824009472
211814471468 -31528839318
-500299480429 -495466803857
-29657822964 255421184057
222977002825 -411657829644
187538010162 -436458315371
470765809384 -133054556990
-65879870880 -173475873275
-183325248589 -118507754163
-745860226094 -495853538563
-16188915652 123110337828
-86090654681 -97537683357
-135902718410 19936563775
75233178317 143926557353
231675642612 93361130462
-273453727117 310978535191
-165957067661 93714562792
331237601924 -573648057325
219106295087 -398170241532
-245403233747 249782349704
-207419067347 227764234154
192461558623 -343413093082
636781748485 127409053081
357106619952 -157212958792
59668421331 -363846407267
-372914649802 29932163372
100420334188 240456610355
226217364154 85596757535
343772177873 347425338155
84837199112 -635416678534
-16532221246 -9452751573
16663795566 -248380624942
238972577460 67635647119
-473356230852 194610110772
-318393965222 13167438233
50038301679 -76262796617
67246084929 179110745678
-74634921181 308157962570
276023571290 62224615885
325284460935 -10692021173
-154248810775 -129950719451
-269433893895 260672922618
427770908361 514320199844
-86764611459 -620120016807
-235556245035 232539101131
-370909448432 192673815337
-45879568753 89726056617
-164474370838 76272968394
-68869652168 213310610140
369069657498 193756403857
89146121770 22869679172
-11001218320 -197625728279
-434855405569 -398082661904
-185962341002 -226318235184
-33335635509 -428763198473
123151103632 265071336650
-190152686565 572564303747
736461313516 -268104007054
57686758831 -3110342712
44545082819 -532798808020
-20156270373 -44417097051
278878892321 41654325354
154687875423 638248846930
-468246377889 -202253150931
178297855867 -239208768701
220768952693 -249765232553
-144563425683 149953330196
182143850132 -67480193181
679955869478 -17334372742
-184059313064 135825437910
-102447351307 300732429933
187977970918 91199959282
332480702457 341079605570
-320431135184 -456084765116
-138105165406 -152601082618
359893154448 -178007545990
-186359451161 -26749621529
161114781062 -46348063162
-159457627599 -220753710975
-246207029057 545755602621
243869277020 60895303543
-409922897585 178737372310
-317050432427 -4317211702
-106183714071 485070609247
390060165646 -16282764200
