# Packing of N=100 1-dimensional subspaces of R^13; each block is an m x n basis (integers / 10^12)
# m n N 13 1 100
372734683164
365113285850
7110705043
28805585354
-197161805354
-36310711970
-423577684878
103886405878
-148816021334
571500328228
-216856912505
257635961244
-185248731290
-247532089193
177010209119
-472741710394
-224965672114
-201184621849
500463521741
55861433907
6381569385
-333135397084
228555615602
155418535657
-186346915488
342204329417
255122926533
-275171707087
102535778541
229315946438
233284144786
-57020499882
455450118852
480658084833
295923110816
-43679094864
7409309317
-426862929691
-167953536611
151855294930
192726270574
136436574050
326012673779
-260819876548
394673477330
620935858390
-143860206280
-63074053671
-242094477855
-84000607351
-230703655147
248953288682
37325651923
-98527446020
-271193333327
291811410726
-413158768629
-385414063696
-465801797611
10935643209
38124598837
-388596115506
-121165612975
291430535678
-204428604073
-223747340757
102267969570
-185190001247
14865035556
255957913953
-380776700033
-39476813971
-158431901778
133616532667
-419762471044
264597137477
574184239174
272111288150
-579087899758
-265613616051
133366761596
586416769955
-92345938472
4421702973
172985501501
180760092050
356780944135
73663008356
-144251827828
-77138824109
42566451671
-89866446055
-441875785665
-289364205983
189535978274
-186206038280
-27541258986
-86826320444
292423176234
-322393102397
-375495299663
-120256294638
-508432721555
-175024302035
323965308604
-48288538120
-306365465212
-99010095339
301316271916
118372597962
-256659718218
531303770449
-321865662328
366031159733
189212891568
-247993306717
34812505523
201950773663
173321225818
-294389389863
-229773470295
317268529314
69367721738
385891581255
-637433816074
193924471278
-238244225617
-114717871676
54261659157
136153461121
-437397799208
167946564487
63197808092
107864990708
25339327141
-551443073418
-213435555642
-71033957176
243729235278
28299848252
-73895906571
-447691775154
-378712082278
134864639357
-140133261771
23179231897
531734230174
-560194110895
-51637284866
35247717534
-131270784014
178175198781
16641556204
276966122932
-339680092635
-346152014052
-96970396451
408821554388
157334605492
413200753404
-329371780601
-101650936861
177979223727
116065862585
-246878049742
-38278833578
-466181038962
-104892052231
-416251033116
37595022984
150079572243
645892770933
315445406451
63662153550
110909868661
-329801720834
-216886262208
14560314332
-63993750624
70131650260
-527224517342
-5042098702
276162352588
25339865351
469059440230
-199469244418
131740707697
154943131713
-569279291482
324323492594
-92883946674
-249013448334
-103618847653
327492634709
-63533174269
156716100707
73696617562
-305320782738
-103871099557
395570797609
55312000839
-139124195652
-356263898702
206954160532
409840720638
16699386853
-552783221667
-208653074314
129599087640
764621906744
61540067373
-232779078298
-113419871374
231572609821
-62038662863
385185284485
-92188572681
-142671379368
-219064440008
-63205093968
202582647099
-273048601257
340225196084
619454728661
65425283249
171248136153
-198737762810
393597704844
267625450371
125160255478
-229931988419
-55035036411
-131435791814
193606456125
690963791054
-128026645696
-281155684941
206285048314
-28531228933
-225446833157
265520637595
-131265178374
-113014132066
213737063266
-423176763396
-18798359391
-85536178368
-422566775714
324504930444
-458068673199
-474598222389
16115451590
-150744916841
-93135856943
-158952004708
432459156228
117581580230
88694579310
-27778872584
121057749691
-73132997366
162348806708
546673677413
225965816904
-122172653377
666656321603
40029665753
226642320965
113977430618
207402966496
61830955269
215002035575
-240790737
-140814873289
-48409321426
-444254864013
-116759418823
-584701017723
-49931876990
-223821744012
310239627342
149423544402
265666919537
-389502539799
-169413288031
52914011520
-408253822711
-163969491268
-223387873909
-7406866591
48792452935
-379591253494
243876788984
345196355710
-241359016086
62182099759
-210412020294
-116270595377
558091681616
-370232939802
364882607728
334634192842
-137378886654
-505097199616
25419872684
179773375829
-143535740941
227249736926
395054942091
64125662537
-276708000559
43065721893
-250433870142
-165872951129
-213821237259
-15666579039
-342144387473
446701258278
328670832874
539465489749
170321189784
-179519968913
257752983102
1732801579
-143092350257
-257289930737
-211581652926
199566250308
-264071334489
143580480244
-157134499928
146200373167
411928920494
607819586642
51683117061
70434996513
404517725443
48955840012
-295585952450
-193543406208
-141829301036
-206160473681
522870993903
220599611816
-278740608792
-180368742824
-468291090625
-166059785910
166892565614
-324843341355
-4000596942
18870874926
102741425746
174488226073
527405720539
-557061397297
109725840235
-319755570858
-92188083808
-107922701271
94805209903
-199709504234
55656391529
428682713532
-321920959380
-66664906906
134900572784
243822954966
-88739591904
26457033674
226703109150
-154807281935
-1730538060
236836410933
477611950060
204717149640
635785999886
179379007282
-157140412552
349538708995
-172238734470
-378153374153
91453347275
248959889311
471255412367
62606982386
143854266353
77210110776
-205255480930
532123382892
-85205601064
100217885447
-17628116788
776449884234
144603741079
-480534791043
76558574914
-80620315655
-253130241380
-130676355109
178907122576
-27669818298
37440933366
-161325166522
131041628956
200919415869
307015623537
-143270692449
193359912126
248926101583
-566306298823
-297866971978
360143284231
171464875364
233856479557
-281205489996
-115920948477
-201664878838
-366358752920
147586307127
82092960669
-181144730716
144925355648
262998992824
-41506704547
501065560624
-133400070361
-73881037526
-619778323933
156272021024
-138127643960
569916998301
-551870415053
-192302409750
-240538390061
-190437882756
-98840001424
80404938958
65303116327
371074540936
-181917833410
-68838493906
55032840305
389926707541
-69175968777
400569633743
24772628914
-106636091379
111033881050
238464446157
202647665972
418647346872
-291903470031
-444088037665
315840071193
-570161293767
-138235412414
305425855594
-79456595528
-269852359600
331928364359
124227861066
38065593335
-393811147890
-101864232282
-370734801163
-202532985192
111368914841
-479253695116
222719278579
-131098559506
-114912973553
364767844858
287670318554
72466859245
334173884698
233191009019
-98735028182
-357183822611
-384979529723
-132930798658
-94767632778
19829559756
-27183015571
-403319719929
-302834900643
-125143624498
657406619563
177099398562
143832658318
-114978658079
-413199083080
-205332756643
-97466192506
302461032063
-360307095952
11998974806
-246699268789
-221760575325
-75490724057
-297026042704
101451727114
-527629244300
56404962204
-399229059977
-28525041008
350037757120
448675864178
-77198158771
-447794804743
-294413123673
-327121150987
43643572375
192464615597
94857069266
131466631953
-36879344092
263829477564
-511920167835
16304145344
29323760169
-274348299580
-452100372242
51727100070
-67939759158
-73861837128
66744166504
-65948852131
736461815287
-172358111982
-179458866717
-81223044096
-295027591166
-120235609990
-499076902432
65742848126
87653948970
291810706416
411675375574
-341329014793
259124346206
218302993422
-74599819909
59995551981
-78467379587
-472441905788
-115287277377
10526913979
-122759235246
-88679478012
-290196300613
-415003896320
-319693033595
-132182763285
-366836210125
519057492015
258610727953
-304424632193
154928216395
-151258061904
-19952266821
-152490376004
-271836029191
-96811257224
142545775948
-9776220107
25333071894
-18804577606
418023848877
734084878612
153025355796
-334291472443
-21361332517
-212002007658
473376836660
-197902899703
440309697202
-280281162623
-125900864605
294124268897
-268867080299
156276355601
-273656444779
-362353901675
-116864777306
-233527836504
-3157887017
-310345150854
317339605589
-52661699999
-467339024408
-110321772010
-167460990211
174835989879
480166680908
-214563065524
383824274258
180435852817
-236195022314
-437231746604
280954159709
81614824056
32325284043
-426476924427
-435804805255
-1705046020
-168364141817
-331942236111
177796469402
-98860949682
338630567201
-195068663761
-335713793254
2609519445
420155734951
213882453676
158265498236
-91839025435
-32591397983
-426014942480
567917163892
-209737209850
-107263850826
181390929617
-285440568513
165226873044
-36312263453
-67686065995
-169206455528
303245847269
214665331131
23500790399
363975393118
82574286207
-446161699836
213616501028
578024693933
-30690888384
408614794121
69284703311
-219866880171
433096660255
-439112182109
-221790668976
156926876151
-77371243730
-72743606888
460772674917
-252114215341
193881036092
19580976757
536178302633
-195274104931
-14617266173
317129022749
-451087635452
220374118584
125438190502
270324330480
-81737714506
-414863250732
190013199888
-132138481679
-226893593780
178911231655
-323884264900
-214300852665
55674685658
-68065420346
135382296037
-315652165399
-343405054165
317110986393
-641390886208
-57995410717
-82187727929
105006298912
-86066975307
53662965656
-889219459
59477114853
176767635582
144025316295
697691594671
-67089330827
182437311123
-599674552103
197455756001
-1332797179
407465605601
-347249265239
163005827324
-174274703890
478596739028
162716826032
-40018583133
-120505486610
-79169284002
487309263499
-37614487511
285499503756
-241100772222
-220530212419
301079959271
-181186166081
204051135991
196072552891
-218757709055
-559336777431
251353653990
-429284061492
-51265821199
-346081808373
-115900349200
61626459599
-62385787415
7839293979
-47798042947
24827038028
-44013108519
612695448834
-80175323363
-137492471786
562406105606
-95579041377
195957506819
-417742893308
228332969789
-51015409602
14695456040
-153374403532
-5945338544
40265303665
482380913282
-28350423328
171668698949
-651715361796
46139401399
-90144842294
249123637871
-460418778141
-349329859399
-40493247808
-279901599221
-325623046993
-236871834626
286393936973
83694441882
-314155219674
3114785317
-178060536647
38059941003
-361140560013
-533422288263
-33827614318
-27361569949
428599751763
288600991643
205899027925
-295002950723
79703273281
52868424650
178141219358
646568044427
343138111722
-101492971180
-121329335509
-412707793641
608188243644
-6242127348
225362550361
316138659919
147422315681
13673706339
-366535493164
-121980915889
-51150971834
4530235070
-171609928439
325228547828
52939069397
-162323644084
-50549993225
451191587075
8529427958
82649734158
39683133102
166512965136
99245042744
75195862424
237528465212
704886317618
-399657105962
-490431106923
-224077389326
-171995230829
-174582157883
320377920125
468341932596
177967702519
-299342015414
185874132334
195338607342
-9144062853
350862783196
-100231580385
258011986102
-120220522740
24888128676
-159193922476
-233000085833
235485804695
58251482096
-584199009180
8879912765
503930302216
-162250418607
-103807430387
384011213442
-227753916637
-353850582597
-129887590045
-452797008396
-568144007001
-179118925940
93389778969
-237024231776
7143207857
-140203727198
102354643645
35453569948
387049251348
-119240116568
-217200196726
187903378935
265164727034
359248568463
186249179571
338543870346
-371643315772
-93988177075
-75894038934
-382532241602
-351705337586
-363160593674
114033680293
-88560923783
-286809722267
195656848859
-144262591937
-180247584606
533855093880
-139894904819
-143171874497
-498031031440
44327474326
136386729122
-460043227986
390073673839
-279957838380
197028232230
-377341177941
140953144905
-384873088019
397221198674
36957137597
-76467013881
-359510619996
-9410690359
187909145259
301032485189
416344800667
471185297173
24618543396
320968901154
27927775870
39681793559
-48255479571
-208542404463
-227517518722
-328679398892
-169865939189
513995089574
-1193876576
339561833387
185759627565
-517487534469
95425031008
139256026361
11770548397
-323544877538
-141221127714
-635857913
-26710329139
-89200090156
-62985524772
645367087328
-116418551226
-1650404567
262501623361
-19834587991
95928570172
28495149299
-56867674690
-94197834919
508517845667
477661216372
-583349288366
11950210366
-260446191290
-89489187377
-78268648504
-26268570315
-90739878938
-276049036156
-665041386526
368394466893
294457123252
68417199337
3494087566
468742197609
-60357243471
-89353104535
347034176360
355475407247
280199683680
-43272926797
6356162957
-293612781415
458290142502
-294712928778
78257232415
23445919857
111588244471
-397906677666
-335007625306
-441216918184
455802262240
-89656399642
65946224616
197301150254
-21642021040
66671448422
512055045336
-56745920468
425261955451
132086559559
274206900725
49386921220
209900567411
179960258361
64255141691
-244044549228
-823076351893
219361909810
-6386206605
13879831032
-250835311595
-75369967791
52573178235
83763908351
-235971424339
-39252550058
-573246949313
569540645718
8032669320
205535085614
225571454235
58152539231
-143002918785
220417334711
-1923933070
-226133799079
55363534689
354483113156
407092116756
-290884106339
91745349743
178546190999
254475609484
-184808713099
124752573478
-175995872974
-222491514060
124515527888
296679159909
-486042390825
417916648825
-32321629549
-137059310566
401692633723
-10518425421
-465862682172
162255180113
-164105943189
263752187591
420100183290
-364388930133
-311551571432
-219632920239
-155837195524
-300007439560
411992153410
37269623915
-343481165305
-8809348299
225717955328
543231580547
-78999056231
-271674051874
-242493034910
197236521088
308159829885
-45251260083
257284879832
232948868597
-245567219862
276506599005
301392101732
-45767718567
-73671162090
-80169223417
184861803283
-590954746827
96514955963
-487935315037
-84831134703
444927751042
256991201448
315494775787
-154628241495
60141622628
-12825817472
339282921622
499990028081
-131436680450
99521587744
297805904344
276169351533
-226992316786
267116249260
-14676127675
88934841893
652793565489
150382283616
128033964187
77801714091
-458316815498
442860001478
118135899817
-86972761699
100290818773
107546068152
138375298118
-374960110739
-57413092829
-360218174709
-116752738982
-32947048582
465409636675
-221178717309
-553480958398
226219499231
105108038151
-140887283667
-196335353697
-243976900071
-21716864330
67535889548
493850632670
-122153378690
427334545082
-172199084449
-183132239843
-163961723998
-588842586899
130709248221
52774645797
-193232484529
-140276248769
272292115746
244804088264
-177214721040
45672556067
-318104677135
-78995599761
-254248402820
-415357939663
-629080195614
-106539413141
-137441959586
-205380880992
-234821993509
516892332785
259462931315
-424124481466
246849405327
107052820547
-192940312991
-98865541385
-167259381968
255601848732
1637600044
-82922187109
-459234458026
247941373771
113510745617
582430597686
-320248028862
-72412995053
118723491174
229151664403
-262697356289
-232624677040
11070570301
-488939622781
187610531308
-120417710925
-359401194716
224040039038
82440355032
203136886654
-475510638
62886949924
242896022212
235004224528
-345213870694
61083515030
435829123946
-551842525975
-192391180857
-19289152780
-330527112435
412846179389
187590384442
-363069892125
-500939777814
264456979991
-162980232153
-130989380561
208638694008
-293802805523
-213242665083
114045312288
-211986953368
-511063575329
133950805405
-17441307441
336375559853
63294619930
228816564479
421764159355
-360008215948
58305932599
376548273930
226652901021
45454880451
137999850338
313017400261
-281158361509
-35866859021
212619872307
21067727347
497436655340
325563530378
283305564079
-133451771563
298491407826
31085920693
464132440163
-108649303316
485883979393
421824886615
170073737315
-283058535090
-334631395003
-222677458597
-16625820599
-8320857632
-45301516226
377265086381
290728578796
-272608303439
226854286225
-191659156257
-323637262295
375292838990
241035250545
497972434912
289708966743
-112500033886
-88078330792
45171235512
429730069859
-147982000339
-217235330665
722182255175
141894083502
288395953665
-149090955895
232847844606
180595220994
-43916446033
21392499718
358952427134
44702752283
-190595504334
-233035417804
205480269288
-391120740788
-509982269252
-68507686782
-187108220133
180505863406
-226168852305
18711207380
59128755457
1053230887
-274757980130
-555925297905
184603593879
-202569360567
-51067960639
-120943507182
127963534433
221344341600
258484327009
-123228756533
753135010137
-25424714882
26020088401
253879383773
-211316679385
390147765582
74409071467
197613478341
225078410878
-139415797349
-21074093667
409470694649
-37596505823
472494248179
238057646777
-546018156463
-205207396974
-211139958103
-237562321664
11995575881
112418800755
313723438372
21388127135
-181081856209
-80260196697
23297315771
-199387817331
492586742576
533555063341
284831826444
165889232516
-268400293819
-317713285693
-543562528984
-72832276990
264192803627
-362096789561
261021793588
-414737443451
236801958399
-382435718844
-127894110055
151439678436
91010651506
6506431833
90749059515
-74319270834
-12080620271
110347773732
373491617490
306278430951
369382383937
-72740439191
428363351994
-164261763955
-262980618201
59401482000
-286127291649
492020155789
-108528984959
-16271836826
228053915469
-390369990743
416862879433
12186449479
-390235098816
-315969844547
439583069128
-334578165229
-149923974007
-151152342505
-83760205148
