# Packing of N=96 4-dimensional subspaces of R^13; each block is an m x n basis (integers / 10^12)
# m n N 13 4 96
259636872823 185421345907 -30770936453 -493792304899
295271172143 -122573455923 202549050251 139577176466
-325735390273 186595304203 -170312346248 -333788177640
-56231730511 -40439430155 206775106036 83277987225
173812538111 10727200128 37148065253 65325207119
20486022398 -710505052299 -330568998309 -406197031570
-424382378630 -18039487870 -476374207519 281105786910
-324763600401 -283027736927 53484052218 -231830310437
488751370299 33127304998 -587570387527 108716152115
-89192412693 61478049411 216105881437 -418140434028
73865703760 -326322854434 -81642250453 211391069686
297498974760 269378145385 -200592047064 -291049274401
281319803066 -380592607303 327066785888 15872761556
-11640068766 96782169697 -214285064886 -18013316684
237317155467 25700278938 -63077642872 245372304655
318541255774 222658235558 -218761681464 169255874629
-142328471105 -648329947963 202710835957 -207659124438
27774588039 -160070795169 320448819077 -4113775056
404078897955 324399493063 363400119567 -383705849892
-314304066269 -149289050906 -117157468604 143848176962
-258456744031 247805282667 -80688541390 353156989153
310795120458 -126760754289 118721070172 -219716784792
-483337890593 531913693089 329404643081 -228126314684
-401048440501 -49903382632 8421490719 -220161390970
17642319131 -63330500173 305212549142 560925866763
28649723293 -3218854824 624774700903 334085143390
-178594714685 -187587681812 177147910802 200180019940
92310874999 15811132511 -410867041927 22111085535
227738052208 395340981701 84940243267 -138962449550
5185776154 195529784031 -174833926008 -126271944855
125103429396 -625597313952 -142297512396 -631275320000
451804799697 71526248615 193379159583 -246697069885
422371253355 -133023196571 410292058993 142109713099
-18309751958 122179027538 -7280293421 -187254556332
153899130224 49764177494 423027868926 -104800066450
156344029393 86066859135 216198201678 -301545198514
-470832436412 134991400459 509735494206 -104713290157
-7308152018 556984171846 -197661243571 -349400372914
-489198282620 -50848489817 106742707695 -417849764046
-83298564305 -546501718055 -252239454192 488428858249
-194807398385 323722969591 141151686454 667922514076
-144186990276 -157283502826 437147246304 85131239820
103925638980 -261416716108 65784560388 277005358555
217332530640 207043227653 -284897889909 -59886482472
-705396270010 262609573903 -187327942047 102938566594
386818738738 373415119676 -61116328866 328570229151
-194939516184 -338730441789 -236798149244 -18775899449
-335739364987 -99057398486 -25898415587 -188058841917
55026683340 -178204622297 379151066956 -124526643352
233229301894 -147637522244 -133542294139 210319863106
-92917730610 97077242593 575938240197 70563540382
110883059503 -254292305378 225819265763 93579532072
458584675089 438122641869 -228885439453 106886354944
54242030557 -320038792026 65706311904 -504427455083
124407536099 -189148274793 -397482694961 -82168374158
-200332232292 333968829126 401577478114 -112791471887
160527660555 -486416944793 408393816058 276032767187
-453673193319 136358489178 -185216989071 -120868713352
-337516606843 148852646090 204337441066 249840578864
105767120412 131348464532 97748242287 -357583387543
219089531013 383154358983 192519078418 355879377554
499208230940 -95830468133 299875639557 -100764427866
-41329714899 245694956861 379074670277 -484866164853
-210500866338 -200140964627 286218733569 244996541287
176712136726 85403181914 137949475852 -40534666244
471005471279 -375570014148 -97966104582 202259006444
29398891578 243664765256 137821446638 470247527646
-420903867707 -165695785903 -389136301226 -24163592945
-273577462229 312942156617 368175151115 -471276014905
-231629002425 -250520771834 413111781683 122055825514
266833972346 56402765842 -104901451551 -520387100218
16762008411 607312160742 69909834384 267906009445
-198956964231 -196725351681 -145645882565 72438161888
328512673347 118113058050 -320869833212 -19566308099
-18348525180 196975998019 -156080193240 -30603901714
-276849694585 89283021473 -491376805423 -177561693991
-70722370454 326081742864 -326179315484 255533020629
413113789898 183479990372 38723820434 -233254369261
-257920471258 -326224592339 26524426687 197926137235
31492230687 -18866187535 477470649850 263042686110
-103904870323 -19092099144 203274491590 -221792155546
463744291489 -124566668511 -435784300675 -166208397711
216179862048 61777650161 165662376132 -49522657878
-299693358061 99394641570 -38001465976 -186134369865
352397502717 3512782399 6894730910 -420863784257
-214894693968 222054800461 -410343015934 169037603261
84754190495 691044084201 -88638082084 -219686663837
-63951585835 335792634351 420576239584 -234188297985
338733180174 -364103685422 21424270954 -172332463017
-523104294448 -234999391742 -194146878543 -575472810152
-8084587268 190339026047 -346236339256 328701143949
-101609450273 -325368325769 225368314088 389344031552
253793089804 653172093255 186297842650 120435661077
-282500072269 -101705512374 -10531676453 266930226261
-238023395219 131674361187 -328269540630 -259642489543
-271948514405 -166080177116 64558341330 -217718122187
325002002499 270634845245 -268373513848 443035029887
96340636332 -264299491358 -88568918789 208384737135
-182886358500 -61825418398 -723521969002 24016397394
250309634950 -176365137021 24907650671 181295608936
420678889538 -128563794930 74499989188 -583828405848
-34998868548 -130048270264 91120782179 182723459564
-253715982598 373064570554 -169353706871 -17798770179
511145344451 -248181455854 -394912014902 11399119607
212655841867 -229987415788 343021852381 72863246394
-45534619544 230539598805 183556162446 -129852537815
127723941279 -149779854805 49227006729 -598585190305
-503075910481 -549390231105 -82499036451 -288745313041
99536396556 -186710156140 230062680335 561995949997
108131085381 -165880599536 333739645944 -286281305460
461477544475 205062922085 -280171608133 -64294985179
-2762267959 -85902251297 616070140689 46169394268
-467713307297 307484741896 -28778022224 -21587816111
-243497875597 463266248032 398056832559 -93963866185
-210377741197 -87880158156 -238120181374 160882823186
-239792931993 -240447472157 -6232049225 308725162912
-262545114122 288420187216 32353402846 39994214234
500649115876 -415337305124 -132574619931 -153733073388
85430224016 44242839544 -185459263992 -631811889346
82139171216 243078885392 -574499057551 281743917955
45822142294 -135763953583 237038093043 146706305257
43904558736 115020187611 56586313901 275910735368
-295997184959 183247212778 219624279284 -122071750025
-107694264177 94073131020 -586481586636 107791289396
221592267466 633600143731 158100995365 -170385983155
-306602825261 172307372272 -296847245309 -78158332689
497132691293 178302474416 -79034147820 -289781212113
-18667796657 166975793618 7869012736 -222931005939
302265757314 427851299440 202510580134 342553905819
387431563271 -135981487094 -77214349070 295762783809
105503776405 -84284950649 -268572692391 -601441753888
389668626651 -36615538893 43229445958 165457896739
-95227422220 48147962519 290115977993 313707855103
53256852500 -60083323847 203327594137 418177588010
-355468076778 -153827666848 -403419398875 291867654982
5684522849 9997650253 241995853943 -20777274023
126203957594 134691982273 -691499267167 258838112479
-311782897935 278104583963 -127129265041 208035832308
-494080440602 252376521319 201541168212 -72812507563
-412727933778 -464667039123 65403794745 -245059518266
335768497888 23430740900 36345880531 -95575039289
-239837372101 211795626896 -180035677244 -179879130648
-29573640038 -735774673760 -78853500108 186721637620
180127570818 -157858472822 3849426467 -735087483299
-63233391690 627504007440 50277422483 -313074923561
-588676663280 -196295152093 284564592627 -241655393663
181241173984 -201152159563 -589386242129 113317870297
-75872167432 160754482053 -164855156563 -174331281360
172116155122 372157862869 -272027966986 -64752768222
327537131646 185731489143 611414919086 129498233909
284607633369 -112561045950 75867948417 166880898141
-94311884469 -166082462309 -123722558787 30373102528
-118692235087 42656502479 156743148812 410933099307
-10492980772 478938832799 -148015559869 133184159546
514791064540 -118945672314 144509424447 -131064010303
-269075944943 133724910307 -75341625954 80526635980
-155158332400 14846740289 6818739423 -129484189959
-368907181419 86461329276 -499245840151 -167420333362
-71553528715 -70711785098 17626856202 -39857325162
-581468657383 -362239683490 -108008980563 -176704593062
-82028018843 -509618954832 -69975507989 44934463920
235558167351 -25366590524 -75661948750 -680301384675
-253144685063 89693739118 -110386903514 -288662400954
52348400198 -161001552121 300721594334 -59128064030
280930466630 -603080502403 -252564102752 -34145604935
-83652443543 334526985604 -462793248351 307780106972
504732344170 6085057183 -548911357877 -67822230465
162339071203 8204480219 188707008514 -73673976861
-23248054798 -293336190133 -103005686170 514604450850
-459201246625 1998124692 147545026797 -263924883789
15456281707 96494784015 -161568935845 -331717665616
-297515234241 -257411201521 -265472208813 -219048930446
98848424685 249843904511 -187747653442 406250262040
-350710239217 83127084280 -172926653840 -182824360786
-557417915816 130170848198 -400088794960 481676036424
32648757815 28828556805 -21961340358 42810920029
103897852699 -599837409406 -227766229255 -73147023457
46061363950 -323339303358 -500372088125 -107407628231
-67864130052 -419052176951 157219364485 111075381321
-275593381870 302221423249 12772963966 -405090809935
380923681880 301245671574 -423985123335 -345613989958
-131354976667 -123579610687 386070140428 -165056931195
-397820090675 -246506375288 -714539140646 -238894702707
437936174875 62292051460 -65358427736 -120429463309
54584924497 -38008981441 81392972353 -276074678053
-45032585752 -195333565768 -178181234253 -100078688481
228820262701 -253840878723 91800243327 -545797509204
36117258746 -298471717513 -222901426731 609758438060
110159492069 312643815368 -170601172420 -79229713654
241242722767 86819872055 -130334659429 354864225369
117255031912 -137503683639 252569256544 86545581802
141712859526 -715468537167 78255416333 -18915195131
-615573140405 -58052956391 482930436312 -6165504637
-173316471963 314300678404 -196390418495 -119283978699
-279548086635 -63185967288 29637268725 134804489786
-124740911191 -164545510656 -151102755260 152756310952
-29784513311 175737483648 404982006277 -592641081307
-308194891987 480783789852 19742951019 87054291602
-261372456036 181730581835 -458088375019 172851559239
-67653861769 -290453496306 -256421270317 -86677240710
-298546329668 -129837974012 -214183223577 -178083188715
317516554343 54186762808 -102986929287 -117876595841
53821130401 150499615087 -342298856957 -122598850275
-273903973970 -658108691664 180550469657 -146565993308
-599221618752 -2965779940 -1089935522 183756834019
-398953048694 274552371262 332958170605 -147259883952
-102468400022 37622862995 -455275350789 -665426065906
138127694142 202840459743 -113071675634 10417477889
-210774527703 5119190041 12785702776 -218092740960
60931801965 21895558697 203158556169 239863479111
-737233784303 -200077961989 46215439558 338283232334
436642994504 -385103176029 -57404790317 352892896335
-151483912523 -54682503870 224166212968 4725229752
-123931564931 426938949503 72803708346 168721345409
123467525106 -69078706459 -68136628283 -470278772734
118819315238 469570427181 -159032447507 116438498824
-213077330919 -172644892448 -394940348421 -184446241260
-92656877252 -227410106663 285622364941 286770665163
-285697964930 -92681719321 -195272475383 -353842370510
2539438099 42172861907 768548070950 -375193906697
120020693548 -555637802766 35939788925 -102421368757
-525271529541 -355221819468 -284785029616 -202218757993
-145280945834 -346438973306 129069750045 155572649991
74719736196 -140814006668 200489587407 -71374681377
-157280948793 289351603364 305602545750 -288353834846
255748575843 252771416027 -32473396967 125935127731
-51204496815 79266145696 21587805337 -461849119882
-223912254683 -459514136993 -108954623830 92580512759
142663914257 -437900511344 388666194832 -317197732738
-617304708066 377571799075 -152752062232 93250009229
-54183686897 47199187064 307000834779 73234402180
356321221458 -64075766818 -593656993505 -381141212206
-18977392574 -48001795833 314602566230 143701717522
151056537810 -161120601868 -187644116096 573005215687
-263276201763 356283274943 -159061910639 -190193200109
497395888762 85582629435 -185842654758 292210360008
-11125770826 300894510444 -80224288707 -452685072167
249319404857 677082382042 440281446583 125991015683
-284988125566 -228986614011 346689317480 69420705829
-209319166967 -216446257550 566907824000 264326631546
265132217266 -191527498863 179188570625 -373006086281
382357269355 -80895971901 216469411771 65075653996
155153220158 216686487269 162252691460 236317386862
-190854086988 77309432687 -37685916535 281233761805
178234098332 -98156852579 399089534140 -499804447537
123791246597 -109808602262 -82678497165 233797609961
-414589716216 315636675890 159619107144 13483825089
331659818804 414724320565 -101091079010 -54681273557
150075967686 -180290284870 -346218714485 -289891561720
320976951215 -123705314482 82075752465 48206749425
336321361019 22706252897 -244744839205 -11950806477
88811252782 323555261959 -198261606972 319138391194
-80429733161 -18112283344 -236504943341 287296346383
-470234400906 -76510242094 210805753175 -216107147089
74540416140 237237935718 296096865570 -653168590952
-180143185006 296846978552 316096011271 164847630317
465107262454 -189179060906 677842946301 236370697546
-277929182951 -436070056321 25505834043 62497930588
49257574261 -322793521111 24727606397 279861573783
-286112546640 440759863953 123581177163 295823896944
-592435762950 -104499246335 429154775474 11133727573
-274506409593 562038395659 -29723839833 -104181391934
-69708418359 -506715879422 -303103771412 -227830927794
-59483566061 -260097332556 198224282966 531310525592
353490790183 85728239294 520926543977 -352906793323
-51486031203 -184729064438 -17994023029 -213746891441
560858505260 -43537676967 207986430816 169846747085
-28128024313 205067048032 -235465972300 353587148814
-19101873033 -386379250840 -160264384364 76898016729
-136110232502 91624979167 352048965140 82757299395
33241924856 9255783648 -113934557527 -536584852669
-82880526386 263834562440 -349996334323 9039075636
308939244277 189685409397 -168182688298 173074143539
1760231568 -2093801040 -54755977914 737701293527
-493473424470 -238756791635 -246421853819 153556660574
139983947236 -389330529797 -187348748557 -230419688406
-534080838609 362458704784 3703021800 61042020088
307889206490 -112588851856 -352603961965 58315014768
120724328299 -254111279691 133268947331 156877000305
396199590917 179573303115 -172861350848 295340392610
233854678581 27982625298 68154248088 -288209455297
-29905374992 -219322086509 -193317023141 336652873996
-51321047708 -578867998029 -107584496770 -33580573716
-187915875306 73900894711 -716453694387 -230364509169
-221987937099 -62151960099 53655883992 -96318043290
-206134853964 -396539153988 399271620518 16980449081
-285366222960 50017489003 -99864395244 102577800552
-192143996253 -359667454238 6343994707 -223870185005
146941401017 -88581436436 -465181963674 327674653343
-130879994684 38732747656 48557294435 139755657104
353587184336 -226220968157 -73256995444 -219146953428
-318196006534 329857758239 212264419628 -1640598504
80895431317 -310659793046 177113443091 132649487485
-541613838285 116744188089 -407486288631 6390752582
66540217477 410799056903 -100980489458 -545342168539
-390704954137 -377917148525 540349256506 -79452516879
180755913968 -377797694409 -174056981116 -117135274824
221872845294 195657975455 241549821992 -407920391086
278899654686 309966965014 364117069522 512798502979
542878213148 284493100527 -96845105569 -1828963337
-297644660515 -117559774871 -474978171115 269028736472
-98436073523 134471673189 121871526576 249256103530
164994568445 -300869441026 -411206731637 -451317004222
1754975616 203703114348 46690602157 141996551399
-292455963735 -208530296542 499775203357 -189158156713
-21083535566 -388759363417 96772629198 149334830509
450700422749 -116175301607 65131140544 -301768172317
18401322816 -122116671423 -264996892515 494265539300
-84112611143 -570671558904 -176458978099 -134943702623
-351743897647 158851643733 147091432654 -313762704700
-393578768616 284804123415 -336464386927 -303106518777
-68025875193 316389307532 -281612405060 -199165703142
-69554847108 51890559251 186939375005 3769243482
-315462405527 76319458328 331588011048 174384143077
267714800391 324642990422 -390668267575 -408786804171
-410185904442 -319780046331 189410611671 -478392189878
-604537934733 325439212215 -279981892968 -150879033677
-156662431693 -433579257063 -363774769226 279776978240
-132297704908 395526165887 125832977723 -279676839430
377932135277 38274731703 -236062800888 -64806946103
104369982823 -186436953841 307155563444 -212412239799
208447759421 -399036994142 188246422390 -437786300060
94811528961 234738403166 336329268105 269121399112
-202654951789 -285457079483 -359635718537 60119294941
31232555568 -38022128937 109940785009 278091798679
573697017206 -103280215546 135133806933 295155148729
-216963102616 526835123140 -555851661656 -148041616630
93125372251 177411729468 40103584839 -26491640805
-188039159281 141436529321 331292713193 -172339785941
217951160125 37612823622 352883980307 -358348658281
164858857178 -84803694493 79938870174 -57013388415
-48027683697 -398438214147 -17003953520 -8525064738
282960372948 646683332827 175691648324 420897572991
-205869125096 -26673375375 -15802898722 -98985486584
274458085906 -119723843960 -346779802873 -146541230496
266087374084 135032066838 -61715911905 -541823052438
177007061298 -201119810445 -489052335089 324831637745
450410894782 31810328192 -189324074938 -348299161960
-297451098800 455824464046 189387770073 -424163406804
92908069144 340072803906 -101850137843 398899176883
411622874754 111203237159 368209922692 -459738992021
271933424990 -98137288696 -219947462883 -275209757559
297419240625 -394754952835 402770958591 139390551022
23986417788 -219579679549 -412429014792 -266659757835
-81534963028 -207383441572 -199661109378 263937919812
-323816470141 -275782211943 337678507391 -119617895616
464156554997 385308563022 84056701614 295121622987
-57878231189 -282873679611 319815611231 84880479551
-179609352168 259765190639 368124589072 147615640804
176034343657 105306357786 -179053444581 -288171311735
420633260304 -156267204811 81648727629 -14870455974
141285991390 -268433519116 -181619491973 323151356925
-209298152243 -73737768108 -374348662858 -14928059210
-132108546027 -634012914047 -133524525126 -82015866270
-102744198177 201555025341 -652772677851 -35564379793
-59632738945 142854034622 -205153213385 -341254234516
167654400856 -76080583301 28096415382 160707134160
-453935746580 -12946779678 111168782854 -279979304658
258524332995 451373218782 -123971350625 264262983811
-93105295808 -382863406168 72242388132 -25386028335
-44522358507 -78236816626 187479349099 578201528612
392988904332 -274895482478 -476504801209 53011170317
-310298577691 137272094581 -161185452259 18810178460
585056097053 -51883623184 137574644613 -508653998143
-241478262129 95517221891 -308219171259 -194706013073
429591065449 96275278439 -461680499158 111755862529
505406723628 -272633250736 120663537478 76202988744
86986422824 336755065786 428802748470 -312761550592
-345334134791 77936535365 187985534596 239019886832
-352804130430 -145066685623 -197682725016 110885208886
-23536539759 -271457231263 -159120254002 22513723872
-221074888944 -366144409824 -299462734528 64113719825
192098584716 -406806656445 96118325930 -512725789138
-5125661126 332345558203 211004435219 288566270542
204026846945 514848310578 -490359379905 -146619413131
66199898641 -9287862416 42566631437 -347563802065
-343577003782 133810276861 -89333775065 -532422730360
-79114830927 294750894325 377620149375 -32510728392
388873707774 -60547948848 -104386720731 -417282763267
-54655907605 -538964787954 -24034016758 285426940022
240364695612 -201382152041 -3342207947 246420672881
218772863983 358745015814 36734141314 -85804050274
593237521578 73929695141 -459331940683 -24529351837
-93875746231 94556850674 255666040212 50565729331
-330241524959 233214227625 -546839359603 468381518188
147539397133 -257587512156 257912032169 334941455104
225279498335 452707598142 319723183913 339222130133
426266904706 -55438528684 101401121396 418073570775
99173171680 -128331501541 256419596972 35078518043
-5802252166 -300144434589 156234647268 -222375478123
348306574519 -275249509779 94827380614 93773952397
-121002655272 422656605900 10375600206 -54275549953
-232707059772 -58784578527 414559985195 315984807788
-51332824600 315587792784 -432862092836 223851403104
44025139292 -282791250179 -485482863043 -439621647997
156535455961 116587021383 -79198636212 3412609791
-515729800281 215796410936 -119979248815 161529289518
-544689213124 -368135997155 -25770350889 -250421347194
-167544279675 -396065357501 8452498790 545056388533
-253265173402 385642103336 148481523173 -225219485571
-130568415338 -118152359489 -356379421550 15193623454
321134951323 197743373594 87927169193 41422526393
-75881642080 -90786397606 466679429591 -454385743681
-192834265789 382716064632 416462584507 208538647217
-194280054218 -529714909962 -207933086562 391643562110
294012878059 160096866050 206611675533 42185662860
-106121580336 324450730464 -209769782702 303263784200
-403562887712 -25999687065 -6120061824 -176413866668
204269587674 76866270189 419705199397 -125730838849
-515749141516 -175200477534 423320400726 326661744785
98665155260 283217787219 -1920995048 86449664725
182647118699 210349861498 -94501785359 670370836082
-229038311554 -85646459714 383038220234 -147695695686
114804119241 48656213257 281721065556 153933317753
-483898566423 519971906484 -298512659555 -190178141513
117845063792 14789339352 130812106770 -131120537946
261690931298 -493642041033 18881471975 188556059995
-166782406401 -124532861264 38430182484 -145478653102
121790124174 135326243863 101634509123 -456670554909
83509838350 -306313604315 -237177628787 -445769683560
-114104050218 22588914544 173437752234 -251645459724
-366049948901 -141925403005 -353805764208 227755127545
24919335929 384948963289 -534182122695 208269495404
483074251210 268985037339 165196352294 395144951975
261512384988 -487292126147 -309046108430 106052422532
90480347125 -183994738997 -315883548098 -3805971356
169029474334 -9542047226 6335246982 -347706318916
104014138766 -295650630193 486956561572 233914507880
620431646612 169316643049 -176707444771 -185561668900
-20138035300 -297187977536 -37398744759 7149410491
69048187860 -47204562558 -259829860257 483144837290
-226757892605 233175538167 31422081388 -324620769906
5058272561 88175539483 -561974543428 -358194172988
366306440316 -17919992933 -237915138709 128669157076
-73586167078 -175340797409 515206416032 50399629209
-5657088529 -354749492847 231925354097 -388856219577
76843894911 524112955169 -50474581580 174779984394
-663869675840 107398425715 107807317745 277073945209
-56032520208 513329210452 224501537180 -122678425921
594850745106 166370431219 406664222971 31339459188
-784245396 -292690718787 -85311566941 -74111565028
11796035536 165257032190 -35092929341 -483415465396
67406514763 -300115665548 -42071478224 -54229631527
-559235697792 -304375560801 -183428754143 199044772390
161946372594 -25449318132 254594517912 -26315412967
153130135071 -300440494383 -362841895528 262336561669
113191371487 297673377508 176509335689 -306628279948
289326051438 356037548862 -67287628996 442234213864
35543836470 -10791032104 -431213193199 -165443878186
-542869249418 478595411332 -86640273836 -294371301242
-362253073450 -88819177424 443290303545 417761238657
-117261128384 -396828481968 391394801961 -230762127543
50644161795 28815690482 -49157221556 326767307434
54883696264 -313794075772 -252718005085 -362701122219
-299982633883 131045795186 -350710337440 134924504824
-128001579020 206455900385 -363856273157 -262089470039
386422022702 -128791348399 -64760913617 -306056271823
266512032421 86852638812 112831685122 -304227247482
11180589201 -274638096612 302025811154 -171305309842
216745253463 306566735327 633444432738 339857244694
-274739567363 28412867521 373687233114 -393710035945
-42509075799 596782667409 -90409218910 250355846846
118504323194 -155653625788 -99723323576 -22931635765
181685393382 215136363900 185091949509 -554442431455
-54873128600 -548314736998 12052414766 185857636929
-243060490517 -85811621630 344792142304 8178272901
-720657895288 44678573143 71740780537 -134740655089
-101894404772 162353663393 -204984974159 -147827915003
237345537152 -25952499601 139443191935 235252381385
335455881681 383814039444 -373099315796 -65318830817
123232797467 483443968419 160938945029 -265990853322
356109768974 -413700979877 230978683713 -208828538694
285688626640 -333826390569 81830671192 -349297395697
-568017058969 -256669302591 -294469414522 28412988130
-41083881681 37482423502 568167515264 588539782774
430486100901 -216398470779 -74146765777 235849557415
-91916137113 57664955742 155228566310 -394166275789
201321819960 7488999900 -94190590508 -2969142530
-56029119699 406494626099 310820000757 -42795413380
-67401935490 95981171323 254022638296 -258904036341
202995280291 209195269646 -382459263881 277435759010
-26770634884 -208779104545 249305510029 376349764993
-67223165605 -118822327448 -127350867567 369695826643
-602340943823 -58132972205 329694305632 127503022139
-49562177090 415426257332 107782213268 -202108904055
242549943309 501046352385 142486194692 -86944927795
238516537293 115901346006 -89853440165 131526919811
35914800576 450750365286 219872867999 203398151997
389297011232 -103312918005 202006534896 -236387061824
438818874044 -235221505579 -241792168498 318398808135
131387590801 185890495123 430737468463 233028913614
-84637816666 374461529325 -606815840176 81319399799
-336888939817 1990344681 -218344836433 -312874686580
-174494374350 240612283373 -154558574516 531308505648
-322545295456 -74415538753 -401397819158 234636682503
334795596986 -129454225695 -8247001538 -522748544810
144219987138 -290572402198 -2743340541 308153150920
121165351836 1056034556 422027190569 298644692251
361136141209 -381047907419 254151177807 -182717367617
41213243540 -354820300439 -359547870034 73385893324
380233351529 -172273526403 -518399009617 14892037540
-171042961792 458521398597 -248035822096 -412819102247
405259261907 422525145241 -45447323808 -67380337891
65758571166 238180973163 262041292786 126679708490
334435867625 160756487649 7467420208 166458696509
91190057088 -122271273152 -5456220509 -297991193006
-392075015793 -325890953840 256425187783 -375532891410
-344529785895 -361743853467 93961625224 515154100201
-225136842142 -18910533660 89491877108 -105400320683
513950860199 -420463456794 103749944490 254073386543
116282692325 226585431362 -4810313785 -96358827474
-496599576220 305021295346 -270726294332 36693799601
344947697252 290107003300 -20092746523 2156702
81769439055 306932595939 130782111402 439847389057
-111521955231 -189714884731 -321498120430 45880072762
-187964055083 113734065757 -3013915995 30475152006
-56098717204 -263189990287 445754729546 -539543156113
-181217358114 179350743626 720427106210 286977140203
-215739553662 -467461653203 -128589027790 56956551657
224413010167 19036410367 -209659399445 274073155234
64427676747 260291645797 -37680100515 -484323874666
-264064255048 39491176931 198100747707 469880327087
-549786260083 -289865908830 -596246385443 -175920918894
-280947444583 -86822933574 122208633294 332505328626
329825447164 -49955474972 -379899388521 15193155260
354326777496 443200743341 -237483041590 67103696069
-179855308639 650521776172 -189887506961 172721889006
-178190001906 210141333329 155160582808 -66100153300
245512167366 -180854343470 -87809263737 -22273050408
-363988380162 189862618117 284430165418 -488666640097
176720500308 -213769505925 331039851149 -309272243395
105901857208 6919379616 354658691554 148625785246
-106215544069 241591479077 63691703047 -84669721160
95843690221 -77872238692 381571727317 280996616165
116276107088 -3555836430 -200710448786 -601578111013
745425316564 -166378939441 -143980133841 89082791847
-163836227427 -334926865611 446708521655 -139195250600
-257341066542 -15504711771 -466026640261 -159060179907
290277916103 -87910753261 239742353731 -338212454852
18460320922 -393503750206 115701698712 133743739697
-316307768706 -546885927738 -269501335078 320527548890
-59283888776 -293666886899 143262351931 -334623581578
250125502278 57638204474 44683206561 237211176394
14167301419 360745383531 -186279938142 180110362128
140120030669 -31149497959 -72550915128 263690608257
-240839944969 414122290662 413134277241 36137937442
92387162 188790385317 -108677472627 31397852020
-197169487831 -179426903836 563871883104 -192993088499
-140152308684 -311798822696 -4151035723 -565280033249
-81165681627 45426600590 -159996080093 300553351124
-200084944931 49165577051 162187649332 -144104305629
-272231624203 293511807638 -65422233401 -75724580468
247236312591 -68168754053 579604435611 465002542670
-739702005505 42672579266 75309421641 45243000109
-184470520080 164354604109 203983470306 177490051284
-156496883837 189324161380 -290483455670 319533088778
51616163840 792802370365 226081119994 -245597531680
134554338350 28239944754 -284812669831 -175034620636
-364931510897 -213678647893 -119177148685 287332688644
337720634096 -310376380949 -233658632329 -196894231266
44204293100 554872385096 -277153662666 -183878958687
280438128734 -17503533542 -130143588637 126014690422
167424876571 6958127763 -9172691487 -102772848375
373906681446 36898341018 158678003465 -340265563209
124056741484 88491313797 39897464513 438069171645
294371774293 -13538023925 362450509658 -546706262170
18243037932 512402641297 201073063208 -164782115652
-316737177045 -3538205812 -265716039753 -236760593364
-194114012694 221931310528 186427052234 120546548843
-315696294799 346099262389 134678746779 -133787907431
90193160290 174646434754 -727154375698 -148693015872
-537892780212 -352057242504 -27291449235 -395799479716
425047465079 504479542290 -48895228665 171896660425
48241412257 -534438139192 -323290175629 269536243699
114114112250 -286731941311 -102187165541 -86855701644
184001067907 171781118068 420793626085 -341888241763
-143555068990 338397841642 -539613926670 24873964085
-499552446165 285847000210 15771679799 362158018141
183195749248 -51624667266 -305244241972 -346823557943
-32444650928 -92979721296 29537343827 106929754996
221462347968 155379977622 -515485688902 68441231963
390561322576 -129333634185 -79827936564 -204704138554
79800930213 263303531615 -53013252384 -239018034158
116830963025 171855194103 31312987783 92312579286
-493714059050 29787289516 -210275737240 -630581756905
-277591510005 -195451098108 -411903213890 -37391810142
-295875120867 -242909363941 490980876404 -331243574707
133770873070 -272597569949 252672352207 -160850988087
-92720437008 20981511093 424815174011 -3127039283
-122295540699 -260795992775 -108900601851 -724531351438
-75105830141 199262341997 -185190063801 -133884047255
223599270916 -325879592540 338890490937 395900450139
114131350946 650482395201 246575530609 -220291554360
-565283478772 124520234996 95380645623 134686751758
591232822702 -55539140091 1007222955 -280529028394
90086472224 -310319945901 7550961910 87732663378
36862063412 266601003129 241938323147 -85197551855
-216132852839 -70957137933 235524229127 55388404933
254928850684 -294436444211 -141238262508 -311918005637
100277731571 -274523982754 -215827181003 -115106123087
-41505401034 295440805515 -145325213052 -436782297805
494880309561 227215583061 320231673536 250314056780
279801825126 433802323435 -164193455247 -158270048595
-40582387385 240433706854 -297979634088 272469035045
87682422135 -221778739281 -284345496825 202686643792
127336546113 395210481010 186449952439 170791007235
189942553109 -121328516839 205840678259 488360020514
290842769765 71058343517 401332604881 -470689494110
-23135991573 37748159762 206212851493 -50639522398
-133867363513 -381293190948 528506945545 -62230124326
-659821345949 284749534762 230550999296 741161819
284651748109 -342818779271 -6302538332 90127423512
449427131098 519002812701 -100330116649 224083187201
184048264677 -206718099022 -28454079014 34226359798
69066208757 356628801315 186117733241 -711362379669
307847812643 127610489800 -55701874822 429639187481
-179746773719 231044064856 360177752352 34501813512
163915870800 -167184243083 -81150854504 133944164950
380470203421 -108719023829 -152105979109 -320437613365
-514544146175 -6543825853 -523020797024 67882796076
-198460260099 -303511104537 414718146802 74186355681
-64227106184 123014206837 -572739573186 -164064027870
-3097400131 -252681444116 -66620062497 -143050096302
267137972120 -403257333211 -117819995853 -265635764210
3394499640 187230647328 -98572617673 332137287220
-171844541132 -225834827007 -363077175111 548815723347
-407012999400 567534973592 322479001888 215303448465
168735968570 55938388318 171210708327 90267007953
504039362363 209472995179 -31000825131 339550552147
-205498717319 354324322037 -297610960253 -211721052426
-425346588685 -318849056569 -136655974500 217971545264
-104231233096 -178027628730 338976947714 200004858011
-253026849357 82953480094 -368523447656 219354541719
394960858941 166984710917 -488772972537 19404596496
89673350972 -346794559482 198387695439 47668778252
-74666506731 -313716961511 -256414027175 -328396814933
233718177518 -180236166586 149079335241 357405600833
-228615448621 -496319642634 -111553674648 104219633006
-338959852504 -593831115957 -55991966495 -175107112165
-217737028701 22257924807 136169353133 90905595413
336797341731 14614093147 439523256440 -383020041627
120586958284 5067734285 -502464545132 -475563631043
381540113670 -108248033466 -333355570535 17409647899
438998207315 -238267076096 128973822382 -166939831722
498413705919 -379084663723 -119892692039 561324967073
-255505850152 -153518372416 -125715340193 27144107229
-4575628758 211766685505 -381861279360 63063622569
-36900803384 195471023265 -164372396458 254153712263
18144098033 159018392598 -430147652517 -133038949375
-61274443545 237052611755 66521880411 383512456327
157808682839 -17724383604 -203419768351 -25134001828
-35755678240 294434158666 233790583657 -452436457402
480961302930 129795794948 -110607114799 212426619753
-210708553960 367701593664 -287374027443 299646330925
427924926335 -8790923455 -69553331295 -195218173075
-117791120509 377139860580 72310279254 -126675912645
-159189532931 490210776669 -379018932033 -221122684285
-269050301377 131367224380 86804965735 -312767535805
-74735669298 315046941585 -64906636340 456703251554
-13779863743 265312741582 795318608231 261694760082
390260647456 3876179055 99148106525 -150007016645
312471113166 241297970865 -25645779253 302296185611
384259475257 364941217643 25594667176 -260641037319
-184602622306 267970006554 -71922980359 50177376458
-147043352929 499141060255 -539982753993 -26138204285
149199452946 279049888316 33258577749 27537973533
-107545617022 214100162884 114152319232 363963929125
-23495865898 -310800431743 -190117370587 708187387437
345491638565 224546505913 343219790796 234127464008
-561847523780 -86600737265 240223535873 -85265397167
8883020726 -101701662966 540361867109 59874209782
-346569976740 -234428744330 146118805232 -195606632395
-68123716164 49340299565 12380600564 -197780527667
118382454596 -525483056426 -356444744284 109485315590
-559329818690 13900270426 -75679595547 184360677320
-152281550148 238253307565 176583832438 415951684655
-260167443539 13077721565 172357531578 117184634483
-332730809257 -155244832261 -96269073313 -25618841892
360451263117 283543632010 -515313271242 -198750856286
-209940670885 493220635772 166351694681 -382027101439
-58026760513 527918502093 80274768906 404632938321
-65483633381 -350445278342 195627742585 -278021336386
-483286083190 -40982015139 223626029002 58760403540
-493387308586 14639745533 -673002506343 -122549936225
-221958967059 299577087709 -100026806635 303685270865
55790765934 -253441924038 -154654610460 55652506370
-28307722336 248807712704 284255768484 -295631785133
-222461336365 34836823928 -17420344115 -519245754078
245524866200 177658718412 71561480697 -297209734708
-203886481615 -193928490537 185098023667 -337004422740
-46573303390 -392121818379 184033424856 17040417854
117502965676 -131515577375 107659072966 -464666608794
-221557429405 -130734584356 177036045698 -23147731397
-166654708178 -579639014714 -52781428339 372229277126
-430677034259 -184841636023 -33325869991 194746579209
-458004383032 71339571792 -29469290535 -150041733166
-196897038446 -12686410063 156649377804 -397362763576
432493167423 54877570861 315691695955 -131358319296
67309658127 -214834970359 555332319321 -68883357657
-97874366935 -230990278034 14005325971 -292102623972
-423044400968 380302173486 -106381317872 -238316783511
-226818745918 389479627457 663374598201 385587161014
178868793790 -72758027384 -118800607336 166870510539
233716664201 207817093808 -76380602360 -149393994390
115057476223 334450107361 239861288529 -289937942840
404052903934 196001949773 -199447949947 372240278587
-252300128396 -316326145072 -108481207920 -109992856907
435173492097 -221665592152 8882340181 384608935225
585064752410 -477055153191 229215292526 -381949764989
75015757123 -129150160199 -122900133399 -75564868414
-167514821832 -243749253492 729130618730 30744497969
-317109561697 -400981900903 -262370901817 168821177082
-31795560373 -157657313642 -191330805594 -270031448362
35177393275 158877836247 -271557207537 -546292172530
-71119306931 370792744876 304019064906 121625501665
234240304503 -228356692002 -250321182543 -438956302069
-339668164167 -78674193632 -15041955561 272464827740
-24391013438 90433927886 -203374810114 495648206027
-202850736060 -80963017563 -362386687747 -500700631062
-460442050956 -145923974950 53663905297 -166317636565
-330261971036 -517941240225 58816721156 119618764336
-320276500839 -393250110674 -32385998330 76346813847
-362560930093 574016551529 1859107199 -37040751117
230278965551 -227529714296 355192939220 249820983891
-221725979982 228650698883 304420778723 -81372721830
302922987684 -89603891496 -402488629271 197683199918
197362394967 -68453542980 594292409153 -281749098602
-1137950934 -190963460582 151728345577 6907405480
-207979101579 -95760559043 -460939671008 250800688559
40028525092 -199536460887 -136102477205 -402734140903
-446763167935 349645700725 255829090352 -22106420184
123552730719 -17995638275 -255885426190 18128574542
-24346754160 -68044982540 -287844111228 658724720064
475725120042 243959637940 -165451724646 -42185490240
394068948022 -182157317836 216918222579 236688255883
1424237283 231327995070 -236384864177 -291639840985
388660083357 -92503101639 43721515274 -178509228694
-92815960524 -62156720831 564899439881 281339737796
-240249510679 483050229611 -164133176954 -51862354608
15327442374 21469205308 -253840561002 196678552072
-374772018266 -656795302874 -111925678309 -211953150826
203534113245 -58114769071 -70481969675 221546516586
231010062739 435489332282 512611101260 178081171078
-399874051588 -156881605302 -240609305751 185982177153
1549071087 -15588644770 -461092897069 -9873452118
107648238258 307727229860 -397443012891 489414911422
476978470864 -353087910651 39371339371 592742644045
57609372441 -256191594511 208727494599 -103367082403
1909597757 313269149849 103095199108 -99425001039
388652044097 -110243254328 -273821494000 -223594143527
-116629723546 163099132838 238734330315 226786966243
193724652825 468797116760 -332123596471 -202183207460
-532735277457 -32938065925 -1761560311 307619942948
129994026500 -373319570930 75989062756 -190109842770
411531146097 416803678159 304813531025 -114561044906
-189117497382 -266139412605 259618428324 572681537294
172343153280 -118262153565 -115405302851 -370449378130
235666522197 77347476208 111410657057 547747071973
187343485933 62596659464 -350917202502 294622195072
47247575183 11137310766 9711977224 136774613701
-511342137766 299219209716 146278676234 7700822527
-66420360839 142377263908 -270744739526 -184743331292
-208166923696 -438778012537 -333320528920 54571582395
174547718640 31510074568 -161639295942 108508795536
-5267410302 589543766447 -370504860462 249021966829
-7075005338 -17433789433 -566864052280 67550181413
-576667390289 283276043861 13429502837 -25018193937
-302745704267 -44737380932 146955275022 210509628386
-268195309586 -295426234128 -114804067956 378110151625
-14422612265 4039966095 -264844250622 284984990670
-116315080362 525905783889 339679477863 155099342596
-53334911056 -190404656054 -28741681307 121119192544
350652506099 86770176285 66542389766 248497470934
721184384662 25283576027 270438810283 60651666966
-17227604674 359239849917 -493717233780 -156970405385
-118704072637 -9522382244 -310743889939 36330638572
-333589326205 -622594847 547969963449 37075383745
-201424045805 100773467797 194843848232 -568745585505
-83969375591 396097754300 30637377730 516930476985
58979719399 -541768751772 147702733054 96559905922
-156162276662 408188158770 150966451755 92183376092
-7737236556 -209757652174 27660694823 -387654190377
27120545130 112872259414 -588323308042 -547625580710
205581011073 180540753397 270067474211 248553005769
-136981721346 424612979696 388308875787 -338227739972
160273163477 204461766670 -266707408483 100315874041
-329968573614 240041536049 -166815351690 62171591675
203462014702 113403188868 -472509144416 419602580020
809141377993 47211401016 192178650048 -252252294064
107039104216 -198726082435 -49702084464 -33351266510
204171037703 -80010729461 -84942707350 221492801858
-136683694749 -331554946245 -59157830244 -194693269050
106261413806 541679474918 -185085223555 -153144091504
115823925018 -522240311066 -8882063312 -207325558396
-50698419489 256665699773 187399411918 272094579980
-195121595844 488089526786 -280195599016 -116440383829
425874998967 -26136906360 -451715683047 -158843570022
-83767779507 382740437633 -176253999317 -400272055120
-67705853719 196235879428 -75933394162 -268934118816
-347639513823 62246737261 -336767383304 332968348078
-300807288337 -375748738814 -290485626493 -286987985072
-153696011134 -185876510461 8660420057 -273290285214
-311854714344 -28520238642 563126949978 -73747734227
-574916065465 -209073668594 -272361566635 179370396841
298544871307 -69600020442 -168226532939 276865463228
33163349280 -92158966642 -167189895127 479023146204
-73273705191 -56404577426 -468569577629 454745819429
-226260839053 -35655246923 -288118559136 -101373910157
3708074010 -37276408623 -349059166541 176729489598
550592372937 -153160170484 -143458129509 -76131440918
-351992413411 -273536322493 446193111013 279815985148
-268061543321 253265643225 -365138675046 162934915018
49383808727 10694060912 -210778270140 -492544150387
14005949384 143271427535 86816167980 -458133928315
-19990268894 185384688428 178539749258 243110975034
-136421334070 166246992009 38828722018 -50029295530
200457060814 569480064062 -159575365677 85519571107
586900407644 133433360778 233152807773 345651302950
195538220401 -637946265538 -239624704062 13219529648
155975162408 -276621922941 194165713371 -308760782570
-200632258681 393749093408 -131373566294 172006683841
396138207528 361728833894 -222888886105 -190261266463
-108689649432 -14453671368 -120410105260 -115864383425
-236074589322 -98043587443 165636686726 47099491754
497823270262 -299964547934 248249010714 -329326148075
-87926151711 -149027233312 -58086349937 87368692419
90898624530 -390711635561 -230277777924 429453730867
169259653654 -33975149616 -249557832720 16160315642
-303420274360 -182334863791 -626326711271 -270063948131
253942530194 6063393359 148402786459 656703611828
257389685506 -405558235418 -418740689567 134974992227
442354818900 404987371922 -288905239163 6717998377
-309587311479 -134192854349 -565938446435 -388539485583
-60347605274 -257393776942 133325236195 401712831710
-542667851797 -368420257886 -120031418251 295698499620
-426264828298 -127315629067 635777505699 -352930996786
-379384000427 98450368985 178190129322 -266645321911
-271192643211 322651384477 -133060389942 491453527277
-58629653869 -266409159335 134508181512 168395428048
24626316894 -231446524399 40264657896 109610501982
300571209601 -459358370106 -37244029044 -180435644264
-46039376427 74091454655 -279456398302 -281842115044
-142538477984 376246645692 -17327968228 63946241971
-291216623948 -94475630995 -281246688415 7528239221
72216234950 -398087178429 -123547725649 80810906008
-166219208672 41537350974 -164053030658 546730284473
-90745004405 -331026724461 -174436129150 -123645730799
61605503366 212995678631 -211566311676 -319158850357
-160949324178 106988814236 383991895765 216724081458
-177564398668 132965392062 410656013218 -452429190020
-693258765871 -166049295190 108023358076 90744014610
120530103917 439810995925 -101420857870 421273906544
203743413296 -240893701894 272681056401 128383137755
422869344664 -254805641851 -279344311292 34334694664
-396298449619 264755520456 -590463136277 -156208088946
-133684325690 -315128316954 45063476826 273579308131
-86892143562 -529623676402 -205443651307 -108424761425
70485402229 142611512609 120756918466 -133805988088
-230970157347 -75949436486 -199703267700 316638539674
-659336216625 -457219457361 276640489203 -64596721448
-148643990638 206666498322 22940375206 -234902449552
181755212508 -470369099948 355864019604 295519913346
398385378931 14971945878 68537849398 171510630891
-116808981059 31525779030 132948680523 -258871758796
64484722061 229193043340 132226903615 -300077480457
-267146491587 195772707985 398867903620 100255142172
-187844257074 129200477879 4442975726 521555766366
113278864006 376559816396 664367375992 163538189431
-25778516194 107586633487 -244403540417 480874972541
-375735162867 353162435982 -232255772104 -9863441926
137690815340 -366552632343 -48900426887 -162557261993
124282691530 88508089454 -17159538210 -335226733989
-90520916941 -172580935781 135248148009 136867245630
-205513863182 387235384352 -45501515329 -52421350216
-268547524673 72623574484 252524798533 -508872547136
-255731563163 -607901008785 289133224494 127950612829
-173282095025 -117860063404 -330690073093 200775636337
398609511191 -42312662083 129397715154 399751897190
-28963584413 -249749131122 -416846591154 280044614363
-63236872508 -143035642886 518618419188 86656999491
698628764417 -55862925446 122140055969 -147038789524
-121717438792 45050597316 -384623257477 -33261989194
-103254940096 577864500069 279136897237 527467547411
298821914610 4504776478 -149598850799 -61839560253
471153030028 -79922355847 -387738352142 83433465504
310190498647 161940009074 -115314544288 -156107139107
73825857577 331811372992 43335871516 -139278796159
-19314857231 -156704603394 -662695838000 246634175283
166845387597 495314195707 63678157854 640855518728
7552845788 176013044240 -356641539775 -423230939126
-115254797843 -52124245733 272812735165 -196491447440
413562088387 162978778817 149616031940 111713787634
480908875690 -115100415521 55457716879 -115703289488
-349958741181 12726538484 -274647644900 156132392985
163289718452 295735124084 32132414464 -337039107602
-172409119119 299076065768 140824455892 209316784941
-231578828727 580362938005 -260551351718 -228822821516
472282340375 205545183533 83433547189 -86758162016
175281405652 -61589529223 -11699573944 -73075985402
-208987409097 -521583785991 -171279808478 285073282892
83146511740 49742352302 -271713249905 -132282489873
-122663479526 235063844528 327312834787 371360912549
-23143476713 -370951333540 513630914172 -425975570332
211964921363 -130986871825 -140981975732 51423775700
-85798303662 367715551820 310039899941 -35968527934
26854686095 444341230538 -258203547823 222593653646
-359553517476 270638734388 252516916517 78835490357
-312243794646 -149667919085 294676042958 316572629092
-252104629720 195118247453 8646691763 -608785095216
580268451657 -55187854602 430631437024 196124306262
-507836202096 353892762622 40615973865 34352836785
166599085779 21541074710 38126315175 -527426678809
162874543146 -286347010964 374862892244 -123347747778
-278480272311 -651590549201 80670984556 -209294785808
-172278961784 250092156137 475399161928 125283392527
389905882271 -8557933479 -79442143201 -261627498751
-350248632341 -107816543424 -532877458936 127481314888
-88993375436 75871431751 -339189330291 -131959756459
326707184291 288438633618 -365056394444 -223532366397
-205003386052 4460780334 -168347474698 -277743553955
-199474998916 274944134803 117753343184 -304565627015
231776048615 -214465100595 -184041130789 505189576818
235993241623 287966202234 95913996422 262158991922
190457230948 129089535478 -40891676560 -165443649797
-218474964016 625539768688 -400845571233 -240634936261
184504738130 577445570134 383875717504 -194321933096
194096674022 71583685880 42471517700 136324287912
384316117283 -185907431946 292971274796 -571923897456
217134816938 -47678702307 -44284101155 349958979467
170205583831 209902782560 1490657920 139599203682
126952928285 -312603114268 -206760721244 -271503085843
-104725735963 41613395892 568849701864 -28981584049
68190196769 70257554203 403217154573 356845903037
480010090322 -73984766414 -138714851727 225735047892
-482041724625 -249464911309 186254971985 -228497915949
-354900730799 21892366467 133544200146 290277911296
-104388199618 -240390495301 710783319137 -113408608512
141543274840 -534779901999 130689402876 -314399672372
191465726162 215758438251 28463166913 -502853737430
-453061189098 -154390817629 -190382597563 -150061406398
102366660393 -14957657781 -5410041056 -250644499177
35010678826 594714954082 42144079626 -356702138283
-455034659905 390275364742 504867829004 60283009408
332984352507 36630120485 149786846289 -81479493926
-149299045263 -28196429366 -181047409973 119882288207
39044490089 85815928553 147632728603 541399179290
-129164262746 -15845736759 -70767598542 -256868629949
88256885145 248042207981 -242925508257 53380014540
-590946593675 -91285087609 -207181584684 -190429103994
-370781924060 73715998212 -297475868222 -332435749541
-149279568172 94603951030 222904668437 -403474541568
-696245649641 -275907416236 -8984564014 -137777177696
-85769796082 354608651214 -485768209012 -191082670508
23390430961 5583550795 140725210275 301633208739
137604940024 26672409624 9917521408 -360252540078
-40934293804 -334586069357 -448790940394 -40621505091
-109065531389 -287401156747 504131136761 -307785141182
348475452342 -305562015992 -168631393742 -223464357646
-176500982573 -255442933607 -179705480178 302737856975
103341318395 -606789201040 -164601404309 111037914166
385237678705 -81259398187 -156490785873 -411265537257
58254094373 -234602915127 194918170376 -176062643156
543046902238 -240858108706 1693854379 -152817547458
43316780248 -437175039188 -250861026800 -276693574087
-15231898077 -135104509814 100595065945 -241931681051
-56378883350 178710063142 368954556691 -299893761605
-106823587441 426952812964 -332635995760 272356912189
19491293466 -212843147789 364009955227 638513506252
-193661571991 -376888266165 -127410143990 263859826447
-425560711760 22526327992 301142392749 -113621815608
-537202458859 20316483707 -2350612422 -41808389592
2927017952 -308667385515 468950247014 192085022186
-118237189522 -304630669123 55121622976 -260207232353
157429462438 -104963227548 -279142375449 284077993137
-376903300901 -361975541382 -373992361646 12563410426
135620051200 243563216337 281239086039 320441720245
-220533134367 152563730980 364188998461 -120149830726
207655423974 56905635499 -132121063116 472434847284
125936171079 2638022183 -107270091469 212041418022
-97268199822 -43617257099 40555001237 218193148008
-312103624098 379532484838 39137351647 85583109633
-63619665967 -563311576166 -414627222218 304101068307
-100155248583 -288413538753 -5698469922 96480242602
403524293274 -498217547212 654000080304 -97388668117
164394446136 -22332453056 -216506784592 -492212052193
731988534442 319398246449 -159967827985 95446846604
81105515108 -77218229564 -263033758241 -353024247160
144224218359 104923906529 -121719755511 -269281975179
178719440108 421905283542 -189845902267 247700675228
78481367609 -108922332705 -212664286376 53100730929
-317767308626 -330807872078 313165279224 222778666529
195758079163 -115780186458 -315528226337 157569757565
-342632984867 365830799315 198817196176 -185235542944
-155756216954 20632126170 330259595223 -353350699927
-247049243325 -365858183723 -251662774214 -30996733941
-151397692917 86186723933 -225308865721 492892975101
176848512770 -344308943526 -356770884569 -295467625084
173594319842 -25775175233 248294971210 -116065696174
434644124174 61747068491 -69197748404 -469413952967
-494692362924 -201186237341 -313163927809 -284031164050
319287275389 -498250063927 408176598382 237691805678
506236919631 81949393624 -87180561594 -32953775707
108580627986 222670976914 471883820397 -169504305939
247284381692 441894641103 415863932566 277358344103
-218037081132 281793639901 107997697539 -51810925279
6803484752 -322681062412 336683199801 387189053486
553255014383 -430675071527 139911422029 -313309780841
-272953185035 -528221182532 108390878486 288528307566
59714426054 35232903751 105682169675 550068826185
-330964823214 -68186575518 -1826534697 -320614958068
-146111170787 -145865475269 582893410813 -233679696681
223994883467 -270156972776 33872774851 -15964758357
-145100560889 -2251462098 71749093975 134533689347
192156116175 -15631320063 -288457012596 284452627233
460064983272 -30674596203 587094083216 -305906362530
122407135608 22687339126 -154442633174 -73563546730
-472781527373 -70641573219 261914261805 226155175040
-332700856018 -374455270455 503456211147 -140841789154
109801753748 -56563702905 127738112357 211897672211
-257284451799 -243005142003 221551926728 91309422005
223764209309 -256571646060 -54964346992 185032023549
-305789145809 -79475905999 -384279839799 -312932133946
94181202760 274951470344 125859052448 27462250542
49104082195 -655916764423 -265904498067 -24173431648
395357413527 -250266373833 -30639427706 -166227848442
181729177429 -385592375826 -69973930529 219601528033
-129232529075 -42439846476 -30423485511 -753279938829
-274263676412 339716617180 5688275929 -70035137035
286432181855 -123834743156 -24348512629 -159987404481
-288076441842 400197599015 298553161943 109515162848
-493880942480 -25926802286 -178644017050 249214084905
316664879314 54373719816 422804051454 89730989234
208684065881 65291566087 -73136314811 12008006662
-440175480770 -267713073993 79778856277 -677651923160
-144899644934 292642766969 323954368235 159968793033
-47127044678 241295144163 203048342026 65442540545
11197858296 -170252447875 547327836805 107003115138
92967620679 14600722422 -379725598755 407206321125
377091258088 257021138465 73923708908 -379389666024
63768545550 624832298056 -304057885619 -277333721727
575343773114 157057967763 576406699681 -104464423112
311247077029 -316393496118 -3290081283 152753346800
494276941766 -287069844192 -440321164570 -217735651427
6052658098 -233603026278 -22648414872 -183678516219
61809011613 -263023997947 115858525170 63942572223
-275539148459 -381023587221 -230252348328 131475325945
-51144750239 -86784987564 140205827072 303821318844
-136771899145 -160645080982 491084713006 25797091104
-75653718328 -520565975473 281685127581 -347523356342
248878978797 -154421444192 -118001612529 530131273535
-235724450009 -89145715704 -14723775079 -491117918012
10625838670 -429324320251 118391297933 156660960048
-321482192138 -58721031905 196426631512 320481784778
-538381979690 -222003047266 -444076883871 431797601390
-225257408267 -261986579903 24502988855 -13341811429
200452292301 -112968154688 -79517685781 40269530338
591430057224 -174733704534 -230039361696 324699311403
-99608012673 -16195725751 -12266211671 349974249780
-296497102270 -239351041933 -50236216767 -16171992595
177807436100 -69754843613 173539025784 482607493806
7712306414 529872881853 -481388316473 187429607663
169354610535 -46319034497 351320413680 416456318398
250403844981 -246553389650 -456511711113 -315256740026
19476786106 450021270255 -218097121968 128268580269
-207028762640 375496180667 314572486978 51872954718
-72819877743 -298582020995 8850576859 153531366377
-38215803706 57135114119 508152267093 -474920945260
-89120095550 -327438535124 -101611011551 -220357723427
-228146895972 -584586651600 170211368490 307508454216
96082789237 -474311411981 -260991004015 -148564215528
280761272375 5190379166 63001539085 117063538830
398458312159 -67853005306 84167396845 -281767584606
-45111695673 89470646483 -114458964701 -172523894082
210347072620 -425027656666 -219498639722 -30384404512
-468457943103 -239521536228 140896491368 -80434957733
-405747552685 208615634746 -140823877797 -37874039977
-226047413682 165849133896 -552900374960 214347446126
164013463918 -1234175787 380924644719 656342687194
428200428773 33522112491 -267486100869 28990825812
-259335334033 -154011681311 -235700237311 426732507718
99350580763 -287717783977 349661029981 197516223657
311408972433 -391291413287 -138377708063 -312242690668
499059360979 -165433562748 -172558827559 106625897436
350990479084 138175691953 481966387864 -43123996323
-209862937183 -118816068918 203357737279 -326177200860
216855353107 -303867928171 -370594797365 -218858348345
35334306010 -583449971397 16719411172 8128921860
158240189353 94796432764 296113320802 -267756695113
437580216659 372556463068 -191223284106 -150177929110
133479701045 -239077429978 467803670889 293166079670
355962141248 173798479291 -105352114063 547108370266
-16883318326 109149746983 88333610395 -185161685250
-475877142545 345346960155 191225220955 -36747013293
-84500188176 -13329831940 -258413356178 -58981738519
-116395451196 124936957105 -204223973187 122695235014
281434860265 -21405210738 119236845774 -133897060284
-383081468889 -199389151617 178337928223 -130672533364
154276544423 -183424813713 -20683768757 574656638047
-306487263304 -54000074139 -692857546916 65589628391
124182872252 -543595974638 -35329407877 -570993347216
99429058360 253212936319 427367012237 -5012568035
-171230860704 333861351437 43196091185 -3918870383
-566346699855 -272155129480 257163174537 -97531527734
-175238483780 -439066162591 153218049704 483993336013
55456591482 -224163725746 230394181256 201853590388
141701129179 7589056958 -204151457130 -75959008781
-96819836236 443781285692 317484069341 184402674145
-286867318928 116911285847 52553528227 -236173198425
-389926005768 274501728465 -11126351008 21677404610
-4275677221 16358966446 -353592316237 -249768622868
-258093515050 144371662210 606070614277 -458242525642
-665261841359 -378748436150 -24093941719 258634478248
370578271036 -15950611271 325266505800 -135471868946
-223142673812 306539936434 -346293226393 44404775255
-156655000465 9725828372 53471315 -212369606554
21622787766 61612350054 247359907652 641035735389
80439110265 -203527324762 235278151791 247186412996
-91695183847 -640222428931 139465808381 -165113974784
-66384131494 224965058404 583941201715 -255336814433
318560664789 -339896889172 -159619331001 -226477158106
-82764218948 234022660669 205671253264 -318883179890
-190491095459 -179245695544 328999869101 -196417123485
374006946081 203514682679 -71895408296 -476749806979
44930904092 411891694341 -322862134125 357617671244
62501553553 92050631020 -29248868652 16461204272
467389459284 557683678281 63253795063 -12515623936
-473187788092 340754572596 39352125923 190707127293
132225350011 -38667073420 64128696491 294121996143
224317365156 -290888523016 356082546913 315120188999
441438689610 -50436828133 245278778083 308024574144
-11811894907 -107884089463 -419654356354 -265668630253
93637626861 -18396837493 339102334799 -176151669299
408545448428 109408795099 482714434090 456879030970
79689647214 411672438178 -1584817603 89825335736
212367749165 -26215229009 -268719669291 410064353334
-99667363485 -142645176273 246298452384 212923106242
366821711301 -38882248135 -252108076654 237008719650
-378200356836 231113860144 192515448563 74452039102
-106464587743 372435074419 194926196653 16141401359
-357964256751 -50050544121 -182810515481 350834583977
93536713407 170915422689 470310833630 40545064353
375951786692 368753345488 -132946557117 -531984921580
396722561559 -502811272384 102402441892 -70609805096
195944069655 427824165600 -312619205026 252933258785
283536172395 96733137400 392598886015 68101595838
20640858845 -421393636336 145669155900 -337384379218
-186871388057 -142611315702 539915459136 515081671823
28686398849 -297233303948 120034829931 -231776682329
97005284641 -116134577099 -284203484779 466569915587
-163675817973 -277023552097 -268612347076 429056940115
503795774970 -27891742510 178785595653 -138102459991
-512872329808 482448601109 71041083910 -249622466976
190717769220 486625084188 -294791068257 120747311824
-153667928627 -304620062870 -313008294931 -134402926116
-436780630461 -71358811184 232754494643 -27143035257
-2881203653 201813480008 287546177004 214252816108
-282164207995 -72128168599 -84028473887 -7636182564
-255041588347 -421644729973 -16586412194 86470313446
565008296896 -573015290086 23399518406 347793081803
167295371348 394432985880 660915476391 276747639478
-112720133235 -10198171432 -13919934585 474855015482
313627152199 -137596652111 43046093262 -168369691279
-520978541706 -35354402505 -12476744445 71758861636
-70118133283 139851690954 163948594924 -10368267070
42975830806 199550521587 -138506606668 -70456811388
-116600919421 -92750106522 -295345961306 9157157071
138031963869 -54633516672 -191886864637 -334265125655
-346906418922 -263246437089 97793621556 107687009713
-209931976039 -404534379207 554268098872 -157764162602
37651577206 -118709660016 270695292291 -618557931193
-122535512682 226231340103 265364013133 -369528375028
-427314523019 -140591374196 53328439242 -209456990003
-218905282522 239110776544 72844435444 331694807531
88498039755 99869363713 -344746746168 -121882985124
128336586107 430283970920 522037821826 477096168001
-401093514667 -20162677754 102921562610 -44955691939
-218615338983 407866557920 -212384276063 -180119638814
307855941985 273955994458 7507710858 -153631553415
-126326696628 -273779280473 -27717359381 -6384128482
315600268959 354021435314 -31641277678 -508227704391
-220478154294 388829423810 -633921534025 323792418921
-379452157326 288875252117 265408258750 -179750762404
344332929342 4923883784 -15301236798 116293215580
-34220729095 -43970492123 -253812320853 40000629763
279097270313 -223324766066 -203467693103 151139495442
-291251674739 69984292330 361643625067 -451544346005
-434423373621 -478467999801 -102659715708 317825832791
72682428209 -282623045115 -24863466053 -297569342050
-751620410201 247457142388 -148379127877 -142152304599
163785088346 -191562154460 -187421386841 -580416288666
-123696077434 -252682906293 -684000855169 -185096415110
34887190043 207710909893 -158625172111 -123226022299
4729300341 -414145446560 336241857813 -254824823403
-169404685510 -433657279446 296113952701 116729504314
12645910008 262908149304 -36358469896 -97858189917
70305404176 -29463190474 -3260019091 -295686249877
-516736147367 -203444926712 148094559141 -454445647733
-117684922775 -175546446878 -333451350566 -286109660586
-315280312119 105642740193 145564392681 406473052167
192566570264 -73752399867 -363543907193 -260704239957
-232607816885 216011351056 -489586708776 116151260001
-439700023430 162938676156 -118224344342 40734387833
300096314849 30741820815 184324287929 -320947289326
7985058443 -71706931217 -522652010586 -108078821080
-72576024204 861459154339 7944596910 -210858845261
153309412475 254080499622 117263574028 -420933441791
117431264665 -45889466387 161417226044 -197835793202
-254039599201 -125007795723 -81996158599 -244076425672
-371468857663 -86575835188 325759991232 -168035874683
19409676415 39320330183 151041099062 -211167027109
-108352900598 161166766153 -239630393331 -398360357513
-124279334060 -430398112273 20682651430 221737002731
362240859518 -370161509043 -164275250093 -31019148632
-651583671123 -192843015478 -70042404207 123664399098
-17388383711 439171600138 -470445421465 -148306733390
-309509960090 131606919774 127558785889 122014714834
404889615173 -149936111678 246445375859 -382093664693
-222236309096 -184343080668 -48196724792 -529761082849
-216747898303 29803702217 132769596331 -165744566597
32519978865 561868239936 495880869418 73241955158
-176666317000 -171977934042 556681743693 -257095652468
-167291072371 14587819937 -115651375314 -410897154387
144805065565 -1147850010 681914315830 -335125310068
98230899470 48765972603 -83225070593 378315926901
-101447752759 -129572187204 -133838695819 -483555480305
-242831260475 392297112697 14691731066 379456970342
-307629140400 -258411892084 338800722632 127884398887
208266424871 250958567720 433481669482 193675045830
-325004998093 210177364383 126861522727 -441846595519
-147089495293 -472976932426 192094317214 215579056266
-281854892571 -68999750407 211159402092 183768343923
71235093099 285274307843 202619694018 129931758254
326583628709 -44010538143 -215623977410 -45381605399
-408522861699 525798605447 -104508327625 -106361213581
-526103546446 -254465080141 -105795681720 84629432870
242961754369 -341985908766 135890312015 336615735403
-566932510176 -96622706912 -271186680127 497922959603
200850949415 675234296259 100742486239 -106841883795
98539477200 -71499097175 -144397961832 -101127181756
-452366328281 155339002413 100149579814 -144973405843
-201718374860 441090978091 -288095766734 150625951269
-138786211630 -34163645832 -297496102542 -258263386272
-257890007976 205476574154 60961992033 -7392475354
-23010908301 -48863483024 494147144604 197630593193
409207661085 199857229821 -331468302583 279113397921
91461204151 18121803496 -30024363239 -396673657747
-226851833295 -213317989758 99207195138 -452596213613
-102976686559 249826868700 571792109921 165846686392
