# Packing of N=115 1-dimensional subspaces of R^14; each block is an m x n basis (integers / 10^12)
# m n N 14 1 115
-248433214747
-73236984393
-224960891106
188400830462
-46346439858
353973727670
-59571181869
344692709112
276919204980
16152745405
23655818831
-160188735576
-701246976263
-45774631959
-413444215609
-344228410120
339927629740
13445633042
-50435456992
-597702012575
8799164780
55433021284
-43347942808
-23807083159
-387513393963
122759868972
231613422603
-102811539307
-242248012679
-611581480681
135029728462
-134817201021
57705435085
240515443787
-147668986043
251998362756
304217333415
283783006562
341675001421
-232510635830
49226751402
-195143873040
-99566087851
159469960724
292704868239
550410941712
-126129420706
-483634466674
-1047704041
-468547364732
57263809315
198524669370
40928037946
-113342035672
-61205576240
-213822567133
-169143966008
-314929219332
145299398574
57661626582
152571273357
103621484465
-207103365984
494140816971
-372099671467
18250234866
20162001382
62226122372
615737642641
66993228941
-105907492116
-233400200790
67000028416
-49197495387
-139837626405
-153319313332
-302150636637
176664164535
-157106726310
-680176406973
-114302952284
-263122415571
112370090281
423773369212
-277435026689
-258450493124
168336950807
56783058846
453560885171
-227043251689
182611483540
-195363030264
-21881142571
298923079356
52214364844
-65502927241
-630366246264
-40979897604
-498447837278
-208304659677
-46344143722
306699667408
-22454487566
77681899454
-337194690189
-87851970741
202218130734
516715176739
-256342846778
313696673710
-16705331680
-108196463373
123927464122
109300998947
-190798675823
96660860156
-157341252403
258585484415
-227903639751
308954090112
284515238100
-131781232636
153099798319
726410232625
-189575118658
50666394283
199924901378
147337158919
144077801393
-606888262342
-173359476135
-142516937287
-141402440337
126618126641
-235164993432
146826070923
-556706843216
-212541130372
63284137888
164003174822
233134396108
74568654876
255447417155
-445490916475
-186302221488
354152785353
-186030936467
40157791846
562224942984
-143860428547
-193860178201
-57792690533
-10462843458
-319680331761
218448316115
-222819516194
414294069023
-22846918899
-133457752052
-201388625262
187569955006
416248104507
344993837670
-97609124720
-60356273839
-506079305055
265450826653
69895229723
84877832951
-213894209444
131509659780
256501358451
235341779551
484763982604
378653366627
213321421374
310060660814
-498016021517
-149188438630
5760792128
-62864759373
119545322949
-201636077180
-110166505349
15995387196
81633754112
-370102824494
-66772347651
-318363373799
-600296645050
-413541571891
-176156083583
-348051839706
-749574834
116821683672
-17458982990
-285846356967
379120236731
49504634799
-13160814841
-340883948111
-194904751452
-323502932865
251891613772
314057464167
-273915275554
-493286666305
166684287980
-58953860132
37281575844
-156307291138
-51038250089
515725454583
-195040362783
105659615324
43625632501
-504117028668
48970420811
-272991417272
-20308535785
23365177102
-436034175008
-365573997662
-9878144782
-708361423110
-175181298744
9763299863
78085548624
58281050720
-102354033070
31639095393
-166221154617
328963567489
-347678503784
25453592392
-379270870029
-112364299242
-180615651713
264348386779
631434309912
168752772443
168996985169
-249473166795
-298526314419
85071214037
148552255152
317341038461
-118975902684
362204381109
165444129755
72641380358
-122524749064
270900359660
-177456983534
446901312627
273324366364
-326375436290
-112493679145
-72946672315
16903688504
150002879693
-447551372174
-36345889916
-81938697585
-509690390947
-72732066915
397762258402
13906285163
297217011929
-141212772215
222970527166
-279923641759
305964388869
-177362444157
-101662305492
-173842153054
174438201019
459171506944
-182171101332
-406396689569
-222907306528
-142629977327
-73371704520
-94072624786
191408513783
384114089979
-254763348561
-354739596727
-150659682107
-194990470538
221382121465
-307263033358
496586552364
-300120167944
48228009163
-120856284584
594056763441
182392441043
269178103456
134984231442
49212551626
84520069422
4746595489
147340936355
-360686749551
-88689834249
53573999930
-578006394614
143713232361
-341868841335
-625463653036
110693541975
-29413188840
50287470363
114602139945
256274109752
2052893576
-200644999229
257087510739
-395444901645
337324499718
-17006436695
-225526106930
-229251960188
-97219872635
87763559878
553380237735
25771317753
-15588357990
216378287449
-303251216873
-428887343860
53622347047
61443206332
-110761738783
-480256721456
99582087817
-155706959511
360338795154
579808254768
-212993125314
-221717202279
168217451197
95463325473
45292029405
-85616608516
104992811151
341016359199
336797276783
343150869847
60948117841
155722715531
27250225309
121532563836
-240236794344
362718685441
92549812392
-171512638863
-369740522711
300455939220
-453515730611
-229116642627
-481980924884
-108646295008
-535792475015
100113163849
-346920927829
-138574802173
63982902428
124733031017
225956686691
-89163014840
-108360951704
-500223752340
-268226952810
251645319581
216411254613
201537265559
-384772130223
13318179847
371718613730
-351931154373
385288736208
249293776119
-85010111525
87069951047
218552340357
-112046351874
-332650253324
-217403099228
298847975756
238306849530
-14829997496
-93980297721
-443001664431
528022491085
-80057550076
-202123456076
-542390531126
151136418802
-152724283101
-187714583579
-118726344348
185639338314
201110148142
-63498573817
-163819312758
489259456785
110700952281
-194347878536
372645804771
278646086605
-19255721573
-143335280855
236462308477
-469026632008
241683552785
255347503024
-139593532853
-165342821970
149496665908
324092778845
180465739948
-170954410308
577851089791
368901176004
233473545555
2613594934
-501973703518
-11115690391
-160108611397
-13275872097
88067531338
-25230398436
-370342723036
-218728377699
82953105108
316425575491
233449589587
29163250002
565137389605
258985883184
97515877449
384043654670
-114118842770
-157461717149
264548515181
37316811097
171693029218
313668305680
164861288164
86879984459
264742822847
-43721420509
137390029910
-403528941681
-20103539355
117767817885
457369348784
358918322698
-17338080368
480740331065
9593818277
-227392995723
445527330654
20533383340
-261856104384
453281464837
-145144044897
477648722695
22617553549
158535561062
-347602551679
38037069200
-127834619873
248546252581
-426904417586
110156843737
339002295927
-85665975466
-429815422376
-182364221053
86037634013
246649796221
148538300408
489807793548
-50998996632
-237036678378
-229626904827
-153717818977
-140726705479
-31242144799
322418072369
120199331560
74036582479
-157880944293
328858500174
-108437765955
781610938703
27926066439
-74678865956
272524939925
-19728639488
-136281473111
-478697370090
151377649571
-84212146087
-152179390878
241373100708
27664100413
45040768855
524598029200
-272882472541
199816436749
-453732787729
94985779912
-226788325232
26555705669
52678357483
-260080534963
-406108815958
384736884850
45916944936
489931405184
117447416000
307777755830
-297656863561
302077585570
-24781285551
259128040874
-12863938367
-134895011684
117281780849
-70197313686
-262533398690
-220074817365
610234893105
54415900460
57165744720
29819551941
294189886340
31881524668
-350320415195
439300996051
-253412385134
-130246117484
-46234577790
586062354089
321173948204
118218060808
131169389452
34397794026
186031021359
216500776186
153690387271
-179589064013
-216442101995
-466773514348
-336102424653
-61917832228
-2673127496
64618659002
-214667963083
308026989049
-147124285441
-60486806812
-213043945968
333195866714
62106028139
475120574780
571047145743
81935439460
285224803502
171419772847
79247378278
-222585473291
-45620120794
-396780013491
313740044593
34155108923
496425873189
60227259223
157346927299
-181016481706
-103784235855
-69198066794
461418907839
-386008623565
-331823428287
240232588180
431014838243
-121263138897
458725956274
-196463399534
-24765371551
-78220096353
59399806879
302680839800
400788824421
-92133115899
236354661753
-236254422522
-287037451649
131427116021
-197174087685
57975691487
-611218511584
-13883898605
67674467266
142586744065
-338376199936
231610250453
-167424721593
458178509441
133381726597
188454075359
230388831007
-131945342650
-60026640434
201923216591
232127442696
-31779363427
-7643216739
161998714688
50107449467
-83980893142
-789294482773
27337001611
394549684231
122368532724
-217517694195
-460652066875
143177725903
72240885803
-382329674617
282665321173
120535477777
-200778906091
327691016422
-108108947124
-255470566050
-27244477584
495993709797
52576670414
135369503312
240769420947
282212973793
268529698407
-294643082601
-363414220461
-184442300831
359758791824
-490660500123
47370415263
-256981304717
-17220041556
-87544565696
-269502087573
-576971071509
-1780620587
-184686055323
-247689939585
16371244461
55277948364
-589718799697
305482275427
-33459148553
-173172650624
277936089919
129438431764
-37974503067
-26028679708
498607952646
-228198952123
-111427776619
97553150949
57006737999
206448625452
-492371424061
238813628079
430954691106
-59665227094
16139620163
-132558726486
85796555918
342892071073
399171024167
-17124362899
88672118636
-210515039763
309245989666
203963018906
-316866669551
-614264543927
-65674586774
333632969249
-175642710129
-54450201173
-106155913501
111902359889
-151955819329
-343889673796
136439180269
-393500329210
-61994488048
-166878915447
17684387268
-612786270067
181488998085
169259183365
83898619034
10859997352
-4566447457
-457072013017
226989741031
-386909713529
82057749032
-3009459758
115690939407
-20812848864
-143188134644
379906824288
-215923043376
-234245092541
578163694489
157510944164
-287866824189
264462865393
-115316339768
293320847233
-68191930185
117318294743
112633613884
545004397487
251975796641
-80049311096
160414361336
275547159446
-343307033029
315026552458
-35582904855
427327610833
-75502906856
101970434061
159308276327
-2289164126
565541054806
-445871259487
480741962522
84057802863
50337988167
-308423002307
-149239297189
49143423487
-2621339384
281687032491
-447461722614
113696678813
-98544783968
-208750760508
-211460157153
628225328321
331418271620
164016047827
96265310466
113703940065
27735129809
-29803990723
112533086522
-347742023358
-317141212
-447987456747
205296635406
666566358054
123021879911
146522406075
-216138741229
-84367400455
-63185553771
-102711404205
-38956561243
-437615107785
101239566903
67798339149
7922865684
155800022382
100276009815
310556233827
189765972175
110247111780
89161841395
-468078533201
-426414418583
-379391194504
231696822033
-237043504066
-397086360103
-25153116570
41356448769
-247948278866
204831063202
174493727073
170724432110
51008805944
36244907949
74495154370
-502221133610
-229377056759
-341753603512
553677311805
-217542247089
224225103257
-283734947898
194890956445
-304348942982
254454630381
344165046648
188672766705
-131936824095
290950854553
522820065081
-72968517888
-125822938047
-10417414095
340714690554
-239453918750
108227423024
84027826941
255360837109
224270536250
-80431950763
419284390903
-191699618161
409475459172
20000652725
-326134750997
415916229375
-199552267624
62208689363
-394450103181
328339435554
280138243150
595683796233
133752880656
-55750016648
285454257516
-126703478295
-217633378576
-67921838670
-267194133416
-143703183490
-140511614517
186951159183
376331727939
3865746901
239086850609
-141302996875
-4538385941
15370287571
128810141632
218395324576
132559820026
-471101921016
-193560535578
565481599124
372669467018
323200899447
-134999944697
-142671459668
-96333770218
34913495057
192141261748
709355787303
362804746002
-327271988262
108915930034
7138679077
230810916523
204205195263
99410570740
-55258612557
265489198191
392191433212
-41438950705
12038696992
67740453358
-261950653923
-263559406820
-237205560017
-334988416734
262436363590
150698324932
-390020802957
484873542718
88094782452
-215887634745
-46019430749
663687897641
155828815693
-148642293393
37668723980
356120999571
-358555728760
349727549628
40188392306
318857459794
37378245723
101726057161
117003465071
-56484026908
-235984770377
273366621864
338420554252
-221039529709
-44939211001
-409582146924
-46810448728
397065370166
-293684912115
58672219501
235458312063
77588073266
59016695695
471093393881
-17052906698
-444465229372
59956505511
-191203330875
-240072504107
77540985449
500776860598
54027827810
-21087642045
261115048715
-421067860888
336713937126
-164992686563
-241121789063
143251252845
-145017310809
-60233446805
-103581117555
104845418195
98185039325
338547774101
3308571745
-169258671777
42856785102
-65272277594
-236310613156
388005230406
753456766842
-252037187590
-460647490114
-327753766773
185245474085
185563936382
-140213703441
13246930932
345936831238
236768445678
-72819140420
-150357697042
223600580892
-83352049923
517384725301
33595524749
-134050314926
86365880346
-106749579087
-154216918640
-583663348897
509359631535
-49982351578
99381903964
369616700888
410438721690
75174522676
111279695445
51657440540
-78831432983
258487953756
-245245717119
224653757823
-147293700158
-631741240462
63722626647
65911453480
154632311429
-19527549522
-133985092557
-260364670541
433414617796
298789246582
404696719184
509999781100
-110141989326
-260933085734
342362071545
20542479265
61763697989
-94453786823
414514585484
-7532687893
-140891671605
-59577202265
341600517971
231437894462
-151430713265
-129239113442
18586027740
-636318188179
435651839217
-184914683021
-102343559853
-266656901917
-333089754116
-216552400903
173319707203
186723829619
-56997779280
153478526448
126398367774
503903127200
-274936230409
38607883290
-223441029454
-33721115508
500585090305
194838632310
-303820813067
342297924692
112563576869
-294756858637
63270941063
19588945701
-41102681559
-169347113934
-209370606807
-326623941762
428699037074
-354297909116
-313635918792
344133875785
14023925696
190313919191
41322241653
-444456059781
70280795216
228917500849
29724896288
-130668059573
31350319330
155192192054
-91054936257
-30628842152
561414460550
77997923892
101491775021
4407832333
232949244782
-385116268022
-290628288136
-573682079143
29531136926
-365872843009
-452175966719
111549988288
150733109222
-39143499681
-470087068074
-319708102424
-841539513
22730918956
343974505536
-231497030635
-358446442447
270565999
296337858447
-139127500580
181091047243
-362861971310
-155687371850
-29084679647
230608958292
-143567203496
269843736691
-397406050356
-110900910707
454911908842
101994465262
411210634436
179466989834
-360292015491
-97650808652
-200975313004
-1256901160
-138324393643
-559779525303
292839528390
-185675935459
266606606461
-221288938750
253684373337
-368623029991
-122674580530
158735588552
364324447678
-664232186671
40505183574
-110496638199
-31773575319
-236546220143
89809521890
199770398828
408057812105
-283253234076
61970761559
-173235829128
38521393444
521054621675
205221254841
-203524860174
168514449119
-113462158645
-127493338529
-250909328675
-104021195520
-34466268609
-157578018045
-314708591381
-603653018354
25310981775
-153508472329
-192704790654
-128916995793
437465325735
-77953027384
-158833579902
305284420528
86568663938
-239081509756
-365206392300
583698525999
-27582410620
37370029256
298358422795
21381431327
-23660125244
-104608527200
-182758334366
-292037521529
-13672345081
202067450932
58654266230
164709515652
-163193840631
658592350510
164463367357
-50936509925
-360819992976
421915972870
206626950080
213228230527
6357565878
-196667126148
173899290717
-611810414408
96117851983
189232752814
285688249834
210613336974
-261863175072
-147710585081
-48363240121
-452564392274
-211258973631
-274427041365
215278738294
-521520540966
31793354421
-252224911917
77993114339
409820857598
249757314287
-244303922974
-12590710063
59992434930
-434398896791
-92430556912
-234815425809
177123654637
343773663057
241367308770
38934802435
526803068351
-123571290692
-391914202093
339585588463
228078658603
133531391167
-263238931268
-169019331580
-78200204951
251805116322
-472194432475
78339735046
295556817362
-107601233083
198232035061
53887997183
-279524807842
287457403098
276426320833
59316269937
299277020447
-376044473988
307710553481
392075780036
-291623418766
20025451980
69097302212
302094060584
-50690253489
214463740563
424144988201
-272616753957
-32848567182
-286611856907
-341594794610
-402468860223
10929390967
-13915863184
-165036336164
-478563033552
-392936723626
-50012034325
-199884946188
-344637221492
-264705871151
308873471395
-253855896140
-285119291075
-114154492540
321264065491
-21628852708
214575596629
21752138350
-46901105244
422394077350
-50070049460
-182572050503
262288557405
29486286657
188340035941
7920752164
380412667990
-443268800666
-299453855460
448280101071
-9440360554
102758403416
19307903276
-313348810668
166904398097
-166344625900
-445600443551
-82257079516
558514200517
352391691984
266731063510
198972053191
-253841276333
136561247174
-341188606580
66494649984
64144143379
130466039989
-115058739174
-481612367803
-86563692608
-182040363649
-63645754255
-473595280535
234553057971
463082802842
-259304261703
84671088208
19453512237
-40557992906
-352966185863
-76060005430
126890618870
121619441324
642974565262
53653875356
-200908009666
-176490895895
162693552241
235479434516
-502082711874
122061211855
581121196672
-378504411639
-301252692681
-507976239527
-41103719623
-126919839336
157226273339
-26276074386
231103332743
134741009684
69969024308
-71529517059
-210077378194
-36363371442
244339773512
157735085499
-167459048393
-265828036261
-467305086113
-102260810072
-223903761121
614870039581
42683228501
5343358247
206197044711
-257005826279
-219124115520
35302408779
-133860650212
-112085517589
-37481364601
196644932884
-291608602270
-133685264782
107544392126
24582415172
-69209023242
240147110041
126291465981
66073849363
563989334361
-643045007615
-329952550003
234100651745
-53203011644
30559126904
499469308281
-358159232857
-478982782708
-256718226778
-37489799553
-44799475285
-351955773354
-47682586866
-95991024681
-143924106619
-87218454437
80219171437
-172111761240
446255346545
-51572877020
32529079382
-164758084521
-450961158999
414321308086
-356763791126
-195120848221
26834935947
861712449
430379932541
366537205543
155893968774
73360465623
431109230551
405868419775
-260627111582
164761163923
265672960753
-182923609095
-7269833284
182311599588
-231925412161
386189544332
-223703854803
401468183547
68110927645
-342832849551
-200545116039
252283651391
10640830735
-413852472267
124776795943
70642998387
126928402933
275455866351
116779994212
278785415543
-487331555744
-541402635954
512794139777
-222667078691
165081392584
150153893934
-209043934009
216890373962
53201338318
271901449396
189617579244
206524927112
72822621152
-242535585303
185232482588
203616812929
-281669965735
-215575135616
258304854878
360527606069
-276687918304
-57474707006
-260263674477
414625405064
452923235599
26070343489
-90863029463
320065320708
-243624186
248767856663
-15157741825
319795722235
48129943417
194349643492
479518045860
44566306787
-19819232252
261733251096
91332300465
211656026106
405924149591
518463788779
-89372424837
-241185251908
139440108503
260941277463
-87317126886
-256695702054
234746539632
-61610981283
235489119236
522278248151
-253666620938
356145051190
-65200704846
-48715608211
442534605317
409468079902
345836730281
-219206253753
-18408270794
-37167234357
232002409700
233096224894
354379427021
-69368346163
-200019009255
-270833937845
135099911848
-134304855825
-524172755643
-117377711623
96113526056
-341256397681
-280333248335
-169488675622
14540370531
490550017743
227693849909
460490141966
-71118506772
-299277877582
-275824686978
-109050252158
256657134724
-349236814920
-157827566473
-353222109182
204355828899
-354723036202
97682157000
338028890711
-464327252597
21033418935
393141868169
141372830354
-192371636320
-84606505716
47000647072
87047168840
331165408498
215156668353
252263824860
289129037883
-195362851678
-68261876892
71455057240
-136359439267
601529232558
-311467977429
-211964442592
6961770763
344781196556
347146074758
-547345195097
-39161217970
295254908178
55397785561
-172897635853
47174321536
390857231165
285924004372
-95484907334
1503718616
253841804423
35408728502
-382981559337
215656090549
-4343620615
-317350048879
-420917451075
-224426668287
386920077977
338803191108
-460249691460
-309108901340
-25458936145
-102625850729
72360098828
192073963814
-6499647640
434361086870
322068620619
143011720657
575687635840
344331172535
132637706157
-162063616394
-112327583755
180218792521
-15700511952
-100531047514
209622266824
-280942657128
-122444853330
-79691266288
303592020734
18600199595
201650672687
295676594307
-387605110005
-48844336537
214946301898
-94780306937
239449320714
-66162496629
665092814607
222143736102
-108761771338
253817716380
-482918795237
469872181063
-258352074319
398287597304
-146000336605
62087181149
120302311157
15882163462
331890853307
-83747323982
190650774313
90332833691
233749088002
33060739199
-130620098909
517665739441
-237433136642
-547833821352
-115660347467
-204074760532
175869186337
160566492
-17445935044
222594199036
418873374018
103578159343
-188099633987
263234798984
-11303783049
233559636080
-540159547264
-56032729542
184490581524
-292663870293
-2197676274
-72314394007
169178253256
485267187968
-197668074582
305914962782
243787374452
