# Packing of N=110 1-dimensional subspaces of R^14; each block is an m x n basis (integers / 10^12)
# m n N 14 1 110
255970406809
-276542500544
135693684025
-49523370595
-698185136989
-71706399901
65526989390
-142322043940
16076363628
-249346771603
485096572685
75727760817
37160975349
122954599865
3783059130
33036093277
-74075847831
115973723294
-352809844147
241578934327
-111496189481
279635948309
-423374655927
-312268335912
-80253451510
485130882984
-166186959697
400407329121
323497602706
194368754817
-27646598230
110128183727
-380193798831
-363907448646
245879646139
-272455588644
-229824310630
116932006634
99547871848
-486778373595
-322412104327
-125331146144
-21640170813
37981111389
-424683244782
-387014162419
107703602348
-37681203268
200662587549
318187705576
99096640323
22701669225
-14644284360
610563418927
-147349701283
-329203433820
211687061411
-477826677655
-112277577283
-456620089836
-118573476419
-78056774586
463452945593
288594750016
239647629462
-22340063182
44405997700
-176964228203
-214084893177
224685034110
302514070158
91016030801
111065140989
-457177101971
303972856377
330542910588
62583828015
258596045924
46994068410
54743379330
-305279404641
-360886226954
382235608208
177945114578
-15774032076
311675931802
245548488159
360261955512
-379366568862
242554523914
252457706377
304447118389
-206311477059
71386600710
144666402418
301782555522
-108540351344
-426508341973
302385309694
369470894056
-371864736687
-363994152990
365535589207
82987649927
424032064517
-303877211563
164871418673
202234637430
39403216489
4466861218
-82610769413
110240418395
455644260066
-349263444098
152715486521
141581357254
-140600385726
374962897801
26292898987
654691861224
-94775835829
-13883879003
104132168611
-14982693398
129920051042
15337242219
549373554916
-106677750574
144394185226
-196454877885
-28340235814
127477072560
172107455096
-58236282472
227714988053
406068963711
-423032922686
-78665494578
-288676408546
-303435396077
-40612516943
-78393647837
-79702399744
-165901906266
555352768584
-249205906962
-69997895005
-182549606205
-507525697642
-266763054295
-128907734850
191889123974
388947577502
-126968814267
-344838404098
-36797936068
105483580332
-39258630403
310051432093
101907320666
402539009005
-63492313291
653847370296
63851876435
-44249244721
-65486530514
5577017821
395736542136
25806784939
253069577142
478074977566
-26093582839
-238295791616
326043927246
265109664966
-596538216870
-79777045947
305420084389
24876090950
-24263959171
-19435547062
-124866445381
-3011459415
-355443572035
69828472948
-113061495490
-31272840645
6009083308
270652241931
108667284823
34511060888
-815900689878
-89642612683
201322225601
218663933951
81555286223
-70488357980
349437203542
-51698297724
90452457189
66370809298
-128138097169
-178453881930
8500255031
573659173543
-496640409317
69686728897
306172670570
211163084983
-300672306975
117022200606
71679115952
252607328006
-130129691918
-82477819575
353585321999
-582527504628
-284300005249
350914789456
236047699726
-197965470286
33521611455
-68631576629
352916034712
-192620953422
-180664723187
-73388618641
-320155207359
63875118155
24259336955
286414779213
-469237327652
-170545585153
86334524895
652837411367
-219759005913
-12810576334
65515451309
262601687806
-241980864261
-415861130054
66959882511
240838500445
-167029613887
434979483850
118706186681
-57072232279
90681773211
-549792630431
172174203345
202609943557
146335294809
105010446709
-76740348099
117636995260
-34133381245
-442770535981
-368484529573
320304869896
-39626304912
-161184104933
-165432316810
-489685265248
338679765095
-310018552317
-167728389680
-238186429270
-184701279569
-81400864752
3659694244
23459540153
-399019516787
-261288030224
-216253225737
-56369349364
-498441192617
185582518051
-388524794838
-24651962107
-435990961397
242790402639
-311067501786
573611295126
137839802582
-105602307984
230622555140
195525942387
-94149989993
2963980286
-124637691513
-79856713246
114422406115
-469711867921
359422753358
-144144874266
194892576949
57653428293
174809078087
221088110797
176720113796
-122966529998
381871216491
-280698972360
-578274393697
-231493553246
-430879196132
100198480206
-61819030075
-91560100563
280403902282
-283450012309
321705452987
-370703987830
-25016677680
4121276286
-456318567463
219948637662
173156496338
359643639277
-95195012906
375233816968
159042636866
62292560003
-6183835942
-287879018760
436239927318
157336565274
228997182249
73095538430
-248484886634
-106973203799
-455150928431
-346340561924
374322343493
-210259925617
-236084138950
-267606760642
53438609074
486802504705
359979821376
-203374183626
-29494470360
139183832119
-147474147024
207838792990
-49242333620
-213082373529
552000953319
239667159003
149819131131
228890004704
49634858961
-262885390755
358818150844
187261479980
269815808936
140414147716
-341277763125
-353047226833
-2982430849
114306759853
-409861890279
310575948416
-317916674464
-161340404767
278848451246
-196910716003
78085367959
340374344204
-354260121406
248609037213
-28534095327
-295996625372
175255532651
95309571066
-509720460629
166384426366
363943595707
-173079261267
-66907839076
6652147869
-295306051755
-453587182870
-301785662364
-155527401318
59625612640
113784130797
312245125472
28900239771
-54763412656
-229636277928
-621889192889
-364578457547
451102914737
-278451386046
43343103226
34050719006
-216231569908
322543725931
250224027176
74485368420
-365066324185
-356471407284
172837835508
-107693728575
249496764480
232566867604
-588348961266
314651839087
-176163102003
-246219334907
-215165799460
-82881729243
13358509958
-49335628094
153043311803
-303355997860
199320951529
334222192703
294000652743
150411387920
83037840632
-97366527145
-272809739535
107817233707
426109768542
-71926832439
144607395647
-154821826927
-427182618830
481962358280
117614002624
229725061873
-402427282367
-495469285133
-260961319391
44741362406
-239916451351
-498848968345
199935558321
411678099642
86655771603
-136322452629
208047695443
42790066138
285739210975
34997576018
120269329049
108046685657
50185916945
-32324622960
80050582283
87885348204
-432506456672
-73734605521
-105952332762
497906251123
-18276174416
605696125061
-145310133417
-286143736490
220907740802
284893479371
161060313018
233147110008
170950959365
-412635763255
-526118617903
-422880939572
-297967138984
208423748913
19987719010
-142335752560
89526258862
123414061311
-85359717350
11168251008
-100921143332
-326574200067
-318400047135
-419801187085
-77906227065
140199828815
-344532345112
-27344687630
363883217596
-388076239761
-285599339932
307842286316
-30069869310
268156233235
338711272453
135314771185
-178855560400
-201966777093
-149859099814
-423208368230
334658066880
90496294018
-416016158364
203762421592
-78493136621
142961133238
399174937054
-236187714759
195114933338
252322539658
-183768086459
258721844061
47119465177
-17220517532
198349455722
-550228326356
245690007618
209703325604
-302198834293
113552149233
-434284885050
-35691526053
277776027338
-89282131843
39927044108
-428581819357
327655456269
118322330963
249617183121
-381052772627
-29733403337
383967811486
-445009575664
114317735085
200082736938
-54587966942
-667782213528
-125555203104
329667588185
325630625903
307165349879
-203211237936
64810400969
-103423709522
-48651171973
-341335705999
-200884116375
-32136033937
98997839071
-176869104549
209029004406
36209864210
-507236069300
530968279920
-273589155203
169728270243
234208200621
160999384007
-337805547973
253336382079
-138207951798
-13586938473
-49863299222
-212239376696
-172239582270
278709732645
480145885699
488100037102
-361120918487
5352591700
150352330418
171015535494
-130876963630
-49138751478
-132701701535
396933798941
42760460105
-239949968743
-303961722002
-50131065715
450945357705
29982046581
21581063361
45669177241
126884951014
-46870551583
231750237660
423505225040
-523432208396
-281501391743
-190079739790
-264651179767
-368358256972
-317265031945
304965144390
-218881667315
-105353784587
380380790898
-371653539815
-262607485054
-218802729349
-95973951731
-166902088978
20920958097
323178410549
-110991415511
-219393562052
428303837526
-214095962114
209254282810
-189862253923
539645459326
-227797370458
-141672863556
-96699709008
-411234265467
-270630911652
118464002502
38881267551
-67972367736
-352976002449
-524151049452
177490605256
400769170192
-61781675772
180581835548
-247349296517
277524663451
-170402945046
293897730044
175913899171
269533773547
-101483747646
-46105773823
-312170150037
-52772447678
255050246841
-203170100561
-47530070585
-180777391307
146505746206
645717635802
310092903570
-36307742456
101746452548
428232791485
-163536260952
-698861945903
-406323323701
28831144105
-179984369441
254755960032
-314665525953
-71967881158
186923137805
-179811807962
197781702282
-64847459428
-115500447035
-103819277423
97258545362
267640034363
-342233847
-417485355650
140038829473
279889641341
456235771851
29158104802
293040814226
563348554897
-28170556903
-128425285354
-97759259356
-99083974777
-85021520038
-523788472559
54080040260
-180774457966
395213635731
99337989037
1604609365
-481384580056
-7358118457
433451203775
-56286686028
-107863113883
-198138568740
-185454149899
125925269612
253230079519
184740347550
-11603032333
179623777423
-282269446254
-254812496032
129163031339
-5198445472
-371189267527
-253722598709
-240069762759
-128693475716
633061414192
175817385008
-280773014833
-266754987386
595479810981
71133059400
70521853423
379536365091
63039410639
226944088814
105693059595
452834996312
-176795156681
-147885384860
113318252199
-60458290979
-231312539186
7050005250
-313619617696
569770418718
96736577700
253328051641
64951171944
374292594879
-185975445753
300237587415
2145191829
108693636377
407350592917
55853864257
62728974774
-366669734223
332185446449
-127137346515
141805329687
65395681748
-339916772128
282295562826
494305494576
-243105977251
89651224887
-442226083408
-82733533648
-40040427449
-140212338579
-109747882061
-242774651533
-125242756486
-488872338552
-230561503855
-549386753665
-108355823482
-172981814390
83243197739
86089820695
-313976438460
-215817428212
313890269734
209281981537
541109679177
1540619642
129614293807
43031944047
-62020664654
-128162823228
-107687568072
88057434030
54058590387
-134655828253
392824653595
-635734337128
160001578646
20894291146
322946419243
286334063511
372053509252
104598538215
-228717231869
348157165196
-428555380339
-75293177909
-471796407625
269181176037
-18119821905
63291448976
-40974666532
-84912512831
-126238644103
-2660624958
-235273964476
-157432511391
-160604220852
-10983420319
410014982966
-383329042611
95360409802
576236503445
137346380627
-442314954811
9555173854
-11140993068
-310835843228
262835355522
-146045516195
-338864292909
357367755235
176890647204
-9429735565
-290120347397
-252523765308
25132629812
-350041092063
-263367112447
-445493634412
183860409964
-114556016705
-464657033358
122913679159
-112537560233
63468409363
-276246226947
-546757237317
294489795172
91198847224
-13662428804
-166616026173
-319200273878
-324394968244
49813701732
-711728553193
-281646012214
-288894728743
-43651066405
-109068131033
-65535977092
-236112770448
-284434747119
-138952099669
23553253016
250254658096
-240202864296
-182319956992
-77879459229
-114305758043
185732188868
-109295992942
581584847474
381222473631
-17164942023
-470738468508
80372331970
-386231159363
30906902180
-194474510688
-105047608282
-153366492915
-231758943967
240166772983
170926958585
-210871590649
92439040690
-171715965627
559363197028
305096087964
12400899832
417899376655
-94363718759
-42871065052
-421573375125
-87535594935
-195840528549
302890880783
16608332894
34764455272
-585330209514
154565501809
-118317020669
-410191006906
-78889314784
-502563902556
-232330340442
-77336446303
-30126441882
-1324364405
229415949507
55228900623
293837566054
520099642596
335071383997
-216602962553
211649697751
52525923857
-484309724039
161525512501
-210304310364
2870493924
-235064806425
-143498042844
114053817531
166900487715
-10423105138
67093247261
-307321641704
342289876591
-452876890745
104577305299
121360116510
101382409400
-204127241757
-496024993413
219905847546
-407196499751
230845760764
119266639995
113066319496
186788467449
183174708345
706998003096
-279427655716
27650175012
-315990924163
112251252762
-33979421449
-14463697480
-375679641791
-132735380534
366443943303
15006301924
701171520912
38643990175
94026560177
102080235936
-206666980679
-81081101768
-200821516554
-324773239291
-185442894090
61490296879
257378063262
-231498387795
-459617419387
215739448520
410466905392
-302191897664
24633622056
-163843013357
-387737233384
10540714080
176857551214
-148801030411
-305247202058
-155998394753
365327819069
10323204769
510690295778
199092030473
343824083756
1280596284
153605848312
-477719071772
323919364736
194124755336
278488320132
-74672932098
-175968510294
45829239394
-60583742969
258950350643
-67922485900
377116980714
239033555291
-313434237570
-22900160761
572799425509
94685466715
182792378694
273622642448
-394742550466
-64688197762
65544318005
-261113443548
139418018296
-210527169902
-386419580276
-28576174826
420087256268
-23859610807
6356223882
380299180635
460991169954
267279528673
-45837086369
-137067514343
288293184841
-308470999665
-26909169566
129366570567
197205542875
-29230847978
301908374751
-123841434666
385835609781
622213403885
52543153593
-53282118029
-68458189238
-392825746882
-312116548404
-188992676617
57292989014
-205111632059
-116348841439
235888604836
41331073471
53868329761
27340624687
-263802386824
71619485799
-338677219076
467580270516
-117706028467
632648466626
-219746319048
-113795047875
-96385445851
-14310838968
232357530711
181656993641
160305848734
-369682954782
-340333183848
-173377353332
-146492001571
-520473550129
-313785661675
93286228700
-227157633154
379669527724
-102001220338
148893548934
614784524812
-144162026516
536360825738
-202639138476
-124053555674
-200069046571
-9837647492
281915163773
72179122145
-479217037
-213752547903
232482580998
-594776961541
191848641914
67341217760
344202504847
-308537750415
-198433728468
221110115439
-37335340462
-86381679899
138349930732
-212839274781
-310013198008
218327406554
-293071778930
247395715053
-418603707111
-104356747558
-167207077033
-120092921177
672398171854
273336247032
-317983459530
78049724556
-50094533772
-67995261634
54391286533
213592692028
143335745471
360918896174
-382600002751
38560474418
285030968981
-18531018970
-277594344886
-426748157787
205647273047
65041423251
197808469669
-17303878650
42201642283
-541061174408
-25144384264
146642788103
-164671556548
48702987731
63239671821
-8969353180
-371426006813
105649606599
517855490281
-35536960974
183370855785
-343889478451
-584291171578
46158500455
-175953283428
359199006888
8315408677
-341763633622
-13356656153
270417039556
298774570931
-261554818132
-198148180832
-21097643264
371671311154
-153310912599
400465624211
319574751280
-243456883427
264389867345
139189397640
141030251937
289275552839
-149316077949
-273981654606
-65180339769
266443612713
60759752328
-17847510708
527967996081
-239057583550
413064971690
-352165917485
111519115372
-3691565337
152971369763
102714732283
261748265596
-123358447355
-590885948728
311401266194
-393600262595
274222612490
-148311595308
-122491236467
286085251440
273474820903
387979861525
174645957475
385030532755
-72348228017
236953957652
240964433284
329457482524
102463543358
71449644729
50333478747
448324265498
-412824100958
-223468740162
-56924675353
-440785893166
171435907819
43469593771
-316260855979
-5092340043
307354301214
30564263713
-169517307663
42674003717
166086578960
-119681187161
-670738636364
-225873912454
74868882523
25315911546
220257513812
98592425939
-287106311214
-276128835584
-30781459495
210849371218
-333430973982
-9208289228
-1104039010
27626463990
-95822778324
-18172156442
784541562237
-274789648824
-42796436639
155142354249
468420095731
-133620213037
553182632857
114898646627
-22537422409
306137351946
-322316078374
190023327060
-165913706754
243703161814
-144783873699
-629506574176
100868994406
217624701868
-165965373210
75504318013
56157110664
72809643983
-30097783423
-213162124353
-398613745385
-23851564843
336469299277
-178659771122
-391853862481
69673074073
-135801105268
259102311272
372168259243
-131601127506
-150066448518
664458619816
5954757400
16279204903
374442417411
237084701931
-78483562014
229825222333
184446183648
-337556689007
-151630058012
70439223300
46538946830
197505774976
145242968599
-81462889004
-476988267944
-199537634889
406589602287
-97582571863
110214751867
444045430845
371081960496
169757289639
478019943446
-24781636686
-223389849404
100975655590
-119045153181
194252109140
-148540664865
-133613537119
-229532775868
-396696684590
-179813686342
42292372261
-588190837055
-528339031233
136194237866
-5721783567
-87529357849
-122453065090
143674656606
-54862035634
716482841008
222497776091
-1816060132
186069143766
-127102428962
22336805293
-204538409159
-85260946313
-155423747745
228275799227
-56022620129
91377902996
-119480409304
-407182648818
-393249888765
-310524879515
207231162600
-491936624238
-266485220178
-173668241187
-296158492922
174769698321
-71558803568
162792314680
626258445200
357624749885
207878023887
-31031269271
-327925691072
351163945841
299346609210
153549048686
121382613902
-107612899453
56664666695
-66541507834
-104112622895
-1612444024
34146838454
-266161788250
-84189575728
92976690551
-446195215345
-74183920547
-102997763363
54264841576
309639720726
472502904067
-599755907190
-142085840586
205598534541
540915770939
268131932778
41852934988
-48420602825
45791370420
-85617793533
398804507501
-95393093816
-233470806642
-129953482497
-406660367739
-393215863548
-416501015844
-530766595804
286382971905
-20130500371
-236907406811
34537368533
-96783838595
-521008081677
334221692585
-11702340517
12908732558
-74741252180
-78603844976
-22051302837
-43486269898
-405731438977
594760821578
-104289995786
30370723626
-350593167693
226951601358
142823690087
132982251216
-79223329754
301718459936
217950555392
-8340809768
-332511446226
277370377725
133218223498
48374454019
-88498541375
343074574122
-202694473709
-4017514102
-339277362693
-160787537578
91476110440
397874318865
267113158834
-282269307604
-526959325046
-177141416418
-186318000537
186505717220
-748182510279
165217072125
191267212518
11471008788
-244236162934
22482174519
252430800277
-85474997307
174536908183
163409912966
-294929976351
296332000021
-48700818203
323589292907
-172550841503
177745877006
-36364852598
100055625888
-306925847024
340270613417
-44655333727
363229931714
141705197668
570252731685
207890442355
524591091917
-189284432698
-112190646600
-127279671491
-256454149696
89618058942
-151261045455
60229360707
-171158253056
-376362622237
-466840278460
-301792141856
-192324152740
207196123274
370775461575
299364337768
198576807784
246912754808
4905556505
-58761104082
-106802256017
-107561187197
-341853590831
219202144044
553749927894
187077362504
16361223603
373144424066
-84816052704
-418797830181
244887782878
310754159231
90786205078
287894308633
186447305157
-104421277575
-533323012859
-120609660283
338200912819
291630241450
156292482440
-35344741411
379682530187
-404918177421
165442032126
26159435655
224305746988
-374952340292
26497351600
116330217342
-355536871598
-299346786092
313412527888
-294378288628
11005422382
240141281088
385068224142
-468252483366
112740132277
493242931330
-156066829159
-159139803106
206765638707
-161886793044
203647837030
-254588410660
-124996613172
-201634191560
40718805803
-305933376098
-130739598128
-76264765477
-390052954632
173417230569
483278387448
-67167640011
-378984721063
-209765270471
-344088713785
125108563291
220949112955
104572270065
-349490838055
230713478125
-158514122142
-312414335924
301435737768
-442676297313
5238287005
342808070824
-324598607019
-8485861591
-336884436323
-266096148802
106656751741
-121345334929
77342944798
388694096984
7965326442
-129607544410
-254026386317
121660678726
408257511259
-308023408905
328202345204
-118690286520
138369699779
-202852281956
-188055235267
-304357868947
-575653525385
-27932876095
513837651983
-252223197021
-204923863812
-419900161832
-14971289564
-244998688254
-145804681548
63845662587
261237732316
-188790072895
-77997067001
-34494801301
351085782903
-366113527106
-67607727570
-259140066342
-313387333443
72766997190
-85404059994
316883213602
-127750886363
-19932304490
70508283849
-547681840375
326370984679
-163320529717
-472965919338
196283881155
