# Packing of N=94 1-dimensional subspaces of R^14; each block is an m x n basis (integers / 10^12)
# m n N 14 1 94
363304858728
-135526032959
-23997098423
236232733626
-179194928546
-234457836368
-99522957130
-439004384021
196810688268
234692589684
-28998708436
-598713434887
216776551133
-58683108418
-252016566276
213711965538
104548201827
-203737051500
-233329794614
-229683817281
-381365365452
207839608354
563281171921
-194124063869
109088389572
333266043339
-30870652743
-252293637078
-285005536754
870226721
227566400063
97167956680
294805294641
-239290353635
303631457081
-182202742942
91468366805
297869829282
-553122129881
-346182158026
209585434400
145526435368
-54887646405
-659407236
383720717321
96857739159
251006239855
207893645074
-382522672778
-145523903589
-189969867096
352352332811
-283707150425
121693368005
496879035817
-253398269550
-252621269321
83006189860
-351737605435
-653345961580
-304119191122
58901953592
-345857743524
-150249518232
-48225153620
98315965211
-216986426018
186274628988
214981615076
23908646018
-433397652549
-512307257008
44397771703
-128916907937
-181261551009
-186256028043
-332164433847
31417512298
-107149288864
73507046541
-49620556466
-432695655310
379666805412
-39125694557
-76009726217
256595396530
-253669135057
599246459860
457787380005
77351668327
-107280540881
-328951825451
122785307446
151874140580
131790899122
-49601632312
71697298126
326426620516
77971120415
-126704452134
2684914693
342716123727
-54236978915
36590322399
-384008284464
247860841161
512372094276
-240770005314
220405455349
-385919376259
51476048944
355766220264
-239877657465
-384822145655
-138755858003
184569193641
251747175051
-31370644722
6068289423
-206981081648
371375918835
38808672393
201314266551
232762188531
620438027314
-121398922115
-150099392708
558117450879
175732028115
-27734147069
198759464529
-231530773884
-581680097435
-145520051819
-82273651090
127000541759
268683587316
-278219263426
60069648851
-74707609160
-171520791121
292009463366
-264945745983
68200276727
-176871801068
160674359740
251913284066
-210414608039
218234302992
543709179256
-147520697285
-28075785995
372978818148
-375125824649
-59179420540
-414806385783
-157326045894
-164347231676
-44549109620
-207771450084
-55204809980
-346901040437
488603083138
-204247944849
-271618852868
32343069864
-101094722437
488505113126
480402852632
444963303756
-584326021518
-126212210099
39884102527
107111957757
-109673263977
-195912953222
-185986428355
206957864295
84084156817
-184887209356
163471102900
70581702101
473195808152
126084569430
457681257643
209815714270
-82365298789
306342908308
-70988237976
-42356115978
669037710
463671361742
204728230809
-74853560519
126547317847
347430199554
6054819266
-239748438009
37719156700
67225404302
-203657137062
-505848544672
548769679790
-486533031320
76561425935
-117739699001
112831318267
97268187246
-16428972451
-243175446530
-91777855296
305353872989
149397523608
311902386837
406670261760
-288326267623
-124411296387
160887803238
-520394493017
201437803995
-301262583773
173492987007
-178576545742
157229651786
-63830380520
238813616
-200001655531
-19723182856
-259557948542
-42977153583
-450467730493
-211926531750
-93921249395
472328970280
5169762876
-244643278051
-294845823822
509664190281
226075410540
48359877514
-263237209019
392075060828
173652494034
237260597425
69158477910
261365235556
-247748070228
-63178873830
-139245667181
500982127280
430459708247
207252029555
110762889789
196152090987
-78019366279
-156249925455
138764613654
-443745377443
-33874001758
252986367113
9835459884
340980866636
150318588275
178574376323
-515692838418
-447941372999
16678015593
-434729017653
92464211058
212662624710
-126062669968
-52659472339
15316663133
-273713701092
-145378169148
-451208808412
-429066833488
-377452747727
-293130657020
-160997479187
-171909101322
-85718476893
301049388645
249052528366
-109363250674
-473505011563
-98716698913
82354452841
384519192118
530174210790
349861202185
-36097110309
13614357019
70115849956
-95749149912
-442223304583
-115607920749
471680586936
38108425155
294169579188
-100518828511
188340399985
183000489065
544153597002
-233300514849
-157934591658
79072771453
103157464196
-546356584266
191084702005
140951827327
-134237409308
-125200219483
43116716195
-149959786166
346091423568
-38239283367
310834125840
-475902675222
-29255699282
-183510260546
-328933577135
96277928079
-181430399197
-110359951856
-328557263630
435879369170
123401457544
-228410234572
18684289339
236086075690
459265648145
336564724122
-441797369290
65169179254
23999428667
-31519390257
-11439725297
-519491744503
107728309182
251107796505
-448566462549
-419850077035
114841362462
170127230405
161775942458
-385015337070
-193833110684
139549714788
57201743430
371714283936
21040916546
-43339920023
-272385041167
-57925040997
-106898538270
-76271220790
305361493969
-170382509769
662283139722
-417839971999
116644991101
103938493331
69423334056
243340298682
5160628107
255230422971
139323147157
543011001643
-158670596802
-206168130376
291071809256
458851081987
55910677498
-126422749505
360648225309
72941294871
209521718881
-51201311975
-322059933507
92717183562
-405814819675
303404430919
-150788647669
140611531143
-71425494757
321805009957
-91280004916
539746089399
349978574211
-234143430057
-13583774436
368783693972
521794528768
-114273396605
253857553964
-70922516465
-346640643500
-284837051934
432505083568
-16775063680
-338406757242
-9746588010
61240228515
35906428326
30154404793
626388049740
-226811585838
-337763553709
17200283822
276155996253
99519182775
50486389227
537223316172
-26859149795
-38555567536
539391286
-193670222023
-153366862262
35393399887
-333964619828
293701511655
142489840475
-222254994327
-156477791830
-103147564655
-282894783869
89114865606
77413259201
-529479732597
-351266970977
-393477075869
20900261995
210759733238
-354348352481
-75616321236
-186750816163
247674855651
80255987858
-312849183283
247804911547
16798928459
217559454909
318765431837
-310899239621
589357853609
-113736686537
-24799893504
128559087951
3427834401
-608861282139
371944884532
28139705424
75569887410
317149558722
-32353251056
234622546996
-337753446207
-122604744208
-276081639371
289355101007
-148889311642
471788866670
246675118625
11507226062
151189639342
134798714282
129143337815
-210457485390
-27822359604
449425072508
65385527712
328695654322
16154441911
234855861064
-493906426607
-16439267195
327693834724
407599873135
-320087683667
272808134092
-65412305071
72556128686
578748679031
184488805554
-123424846965
272226196550
-245409405251
-144829405397
16031195430
122263252020
536672858018
24556469591
157756616438
35301711409
13940463290
-80148053957
125786464209
524305662328
374138698338
-247633213142
-301832787814
-267084489962
96029787021
111038061227
-80645780212
-571750317595
-146725753860
103801179108
370133272913
-133617838824
61463617581
517550366852
185932618170
-75965932428
333919328234
-208780355339
6603694192
288040305454
-630803349304
359993034673
176116397615
27936783639
-344345706430
30930361458
-111225067150
-121905642073
200676705831
-178795344657
153980533200
232023881372
247347583260
624003515209
-7859900862
128737766674
-421827588125
-174156955704
-331102677217
-241281164617
78665205653
364377991302
25568497554
152656257182
-59064914306
-115553571023
195220828518
138511301363
460800974778
193102494011
146864759460
165617038882
219465489184
202644003086
-642225454314
-153411394323
-102491875246
7196539210
-231972717135
74544656117
-295037864994
-398434874896
13818757965
37835132381
179534628587
-186528110330
513396993430
-262036124322
-63016135614
21006852979
268097047017
581017321312
-113900382109
108709613670
-41253125717
297998591781
314236961050
-246784274673
-107795392293
-443861566055
-67731819293
-107230631270
-354714012587
291173097630
-238735368718
-360097469931
-34535851380
-195392140448
-300318444517
116661380449
113687509989
54516800595
-247771585628
239568108874
-267987174247
-189213709798
-592383873165
287489968533
489156661277
-167281086897
187689655488
-74912787232
-49243587402
237229654735
486986656223
589956806110
-50966306392
-190596923603
-249045434913
154260203395
7964446072
123091708112
179386612490
-189271900721
238539969754
149888836983
-266807183283
-4129470294
-378374053703
144144284476
-374036676920
223678444992
-112640239271
498431420180
11405327690
21227181651
-367398623885
44011805864
-435597845035
143505190560
192724094774
312737410628
35420811892
179732899334
-41327330697
-151150885546
-358525240570
404297366368
433392800053
-359269296803
64111005991
247049128289
333780423246
-72286950738
231091977584
371793904438
-452056907578
-371878901797
-452662003043
28408102211
-102859234589
-21642675083
-341745470595
-152222332401
48013821462
26213185667
-90767238044
-265394601816
-284138242856
17345896721
322721063820
74036484290
41026124130
-209485086005
226025876351
-269576545893
-255042934543
-670820050695
-103607962611
156870359352
209417703940
96016682617
342458964452
-252053194304
165027649297
-202095859821
220750010343
101108630802
-182601378375
147071459021
207408601276
-91593424015
84162958150
180037858337
-806843235338
-97374926558
55524103065
164562552165
-247144113318
114965078456
-65793025330
294591847564
-65766975776
294500845250
40211830006
123355195818
398122737575
-148627200380
19260897181
-621585172906
363714859212
-196861158883
240647956310
2670145557
-63509638036
164463451264
-98798280445
278518000230
-343686802334
-312907566887
328441318545
561584567692
-47519569883
-324931739915
194398052808
223963774682
158278036207
164592173686
-451569051666
-69164698825
588519720582
-153861245774
-146180423002
35074529637
321157165342
-109880563276
-49149842057
-202807711591
-370957305098
227600628531
-530888609850
255935714450
95729546836
329695552236
593590951647
-171088197507
16158830232
170193500577
-170327864109
187321356965
52234351095
16111845950
-71074811813
91538965456
-59065647724
87402842704
-79809424796
-192378726702
-560836792690
-483792813553
-206083039495
-368063516644
-36292489943
-226169540925
207693275077
23681483090
-338248444522
702754378137
-136849281514
135027409074
181600902113
-327743722729
141102815654
132224444598
-89276318129
-305846710192
-117936379888
-106790766792
40954466119
179339661327
-361555392823
313352101391
-232802202272
-387912231037
-122361822301
-449380627705
-230561135944
-168499001300
59879953489
-297474582405
-331470709287
-151888071728
-185010493557
179456115241
327443197736
-30736927060
-72805492056
45920952778
251369594451
618770172330
28612027721
-201202342319
148736152928
-225470733449
-424675827997
-165865440453
-362331508720
300715581276
-41800200815
-141621098358
-189483586418
1205808034
-125151065149
321798182869
274850362687
311171937437
186986474452
-253371112693
-117105254982
111245565259
-256095777824
-558703885444
-386607380870
-249576158408
247822526406
94496022458
552311910838
-43327156531
-421073005845
-60320325858
-78220204597
227890875785
-132124087722
-190241163745
-192935888411
13788905743
-479983347023
-181278033660
50818296556
-569387144582
59099866431
-139358423060
-287941852096
-222372646364
-385092802019
271177670508
99007526150
452484132194
-19976340902
-102531648383
-194397577442
534464346431
-1614932206
364440593185
-220334167132
585205963417
-148840666694
21584990584
-70018631767
-332565718496
58851824061
161843014667
10597859248
6911908088
-150254231631
76259267718
206618584678
-33478425646
-431717737627
183166754515
-205557958860
-34443406957
-12382492763
-34943637947
-13884251462
-300682088331
-434466613171
286495809002
-569371434757
120798936037
-147306905402
549543422011
-154171625283
131310473797
-194465455548
-234176781625
-394742712383
310421921790
-400746575451
-49983997283
-72894972070
288787396304
-155086355067
13178216092
-144610351812
-343469450235
-345801879505
-158895603307
255515087468
147538257539
89475853636
124675534432
137431670638
-497223497318
-546101744741
-152729400326
133561575914
-454246809753
46490462879
41013560354
255437807265
-343885012661
-303606503565
-296841969386
195274687398
-291766476322
-90057989279
307469937286
-15990064989
-445811912121
-33270020598
327877087641
33271310061
-222737938325
442632329005
-187720929897
543792426479
-86819073871
-158168801573
40159834346
-5458616301
73566241361
-292015851024
-435234891451
-24341874232
370567874691
-361723964241
-186046978490
445485920011
-115653142791
-321770389152
-239832379849
19838382202
292844047229
-110017611823
-31861825550
262559375058
-367920103460
-144082481257
109605464756
-32324528148
255678660797
456796432231
-200698217293
218048717016
220895047857
-355835657642
621541705952
7799038932
-178525153625
171295898529
45486177619
-3336034383
22528476917
283178943879
398568686442
157897185755
144171457670
273531102979
-378929017059
56436628910
-52775217911
-447840202506
-145170721872
132630236871
-319527679086
-386040595410
434111258672
181073472831
25772438184
-206451501486
-83485995404
-23870681873
639099247168
23445639019
61074110047
300729849746
153184972195
-376328141718
-132628916667
-205155258174
-142576038845
-113764108848
418145370437
169680223285
-140523852284
378881665631
233141957154
99257144333
130938866444
30776870029
-85770621895
-547686572283
194038666943
-415363769979
291870161244
450058192570
-3849395660
-220838017971
-505501607472
393205450134
168384522271
258421934088
108496427376
-142317225134
-83297703653
56449287860
250293617646
231084287275
-227432640438
211079681363
-428476006572
-119580310033
-123405392635
207901745683
445386231048
-334596296739
-5513460034
-190138943761
226045990042
411493396812
214560608590
185499174843
138820840254
306594894877
-92413147705
538223957862
-533357984454
-100863910879
261325591684
-46337874054
-21189815297
59353389436
436386112241
-42602761522
164423698240
12875349451
61737937266
43459336296
-339801015696
-389264561603
272320244235
32516139507
-135405121102
303255371192
255066203250
-508490129973
171719831247
109269582513
370424174395
198825327548
-206756940386
-296211670030
12549944781
86292379065
-250546378083
150935880047
-87633997919
-158809723741
36388580521
16148033293
109092404975
248435357912
-105624316828
-810609832767
279039536310
-251086198662
-174175359672
347921049098
72764983663
-79037204775
-574082870306
77914977718
-353780850096
196358166469
347689034073
-73550201222
264516808508
23220237848
-150236891750
-316333353737
-298042492233
-298741139524
119364935437
455360906716
69262862001
405785235603
-98648710151
139965743855
-44424869727
-1707248018
374511177400
-369687519639
-219747415429
37804473443
-279967145015
-186288893276
245010186611
-323157788764
-62454709981
-599277080516
-301869222130
-190467674767
-16205081854
-231054548223
268983753662
237272316283
-99624520067
432592174498
11949414409
-79190230453
100658072820
-298288897791
306828519215
-208283725181
517826371543
-92020907419
273793739217
-258958769451
361865121560
101537674455
-281376156035
-25069816316
-127859945932
-49043156495
-8542329151
144755288925
-111067245797
-482155655462
-9569692120
-101335560396
-90962649288
267768547305
-738288097514
-14300478277
-527755570886
29163401939
-43087020527
-107529970821
-188762698639
-115120033216
516102453074
322486868962
74223481672
114312160808
427041556933
19517537985
32791962616
-292512790263
157402422670
-592209312606
133142186792
29854570168
-330841649938
63016464475
89383998145
166196208359
-140683119344
225235531794
437490779420
-338927687782
-268618258068
88925846462
92403113157
-55595584352
206665500223
-373781915871
-231683762676
-161377309136
-26688253818
-283934161585
-160005772946
356625311657
474761420564
-29956254404
403332174474
-321154614439
105183775087
128978936438
-240155988184
-113460296542
-542225241135
-15279152739
-339368251073
364984888602
104975430760
301075665902
141903741067
-378337932897
52448779394
-302378390706
-59555166358
-332102261554
-125722631905
246422182353
-51395161776
-375506631965
298409733121
395908312695
-392134626569
165300344252
-277679429357
-140420150910
59383654477
-372490096328
232375598967
179735056456
-197455681495
-90524080595
546642720521
-182081751349
-182196766052
-182259626870
325348984040
-343506692608
60096365326
-237496558800
-419896063193
-89160373535
-189293801407
-106427414242
403927246567
-350979288712
-126888018829
227762888623
-107723357867
182996043899
533679608519
276413924840
-198214071546
-74834854539
262496157442
280030561323
-126689766203
81559850869
-290518329536
-180645377466
539344216619
304882195869
-296140982832
-291516047492
-227525781155
14691667093
306068370258
310018628992
47241513259
-244402602913
62509778708
-167961641337
391301863643
95006624986
-695666603767
197125286938
-485443154582
-149787811324
53182440403
-122111666799
-25725161280
-5801699219
-70833436688
37198248614
133984436600
-228671951768
-4228514096
-26455408288
-7872028423
-505419092256
-107286486482
223287959747
26823116876
-359264801238
474081284311
-276972334063
58160663573
-421332566628
-257723406432
-8783821549
-321514518936
425704042266
351951900485
29940859885
-208513624274
516191521575
169203526692
-35077198373
279290678442
131276903314
-56124773759
-293190410896
241930404545
20476635048
-199798032653
279818117006
411329549911
136734671214
26410246475
-101997543157
-2476825604
203464938974
-519052021289
45413743770
-224702655672
-510363377405
284301637020
-21951873032
-471338644457
-151516880525
-266938181739
-351074661572
125541422504
189983582202
105882829638
16955737630
19763296330
423367007341
338773573718
-348300121720
