# Packing of N=109 1-dimensional subspaces of R^14; each block is an m x n basis (integers / 10^12)
# m n N 14 1 109
258721541332
-260475593248
-155314706156
-548130028501
362379684083
10484966268
57054876752
-249521878186
213333602067
135229249333
76592154026
182156656648
316231747192
375303806901
342836923573
210777414555
-62421818546
-541197754227
90343443652
295382124625
151330562459
435825458574
-156550471907
270740466493
192323498584
-106621614734
-282782542552
82801040111
65569961922
-81578293898
-91659007376
-4321386713
228674626576
-85192209278
309530402127
-291422521765
114206047431
-601209467284
-6939613743
-437773319001
417047505183
-14881437359
-218537302629
-270711925306
200789396695
-189702736157
119056100095
-478200850840
409139138095
-420072807095
327124908035
139498447518
-270811457065
47797827524
-117546573072
5948771197
-182516392071
108658983487
-647114081265
-196097694356
132787254533
-176507878182
243765741131
-354314591580
28596168951
-174073908136
-241437537586
407807288216
58256518344
-69353027818
44924440531
301604935320
-168840189429
-221668548007
513648504370
-218500450420
525683535708
250069672486
280475011877
31177423263
-196805222346
-178984047443
35273765345
165127108291
-12824192467
119326886893
224106911604
-62479361202
-423161398965
-234499466415
-53764881094
216453896281
-427326843844
-239310349297
-162835659487
131010037938
-420051442326
433209607209
-264063269561
61628032968
68760135020
163967763989
37152696715
89623215821
-566386062285
-182867790034
-89875691077
289297360304
-130436031348
-563555153213
109563985085
-304680011184
48793529153
-368129963505
50905413188
146373624728
208419927296
-297870065352
257997641050
81206612687
-147396608357
-82631175849
-334582149490
-58853206137
101307147791
691761851735
210198609826
-58763453059
59195562580
-17153966420
542414603734
185936993185
133514893831
77711679200
-43681871776
-261107947725
-553494046556
428713366156
188567859326
-10927686384
421688637230
-36040808749
349161392876
563031856111
-255241298756
-61915748876
143742027169
-271632534269
-55718209953
-72915911543
231349648398
139355857321
-199847288156
311818243571
33596532725
-287399211947
-549242493508
-48831839073
-81633994752
-225015597729
-323420120118
-254483177947
-400896598730
-60147287455
2269195411
-87857486225
351408562204
300024776839
-69524347722
-119729271707
12185205592
-60577095146
-339010213683
70896100025
-107116716873
-303312908802
147526223433
-33456365760
-357544622477
562637343353
128370254524
519446950867
506585691496
248181689933
-182090525900
230141352358
325200530598
71524858445
-1148351122
-29832166833
-117088933778
118543835090
203558086978
551990231253
-265338689066
-198987757315
133951283497
-322558501622
142855467438
13173624909
18614196941
217264135061
488457864981
236396226613
87098944729
-150308269413
-219799843170
-570458345830
-330862465035
44987942833
-44220786337
-14792698239
33167885190
521772469838
-230685647919
438093633372
-21021867518
-166109754323
479586521113
-159436577917
106678312262
-428576715310
23042451350
-17039328185
-62002624351
570431507091
359959055058
-4980526460
104945493493
-193451664241
227041399754
-91648549947
-333377812910
274703160244
329887761899
-112582481730
-313172848326
163105212844
-381930633003
231673163129
273743617331
-101281110546
323855075417
75081845563
-529077865778
247706113180
-375293642475
-164839041884
-33017474564
147873805816
-203311129905
-176500839319
151555309192
125749878308
59800761976
154242056228
226507789813
-83537337228
389474906516
-619091718433
-262170725639
315183667893
35054709584
192261886235
362532343025
53891464395
469374187132
-66437606871
145184725445
136957167525
-63675233374
669932623002
-60023130979
168505439457
282506472505
138550212365
-142591496711
239838279614
-114661226201
246107561995
-382657679806
-232538936946
-251475920738
402116725012
235532056543
235645076666
99236486195
308135756871
-365607509022
-71308250490
-178245209355
-341934979618
259382065786
-63542180762
516495543009
-522903445569
50634364865
-35526575071
37576832346
-99359391483
-407294891725
275828239613
-229957785484
-96159532364
55178592626
261765382614
-113054389863
237169526223
-62498341103
-96035746474
429445089472
27075483107
-408868140308
-27360416687
-173420490484
-68091249965
434023261714
309023531888
-15665781321
20195800286
460687089905
-319881971783
176298617494
317472695020
-417538689468
8748948224
62298693943
276115428081
87019831583
-79965091359
-35199979365
102095366354
-453071784968
-209469250617
569431691875
120667712724
-23095563106
291374428989
612968891644
7804962848
-194626692126
-168140216118
-121382056052
-374623238927
-72000301908
-412013196990
197966515398
-140180235761
75319628036
-279456073893
-66840172727
-198456884755
-109381918590
560579199681
284037592474
-184878327247
571979209631
-13248657836
-41694440364
-163920487412
-94536742953
178694744195
-260434250977
-224582637267
264247026765
-131487789859
64936395372
99915284633
220658983044
225290178264
26470503604
190488360117
-18620673387
-741211785960
257433364227
92609208688
-216173060979
-301548139321
5709427541
-105891218463
-233655683968
-70938636015
-58831275966
376618273045
539746215274
457219588618
32778416346
-43706439823
-7242775641
151050028460
138134431184
-488379610940
-20163185752
100622980604
144182415213
-243472085537
-724379923011
496594196925
244161579121
-120451420487
8772390220
-73635064270
31464279279
-26752022587
-237053965385
23375502481
405332565369
-109983677184
87210066974
-198206191609
-70127547773
-487547077570
-184668194176
-135763234197
58909115406
22217001771
-558260522990
38589759670
405531045514
706770453
104558891304
292975913220
370903075655
586880832429
542154990232
228442935393
27545575788
-92725682572
-110872654538
-19005579058
-88414134374
-207549895105
33013906393
-33487859157
-258987213365
510064060710
-224620928130
-105896984697
65792659671
-333539403950
74476343105
334985271352
166622505410
-127859967588
250257517468
333530464233
-368031315309
-155957697838
693271250296
88779365301
20431264741
-270166841756
-109171403999
184847520054
132604859266
-302358115445
-389792797887
-189193408818
-230934959762
90982895972
-91855445196
158793331131
-352529981633
49043212746
103513944297
432329434896
35821409413
496704868397
-145257765059
69892953842
50062123685
142402770011
-218007114909
444788145733
184768784389
-315312368722
-215647960525
-96832957587
-154635229389
10538889593
465689819520
55910325765
88270139203
-255244741346
-23975814647
294351103169
193166745092
-583212884282
6801957129
403047648605
328666153852
193635763086
287335981109
185794189099
146965819694
-439810825670
60820367265
32832331795
232570302542
-436494856316
-343302240976
-132564765275
-369715102435
29272894788
-200055035333
-2345598274
-228763892153
-171905553620
-178928683501
-34399318779
698962760934
109610405363
-439435472959
205726698587
52049796730
-216130213634
61102857175
236101366143
-249550671037
482937687452
-140703137646
-59017215106
394453449601
198699166214
255597208838
164839925724
-364406654373
-108380258731
204931083334
248565770764
381198791959
2351729164
238737985656
60373932821
68553540928
284765938909
39186687741
-399555296572
96691262554
2685106347
-555406722659
-471225029864
-30941067874
223856227994
317666868531
-22817465640
54944637694
-201695902904
-99959065137
-464399592997
-43649435203
268951482220
76399935197
383240225372
-318023908936
-411672448548
-95260997202
-2557112294
364629386968
301731108171
109587890826
-282882922084
420185539958
-186394675039
585398045146
-149090686879
47281386176
-316352140453
-367817357790
-227728481960
146383039226
-71942253162
-97351846810
78770800766
357557855537
-390374295600
-93409958498
57402103660
20464073471
-512451349546
-84471861679
-417485387304
-3377683096
-10357794682
342909261113
167087528044
66369410603
-336536126948
309171428454
115972162870
-229309712690
227846054653
-286719652419
82084819099
-149890841003
143445657371
-40276973304
222479386225
-131065410955
-468851032414
-160114579859
583713367815
-180232996076
-576138846979
-30740161319
276740760190
-483449813964
156325375572
190267511612
403257117624
53604200395
51849859204
220824208867
-5756025432
18489466597
215337349463
-233853354814
-7218341633
-54588930793
-16883061197
70989602855
-478713135238
28774369739
301198091680
-9808483415
346591460614
-205886662468
-349983547190
-574213966994
37684779736
401775322543
-112555722487
-118518506507
-162290325441
493672122303
269068549856
-354249126749
235042433654
177091604612
-128405712106
-146519172096
-452246829698
63930998370
103652672382
-556710138368
74978315408
195785729367
-654375549608
89364086678
79775311130
128743452053
-77867989873
-12477345383
-42538057243
199805397097
130882114548
-172202916339
303731760418
54146896040
-165053374994
-33655679513
208845370924
77957939784
-275238110078
-305068076211
-281603514996
-348216551084
-25705616195
-456519499468
311723851828
-458633804825
-181751340196
-95934347729
-39265744450
186243462513
-7880107811
555357041489
26712811705
-171086377970
207583251349
321448159668
20022963762
-78346789887
209921733106
-467433247548
447862337266
410700096772
-77468943095
-434244236016
-156484601565
-152512250215
160559397785
-357277487852
-342943520907
108758917031
476823379522
-158818153233
146151723192
10731737022
-179120066787
-400184800427
91004548946
-86940137849
-55262223851
533112682859
135382129563
183619658480
-176261235142
-200551878185
459024118257
-152339343364
201421759035
-332442937051
-168569383552
24188214960
-346938559192
479156597848
-260791358475
-316414679413
-274478055194
39933749718
-118528156555
-199608213076
132684843092
312484777808
104843739669
283684901649
379184034797
-36973126284
-230644302027
116541819345
474307416020
-24616357285
-323935810536
-70093974433
33331029143
-581012680649
486042988278
133325897238
-53113523830
29935536059
3959424354
-77262920648
-134301354497
-212984014629
-448746775146
89492518046
58913753598
-130432300558
-294077835273
-35598549048
22391806528
-597933563970
-239926800206
-295971640195
331400590422
20894887297
54508058194
18223671619
268440032920
-56380361963
291324715182
-294743960835
-108065761157
-218975308120
-635014514661
-464178419090
-174527511824
-2602324998
201189530286
441178105600
79688345296
-108437689751
174857520390
39198498056
-76082242597
17776058341
312856354232
553592739821
46972841546
457450260225
-140166906136
-326793885551
82368258641
62756018275
-61116711292
-469823058301
426424315186
-333186589141
369283550097
211898897155
-136162342984
-407600841147
-38257036957
-130752440813
284104890307
-34626580285
110982976814
-115440009094
452736289734
-451557926005
-222691710213
-216300787294
-30369667241
-206017405025
-40030403430
-537845718577
242085811377
-75493849178
-151377652008
-214713994357
-117699511693
-64486996258
527969102490
6786699073
-382176390347
-341230448112
-298761906003
219021962835
-113323038254
-50568982955
-263616104800
-79044835344
55546505423
384689214207
274054028566
-30145717165
320667720172
235613838547
76747951206
77619282743
130063832761
-121522144121
429589308357
195206440553
-374314915745
-198080653596
-221434908936
442584919245
-387602083953
291441965488
-354973777449
-359395499123
-167818177328
355777154156
-97312534446
302755135375
-138461434979
-340479441206
133513500091
-293869022735
-233711148739
72586307901
-323800862628
82686646828
-141236285775
-220301174252
398601150851
-201483392808
-619005420380
-54579099524
200751546125
221450024830
137278083808
-54406898903
406409228459
-137805316716
209170153308
-70960539657
266395032178
-73302932577
95191328576
-11945426038
-369327505051
162818076188
192003687041
-95423712386
395876476834
-391019028344
105940140619
149132376463
-597879092538
38801276175
598110258819
-23340515931
67767233166
304055912700
56891914741
-264668581930
317818676709
224053591873
516869300673
108940747946
-78572784574
181896641277
-19862049106
-442083485208
-210794789986
446446643121
313553531035
-157333727683
190990750015
6546768302
-222360331576
-95805978839
239737735012
-261895117649
-49040932381
-370301343610
277504708076
-37118639752
8224563592
327472402657
342844343678
-415317068575
92427520977
459824883939
96699314702
-30900976009
-131640039997
-493348012327
20222096953
325641511930
61852970773
209673107581
262740612478
-140889046440
79764867752
-146791318244
-5173211643
405585318224
-94860463424
157100485160
290989247450
-517116021826
234977718462
-473868574788
95863188576
-589337527692
79453295321
-240271665770
-2449531760
-349957062192
193879609411
-8212402239
70164863913
-29937150187
-576252651329
94952272584
131968443726
194134171833
-162785585142
-325808901751
-560420540818
124984129248
-255280734515
145229153422
-161663511897
-521140198651
-123507902192
61668211360
321606122491
-117990439671
199860192490
58839700522
-18941153211
-125540849785
262851511367
84488565983
-382982072405
-47545561266
-61879727034
426618826668
13003278813
-288315148317
-335750221260
-328452314381
-42916633757
-356738277400
-374478047739
-59419981934
-519923108860
378602105308
136018426657
95782916531
-359086224914
-44455011563
251418859375
-140360657917
-166902275944
-274340040729
-193895913271
36337798972
-446394088661
470660682411
8501907596
435240259137
-213309369571
17619097473
-230713063331
564588287560
79451930578
-46538559275
-17058576942
64238957387
-101236739482
264180120110
-279707500605
-235371084681
-564763450204
-268220818063
-259438381046
344693800048
-170758334178
317728345215
230110167391
113801267047
-216897026701
335219053518
-83351253228
-69755101782
-18377540130
83551295066
151720761647
-102738125367
-305354694904
-244987793776
-2302260901
38591797575
-135626715573
-451665334451
-307248494882
665806174784
196733577979
-76575130181
-5118745304
-218306873897
-89117856148
-113575602965
-317168327580
-237543128881
81342292150
-105725069946
-818565912447
175129328824
-71153874734
146143688228
-117287102010
125611482006
2838818052
-340165176586
-390643764978
12988923979
270132448837
250464933588
43260532700
-33827660000
-28230511281
-285072711377
-146294126188
291635139638
559852532354
94040938314
286358844118
-204254217969
154855715995
125534851788
422655025230
110777258736
72089644156
465464354140
173643142024
205657943499
395385292004
122503648328
251960625115
79864585442
438328367071
-208098211343
60594336168
-132703612215
-87392453173
90515575781
-273397769588
-127432806559
501921727609
-195877940049
150961938979
446319298975
-38170367028
26437173398
560497393815
34524441139
-93544591454
373022020271
-339141849190
-247657901225
-120130304605
-15989563916
-355569802209
-304086447279
462898809186
-65205686979
-88641986087
-219178511939
-408106966372
-420325995143
188983170219
167858294170
-67278324030
424013734734
180211481075
-317250460259
-197764228901
279907656669
-88814813252
-156496429849
21225475630
464172483554
276137926186
-20537195000
-200569942716
-235162595801
-410572832182
44884331114
516668440432
-148247964867
-31778044554
-203593691125
-136574789279
-64755142566
496112459459
-338993318893
-134869958418
168652137938
-174053579697
-46375389518
-43584851511
-287436230840
327105888987
-133877550821
329588438695
-315424697990
162958466992
-635291440101
-110818947092
-123635582988
-252649742603
184970740110
-345415391875
-193192806077
-142213878911
-171311078885
-223918877263
-178015374626
424226316894
-374082427
409592345032
36685691270
-446348659802
338614677385
-121582477985
174161208231
146857716874
-5971632291
291866841478
-132172905223
446324026043
315222003033
-24214453848
-121185569084
634284070914
48110771654
-269838996037
-57625526669
-225393102602
-146491966945
12100080971
-291678399612
254476538571
323071400710
178323557158
-171814286627
-502268883804
-406277196757
-242354028366
220891615590
685151041
17175231569
-371086638048
463771083267
378776420095
401925767595
-106511064472
293036822283
-1523929722
-112421385554
224175351219
-16907153358
-245660204362
256978465225
135804966195
182274120632
376098731010
-67913667090
111854510424
690508310051
205401911613
175663121913
-389637267787
-86983717182
16674303408
-21928702381
165257197568
-193343755243
448403017066
77626272747
33196046706
342410463756
313887420713
131738264881
24475747081
-161300124196
-563918872212
-469368472313
273722711712
-182937331021
58509291001
184639281261
-65706013692
-102764345702
-202888538875
-232360510867
-448238472288
16103827789
-268443808505
-54891050654
172173133967
-174981878561
134992176118
-553726448878
58970861663
158875251241
-357443184115
-343804155907
99862288971
48609729164
-232227332298
673111273359
-413106522491
-83198382516
227031768085
-194642541989
18156653883
44238471235
-255424173052
-361752103857
100439816727
-112585418327
49641000652
-477210979036
-215763241919
135870107425
-28372721671
317670678782
99785567180
-131528687056
-253232323526
267913106641
-396555818303
-115043636810
-293174232370
-367294807463
-225890213375
-540544486802
-247955475152
31205138500
-76705534807
-40420204170
-111863505675
196831086050
405278559810
41609894803
-74055215155
-438506835910
433150796189
-186479531168
20827504538
9644707588
320226496624
171854137782
-494022003659
-41909430675
332477966762
219090279816
-82840631753
77971179201
364546704677
-246591799098
409748246856
255560453592
-153698323548
-275729091392
223454763598
147060352712
325541002850
-245403513242
214803327342
6440430403
-240594150996
-399932969136
-52801302669
242088185114
-246457343033
368088042640
405680034901
-185789145366
-334013593809
398966704086
-266401274165
377310018835
179166257834
270831106445
346914844450
-106243302345
389157457205
-91922802018
-106229291120
253564427048
94073900278
78145329492
70339575478
21192431234
-56913423955
325159530095
335122065236
-299646246583
-30129030501
-494875123221
325958603097
-144302787252
147496497075
84484560103
525033040840
-155536824815
-276319530277
-445541740465
100765195103
-18126686384
-201649664583
-296814439047
388252287621
-295825551974
-32302823205
180699765092
274766486546
-9251279853
-462789465328
439146057237
-293076602277
-84818965715
255787862954
344767653636
290589542821
371921499756
167711959591
-217611095177
29270732742
381773557998
-66219743350
187038373367
213411376038
-340073204174
530381841282
-151477170393
391754582998
147050406605
-344882646822
10580609412
-17734777446
-197614815559
-29990991944
-397403788724
62443883933
-31687896192
287836395160
313964383296
-165130887786
-303595716192
356115367988
395796274098
77743404903
-56737493925
-529079528928
267530142287
-116012539144
-181374332217
25537198711
-155846384937
257795353133
-384955897461
45981377060
-259837570791
87779775703
-273954942633
-143885397349
345704560991
-111419647013
307526074359
-263729289807
23631848811
-124662196560
-398568821952
455754166508
55178131756
-17372747551
-505808912238
22969178681
-229421441620
-390505260054
185913154344
367490486528
-79746988180
-345668080216
-421196219689
-245395653268
45268828919
-4610325352
227894339713
222771637050
155944868882
3545258233
-4596651886
315615460737
-324101130823
-135251271439
-69969914320
-77222071546
4280544061
-218866185483
-769647284517
434697094
50608594368
115435653229
-40742051549
259209426724
-143384360612
-171379520274
229246117387
-555317677904
-310852374747
-54229981596
-217094137802
-533012223918
-271240273387
-5398767811
-69880896839
-237697141360
-253324233284
170700549523
-178888938197
205621936519
56537130503
-230544116044
522396356394
29044176593
354886840944
530854530707
-143134181561
-112676976215
297293387512
385124188062
-337251965651
-195324183165
18619919805
-48931835543
-426123824314
298845387555
69433237127
-87823262776
-387584083274
299643984361
-118669756659
266739800881
235697149129
-549869458132
131268465736
107489294210
-110093911734
15882580249
273620509526
-15902643187
-40962062709
413928594141
-237587666499
509443378714
76571680038
-175933573231
49624619810
-40395733630
495508762047
123036724739
-38057421153
389601000046
263776649320
117580190824
-622134990707
-42430179218
70969617057
257424445741
-133466379068
-143626290938
-233375425028
-57925610170
85118765431
224319914711
-274417156705
-145557827872
-509424046646
425582124285
-183943712496
-807641183
-299763678307
122527057633
409900715437
201904344932
