# Packing of N=73 1-dimensional subspaces of R^14; each block is an m x n basis (integers / 10^12)
# m n N 14 1 73
277894401346
290446382548
10229060990
101926105960
-80920517645
-4658004434
222953226884
310806787769
-294183299123
37126780872
206473449801
385923129330
618935089895
111679916946
361928372470
-56987387844
181088715381
428583067589
99303905507
-387016070001
43120047422
-218540353691
41850744543
174726874981
142865251686
241763438812
-538508286657
197204493997
100757524117
-433501015075
-165688935069
-243305082876
-487864911577
142331047533
-10876026492
-84038813087
58308505187
488996084218
-305266321275
-86351098444
158658066425
285464572761
-29135133504
401140745538
470930564607
27070036355
-45029449495
208310600673
-157942826581
125237916316
315235576332
-217468721828
31724784302
-105146487388
-519516946225
317885539411
-356050651295
-245331322904
-29025110356
-126812488153
-92366596998
-131417133615
-409307319986
-240987162401
-274081342265
-229829292646
595993883557
676435515
-248005990353
7002974932
-278369114908
187653237157
303629035789
-140863914003
228294344887
613873308931
4090114431
78085401102
-133613630685
-20767947988
-164592754137
278184243050
-272667599215
-378261921366
69052562124
-88763040828
-74060580252
-355007224155
-462840376567
269534423909
54253986122
-477273556931
409363917642
-157134856097
261160168204
-232505869347
38610570892
-149028975370
205470825537
262774170517
322041464974
-193330569244
73429249915
99642763592
-595675118875
230358111125
-233322348356
-135554159535
26190087617
-157471185025
328112934992
344201072032
287850587568
37191452776
-185908789942
-334454963606
509169760560
-289533340301
348195992471
-203849778204
71871082783
85302704176
82394591260
494113699229
-6322176835
-6233981315
175691319916
-250255541925
250910275906
7416132491
-64147353143
-223416909816
-125910125290
-344143310899
-448322338433
-365462411046
-186681499039
-367869348897
-156857047985
354736684320
157113418560
294254569869
-318597829721
375024124710
11549270340
399515673235
326627005867
-252376768782
85470739409
-262387719594
312383343878
70354595487
-312599101436
200131641348
265714660554
-73604994862
-67786271627
106688786185
-386461989415
575377063588
339594577188
54793548324
-273471562339
44816963741
61575165736
-41514933374
140573520927
-455182318044
-3936781720
-183236541229
-383529964367
270209320849
-182712206418
281732628925
191837158139
-63641347491
423334865005
-164669130593
-34572590295
143642146116
569926662953
199295655631
393722951456
-20179162454
8767556632
-551230763134
-17707885257
-385857283032
-62886593026
-48514904460
-288643645883
-277202095770
311276386970
-156062784479
217225821609
-237788114615
-7717577760
-136396480503
-183712109669
352984526974
93602071527
124011086414
-434029398404
123509235055
-71840116944
-463120009800
-131640153308
332511279240
-487391169739
100637455269
-142550901640
527045556911
-28578781587
-262433570109
-222067567485
-205574754832
36391370976
-350841624312
77360408515
-278494538481
30646157194
37633079279
422448272059
389696183427
308081172953
-227224573970
-308890624740
301298396109
-6527174486
-251285522738
310003398866
280747645727
-466143793640
-327899007236
264696141509
21145686043
-176974100080
-50136430956
-341582080566
-409250456011
175627835433
-233782729929
358308240554
-31915446546
333739693999
-94686327356
-189785588327
528466344602
-109665778625
30163393019
-151028998073
171882959392
172164068288
200329534337
273506370459
216064048080
78266548880
-161788315048
-586292849168
180669492209
317253027794
188888306970
-156807321476
246897555251
-172385715464
-385310617346
89252822081
242080648460
-292733071599
78173129938
-575177081150
-158510087675
12607580369
-205019072916
-634655685452
159826922882
-29968471725
-32462185038
41914226024
106958499286
350354447169
328953344969
73039558994
95028954941
-480633237715
227767057286
27625513700
-296671465714
221511099034
319460376497
-29426172838
478780966366
8527489546
41484683244
289620127981
-193359542429
212841415955
58432429665
9836778877
581000880945
-238399401971
-202297314180
174627261153
-404138426273
-420601422190
-109286099670
96333707874
-51453361848
-365946352157
36714039121
2080208687
160326794138
130322065253
-90171363048
-3920493149
-19473483086
-108462882979
214688491013
-408292694814
-417855630181
455763358417
454571446448
-47744175619
-226980067266
-571624065677
-572812647036
137021499161
101577235904
59029619894
64623602877
-33644301657
196126941529
283466992817
-143211270874
-285354828427
-180805174366
-202601955846
-138833311298
22261233864
152704869909
-188442208599
-200628183422
-7900837954
238580282178
113582929690
-222488849271
34821040761
-131675622943
110348491122
-830655269693
53225218062
-284673658231
255519453176
26571965525
-488063832941
238756235923
108649861188
478488984681
435969862639
-80172931871
-194524967649
244266908767
-98921447922
-101858820944
32467870462
-7795910169
-4480820120
187161603206
184896928481
554363831350
162372716985
639415629840
-104563981350
-311247168507
-16390185996
-135700312620
-5937677591
246140699552
-658080930779
178824347814
-463440681201
302505347109
-157449448987
-32734695124
113639934359
180978558682
-121990340328
-367906949281
81372695131
15873622221
4847488335
1129830523
-74692360048
171000716980
205173854886
-98512969247
-216905629391
-525333780713
-207641993689
99988742386
-259391798856
-290967016646
12782486173
617779100247
-48153527895
-34103224831
-335564837180
74720096053
92994893748
284643347803
-174475109956
-126689924685
-113259718467
-257591708388
597258853602
-248240555208
291898130516
390360187315
-89071682940
-51080700050
1669729271
-98882017608
-149145149567
-96917365282
-51768490903
-114783883991
272863631328
-319353086296
38322193639
-828905178248
-141328711327
190590510603
-41636040577
-140362186001
343480045549
392028135561
28175549404
297902723784
337279035505
-47478684902
-113413817662
-66800892938
502057391081
147419975943
290145428557
25210334144
284320425977
256917826621
395957347633
-299105740105
27800413790
262559185379
474964252403
-348089870195
-271910343379
-73939428818
16391573544
-354649955992
-113816964599
105618192850
310822901633
-105441065318
-560300470584
283399070980
234109681872
-67511879790
334320631266
205804944680
27150982352
180348191450
-27682290185
81570422384
370478648558
165204127091
233711290565
363877319223
173299098966
368056492224
293211312943
301092854639
77424303219
-123080114729
381249131747
136367282539
-281498522663
100233296717
243640484943
-427366573411
-40873238057
373925471862
152943388933
351645203846
498134737945
-377300963070
-480574825585
61884987080
35595521597
-5299472100
-111432674910
-143340726422
-348645063391
-102894129578
68678410470
-237826796760
-194819880134
585611033839
-326398358487
-278517356940
40093502102
52833369881
-413379711774
-154919778998
71751484778
10329807559
114114573769
308735077715
-348545569438
-25236249149
-241202222037
41627218005
-518744478600
68881873770
-83938390375
-42572121185
-176782546147
299097957878
-18276025163
364550295976
-526900601107
-189080631963
-66125153458
-292744298223
-36686042574
-63437158377
394938536401
-305465547718
389784494691
72842970107
243974731501
46126625241
-230099555790
-301454420628
-395956441616
219150718191
385878499807
170069092526
-472783948669
-319384400446
157096647287
-159966208676
-248851383144
207393766472
-148739555112
-96660179334
105539528314
-338374953375
-162331388055
166414881993
753341094
555078738748
313673060776
531361083551
-73134853487
-92958032461
-90433105172
-255059816664
-224151576296
-158882704922
119940079099
285956344687
-318617856778
-437240647039
-182411621197
185542535016
143415990517
-738738274488
69448835856
-313111048841
10041210620
-386699176988
49865023562
92098366182
145069223588
-185228411911
51156192722
156815068916
-265300705472
131465608856
-24432537980
-27228706423
-654869483411
-72418052842
-125972051396
205594032361
-408748379978
-234513910202
-35543010463
-223548791497
-124401933994
-340818431414
7628443115
318472530331
-3770231278
-88684099671
-519452929660
-37167329169
-36755186742
297541239149
254491636456
225427123464
-290759979598
138165879205
-204579434291
572177056096
-130697793450
159657846608
-47984561120
-455149254692
2511989797
-359304841504
297621322240
42212409492
-242915471454
-283636110350
131817966610
41507292022
257690911059
-193902474286
486823255770
267421317673
-245902223989
-124126511728
106672974555
371401603171
-279503151146
84329075573
55512551870
-461537980965
-27500085436
359554429054
414362717442
-47395263818
215415623370
350844366676
-313996227216
32125958669
440794093729
99863255193
-46356397828
-55286420704
29927242631
-80033774446
-641979641853
-56651050088
184844248720
-156225676083
385663733121
-246856365534
-246458596545
548924043862
151987833162
14038582255
-57005697214
-343775270199
-35298130539
583061715026
234559831610
-61663318582
-113719027536
-191752330481
207622680158
-19399312512
-473714951393
270844299595
255215278750
122441954883
10073692710
-79340553237
269579579476
-488910332978
-287780005202
-121739637314
-67515911642
196199111916
-363173626821
177263446874
117923277430
679417552
-42391417632
-187613265653
-11131898553
307272245289
-581142675044
-240311492798
-191855879302
238662742864
47746273752
-332643807733
41006566639
-500699075128
-99025773842
-154082144263
-203422084427
42822258238
-171185098098
-182154854581
-52096912634
428673803792
-136466860951
100498491739
-83844948712
-283446130661
-517628989930
538742651804
550399111344
337668561252
94019265954
37200931777
189821522328
147746749139
-95941636202
-232258575185
-514562078589
-193430816624
-185837505263
312848085598
-112792980230
-66975374570
-49417493744
64614519287
-220004785311
115785428747
45320634880
130815173050
102958877631
74030204825
25255968880
-122525784767
774439619206
-310854428791
381863791151
-196136040541
4793712502
-18287811644
-395642570634
-343151061610
149722240763
-42597650479
-162801747578
344658736574
112284551053
-470452694642
294726605548
322385645043
179502536769
314452736373
-379769528473
254874364210
63550284680
13556101115
109355634394
-133117579403
-471490245701
-205851524911
-172177974056
-381075310646
-502389648847
-105875167245
67266003334
-221904568871
98494069327
-2637554007
-101621817093
602957435858
140720976682
-198979390318
131989172192
186445029212
383649356699
-296591519730
-172658521967
-438983894817
-217147723835
2213448141
484937598000
-129593660192
-193569940907
680000397906
-69775409659
246773821995
-239795217210
-4439567694
-192236394965
164376102566
-48938563409
-94427618491
107876019685
194834890989
-153491832413
-180172452965
452831709449
318973574431
484741497460
191156387063
-466827646840
-282557953881
-149077044399
128138161897
36868049083
-21766851829
-113620585981
120454445061
133581225662
-203111062564
-190683843436
90064014489
-317943668258
-140072515551
-154977336181
397943626891
-246228591405
-339152930084
-516833689236
70628760836
312390011126
219085084845
9784636588
211243799219
-333633829876
-389295440575
-4199553002
214258358315
262403655273
-521953678156
-126139464520
111103806944
-497404667598
-16610039854
19467263735
-169943382741
-267909949635
425435115668
-291151230131
-87770652300
502896679343
16477365876
391049509123
155392549734
88606555769
80084486039
-177958695821
-194700398251
-343620072661
150321039083
138071826158
108961670319
139131928504
-490511544675
-417687122569
-274829514626
-290175309393
220978934201
357090049102
212981382528
304975661452
83853647357
-66297648403
220829625085
-79869526108
-110539021545
319760989902
99028261373
-653419234850
-383243631042
321906115449
-41329754502
-18100516671
-148827295460
289540534098
-131848240562
-256050643171
-30453562254
-489811016318
63847126581
73494073809
-1592738151
-392534777225
-95381699346
303884672164
-33373696012
2760407497
187505403357
-396432260085
392069236092
370751770928
-102295088092
359667343022
-175735668293
-331464357166
-169981017131
76925996959
-306143283021
-577635084021
38230463315
-295825723361
292347719620
-40359715545
227106570882
-148068323803
134604814822
-72147017828
165040442013
-178912534681
-120098074180
-244333551377
116030439008
-324001573494
632087648899
-415889713796
33708865431
297292144228
85782957382
-76545583656
-260285136697
-54136511784
-328946188807
481472975485
-427618709487
-84492710034
314688084177
29259614365
288004822454
-52357166902
19281721008
387068835500
-335210320195
-70757056168
-117946106780
23528637117
-109534260306
-56590585696
23866894298
-98519525415
678698715424
-448341159510
62107511584
214121762912
73182337969
432876456971
191829703135
-24640398709
180221389719
-163344631969
76409318764
-99178803250
416575700211
19155680797
32727179443
-151056213806
-207017585959
-361493806164
310567922523
243214153584
517771922142
-96783199094
-391481860757
-12489316194
322952651588
-180412626054
-56465582513
-128787332933
49833428550
170113744121
-124447246089
-253828588910
-347062562461
51595998496
-653761798197
-281406796049
-319648835329
46961095550
-133389841077
464368173005
202568425754
-305473918615
295488002004
15416898580
180433948846
-499685993693
159319290398
69723085549
276578337731
-272223862375
281739291292
309006870522
-131089790041
280732034424
-152393448574
109405911951
200866764530
615134095316
-14324849650
-101353440978
-178007897646
-165944951976
-93222505619
-525007612390
23732426478
379932630742
478716369523
-6091911610
-525932174903
149988728117
459361427430
179338815785
109582041359
106314825046
-44248049281
232901073991
-24324138271
59668778180
22454988470
