# Packing of N=84 1-dimensional subspaces of R^14; each block is an m x n basis (integers / 10^12)
# m n N 14 1 84
221487104995
-485663972414
-36185405896
-432093546417
290204660884
371261689485
184639706536
-99221217021
217646899146
125386560942
-401856047831
-137442298247
-91658034208
95902383792
-284189322377
499773145362
272818697228
-309123853267
-24811591119
-121622400078
-192165938329
-247197287792
-221507149189
-4442713493
-6568227606
-201332946095
-541028086942
60490671213
-212789883185
-170692595747
373548117539
233603994938
211461031934
149215068376
113518763553
88687855839
-346252449879
202577712542
-418893795084
-316781512419
-395541577335
224807394133
-214948357581
-225721334900
136175210474
-209432343610
-416135890150
-172493092151
-280304757314
17863057693
-119073095954
173870383516
-85142284523
435274550024
-227023431819
-515719500097
-217655042221
-387583391427
334719138997
350032231304
82782687529
408730733625
-108543504314
139320595217
252034740135
-62839673558
-327355058435
114223482871
-11595917693
-418242856892
-339536844321
-410943471421
-177425764438
-212188068718
45322039259
54632239892
36384113492
-533678487057
217984604739
61086729727
-48836074222
77015794387
434484256633
-315942044793
172997640140
-207685658945
-156117578793
32187196537
-36659167312
-452155699789
78171285583
602935992300
-78404446097
-149801805353
490072466791
-215467266055
94423889250
-44695224361
-197538919253
63999310370
252370334128
-238063065966
34712107325
394790238108
61722703259
72620349039
42561120990
190338835640
491090461701
455687817322
-428099326594
-15472614596
-349191424332
-79704810387
82860129897
450113939672
-336742970164
-7617836041
339819253138
384875937484
274540649135
343660824963
174624203288
237866229755
-59978383800
-32201992569
-334455730925
239100414302
501415392622
-310067296636
-353565836448
270012474019
61291078830
242815400942
-18337754116
355807303944
-198993592979
42914709870
173497588258
155894621960
165856426840
440314059772
155574379036
-263167866217
-486604436483
-244886599944
408086744676
77203298056
152376438662
20117988825
11803857070
313723844527
-290922434066
-95314424567
11735786764
-106693635486
-380986271558
-209647563789
303200693515
-79831364579
39599320862
-75780217801
-26904127919
-205027511298
-486742975786
579723707335
-82758462032
-266747572711
456777001523
141284018009
360956217824
-433901283693
-97058166098
142070693964
35144825940
271847449736
-203621595221
-319895568050
296325377547
66016246769
324601680634
82251223496
47511293037
179757123814
716041705138
51222305735
67235980472
-187222784038
-47249058052
392756325316
119339833022
101920680564
202613212802
65778780361
-57104389459
-425156275691
-14879777684
31270088880
-5574567702
-93486211434
-232125667210
-356746509181
-187533980895
519636811218
-234358412544
-196830712166
-245074856170
498895540595
229571252767
219910479602
-385242600738
102683221578
-218573424782
-249670982743
30712487893
-395178676698
129494624513
489695503196
-165414170543
399183383874
-73295127978
-34255322909
-335006342188
108490975958
-126513553785
454414597131
-123333671163
-349912584835
299114068917
184025916584
13452505205
155049489013
21311332914
-60313843040
-194849405607
346830497103
-151148668576
554166101314
-112112170267
272917222000
340371619188
-80902952961
327032629102
-322260365472
-164426723570
224067605809
-560027542086
94519878477
12048981147
-227748113882
305873316277
185382520652
-15824102284
-304839471644
289727132110
-102185249642
-209788182429
-257878211598
-274068117532
5821361773
-87795568210
320313402957
387175781790
211401049943
560625196392
87031859237
207337360548
-460283854656
-8643678222
-313053641019
-153224595197
-157503599223
90366605205
-257805422572
192130220476
-279800245482
276058190321
-394983498466
270061521026
322183588216
-127274034740
596993766730
63219178127
-113951862430
143146031448
218876596554
485430537245
256517015928
-141921314073
166922932631
276515578474
-276847165404
-55601408382
-190721982928
727246564107
70038285301
-171161082962
-32963685612
-97278370067
45772489514
91550596266
25117358041
154177343567
-298355184057
-387540264147
191573427051
-2665921143
339959330979
58778130740
202914769095
-199120080576
-235442060844
277591148948
-258846545011
175123842062
-526830311414
577353835236
-153758759692
-124513803583
27474163787
-74951217255
170753129502
-40295334133
-55091170193
-315055768240
-541966188687
-251510134331
-139614481894
-239276936739
245467082983
8839659773
-455949514236
53505608995
5457765495
-437305225721
269752297
-548143234473
126066313531
186785879393
129036078325
36221877502
-205955373749
-136044945345
-7264581132
392166079634
-327453010134
-81580266020
514334594353
-192734028908
21326852875
248113423805
320359149122
-247231950581
50390047419
-74257092812
177577638842
10522949317
409610173149
-107829784476
529184188760
203407447913
303619981144
305071208179
221170742294
-121225566116
-140720931548
269081033964
-579217197787
-139800467152
-144971644874
78612130044
-411132018351
-139534979730
-259214259301
-54893408513
431135140962
-33101239787
255315361107
-97663986402
402164683141
-609158992622
-39098621288
189511608976
126494151585
-503907792019
-138019686158
-70908320660
174484692789
210843463717
-67763497571
-190189999237
-102674361005
397791544351
197745895076
394361217314
153741735723
-333243860773
208102301841
118075401055
-45982384269
134704938008
131253230644
-427350380655
-358951876404
-159682330678
-284149368113
81833331618
138550959780
74107444030
305333738949
-173887748338
703560376130
441181697047
210198908510
-91776021940
-145367384937
-161856909792
145032488690
119577801501
142273896791
-186495997079
-95301797701
-30568114875
-192541812954
-387659196735
-179023457079
114656692136
22887691261
145521216410
-52135516492
-784393020042
-17192416847
-226049954481
177679174557
282802729775
-4087435331
-250881404859
183345496102
-314754237660
107858364775
-533148975512
113835696985
-227274230014
-391910866061
205281275974
-219219473844
152997803858
310942430614
-12644792330
79818458602
32952396939
-227545329769
236138393253
-421450858860
286397032969
-22982057543
-502009372013
-142883885564
293269239855
214634887074
-269375004578
-384194863887
126056299971
393232243926
369091642689
-207039707534
-59809222547
-225653332192
78175821750
-512226300207
-61495559808
82037559174
248254893802
-201965151447
351986142789
-300954805266
8764166947
200248544132
263300295367
177711339553
102141205753
-637297761189
437779610498
-15556649921
52978386393
4983224921
-24205229400
-444613980213
-215286653792
54714855055
-81371499851
88851521772
-75278338372
-751181213526
254360021209
78756371281
-84910785782
12883971783
-211468587458
416662676619
142330696776
91502254731
217102149382
-207787956654
412709257249
155039587985
461474009279
-187970839038
66459275884
139748139444
304413730242
-258242933203
-25329387779
329976873947
54810428379
7691971012
-181387812369
478066715901
-539228195034
342537286156
20573315417
191084481979
890671053
426126296571
-285078550750
344122015779
19134083503
-268445791098
62912351411
-239687766928
-122463846602
157656670452
216876462467
-225089569679
-209716322686
-201115929745
-340849741094
124041448472
-128524332909
-466416592466
-317168256543
-29179078848
516959052776
64142377239
-246066939408
-137426331379
160533813344
340196555441
-243725235188
104185826175
-406342923462
-203306499432
-275613421874
-468750805629
13017849888
-328206638034
-269561854909
78458423193
-202636953383
-241516515398
635986272319
-159941093737
334354218869
219608919614
300400494726
-282769847008
-323226870957
28404298574
156253708002
79101682741
99810729312
-239800174926
104938461981
159019322574
-111394932405
-601286353596
-192932656836
-366310229026
-11564063676
-193632235401
23458003415
86043189920
-556902797046
-113668326298
-210585887687
-96068617800
165746419913
-70357178354
-206462131255
74463550446
412917113934
346106918815
-304925300083
116807977356
385787902039
-410162318198
-303470406764
-19271192720
131009729917
91533733708
-280548100406
-202815615564
-275299298257
-36819507043
164514100974
-263477713136
85592688228
524920811860
133285335779
-246716828962
-526257414580
-125581629541
216694897680
-236467539638
103609709950
241952317732
-234085730081
-254158131997
-452098438990
-278435031096
-306557127447
188716780550
-57407621224
198430656533
245280463397
345706028353
444457015337
-201376881896
31469404467
87559234411
-216540390604
-18462253532
-376759796220
385794148783
10100541539
61045769168
238715878331
44497763399
-353237982860
48378070059
455754109901
-209590352394
-400997051387
244201426764
-276724049654
-369182829278
388759379665
-153235404274
-124035157657
-211738099705
-418263422532
435182057587
110421196721
-115537648171
-131706033745
-346911654322
23084502308
155558924933
-226110516402
-178970014415
-85985110264
7453294585
10781692940
17701157313
160737273032
-261410906116
-533441110935
555807630822
-54092948298
398727587616
-34004286677
241341044718
176132957492
201778660314
9106875102
191975392163
-117418014133
-263496683615
18741486751
-120873297747
-82835015817
705268898034
329356259654
-32053664995
-339528545234
-253174846267
195112194441
-293292623954
-306198221360
-330669077451
-89809348357
120086062579
622735714761
184475804319
-121609927711
-119073991433
246443697665
275071925967
-125163286574
217856158136
152946947264
157701392319
-430289111488
-16216771085
395566935431
220080419146
40732520770
430520393691
-520724380176
-300515930358
15939501638
24225189673
99815510999
-46287059237
-324252489403
36325363227
330483749584
-48691457106
238609360524
179103397566
160834005864
80325370174
-278579136768
-135650269094
51614327481
548727272898
458509589591
-224975986196
208043233857
388676466670
-12679506770
-308308956718
-441072580187
-216500967519
-412298547789
323527688921
-35287678722
217636747912
20622707472
-277777502882
116106967526
-233833374633
292644742667
231550296791
-244352993830
43128349335
585552052105
-247547637790
26400450546
-81943264251
-138019902333
431446728673
-387651874097
-66094737724
-113061261973
122438725749
277298265557
89214556126
42711134800
-415947239409
-189618207620
368125614831
39760904390
74084964067
-527913476406
52510512868
-342434125017
186309491384
-354121511219
-54264626741
616577149954
182448093832
-127723983038
-370082699806
305609608317
67389315738
58359698116
122432138968
181293476773
55277017760
263864061540
-24818319574
-406320535111
-213722278813
327861860846
-447935085955
182900431097
126000875094
161365264529
381733073998
85302420703
211041283595
-118770029584
-384350670752
254996884179
-304978649172
-313268229903
30887322987
-262860466846
159738763443
-367789382927
-14560099396
477025584742
401224183990
157698167211
140520401970
475467648263
-79583368165
109231214368
155416133740
173797885413
-195098926906
85690459217
-353480554962
551064171042
-116425700599
352479478209
107683523545
-222763513162
-398874871142
-276077844382
193669335474
89464001541
112507292885
-107703156379
-244808603995
-447099951908
318359795441
-256761105234
128586413966
434570031382
-138084328037
144563005172
-389852598694
-260114154210
-281229619474
-77398331265
-171077154146
196434067088
-122034128338
36750020004
271653133930
-315430809797
530019437380
256532631753
668769118
-308666490245
-63217579673
75437112433
-141923616452
-170499172633
392080576556
323667066886
256837148195
67917992470
-270042377010
-87310539793
221959341476
-90526992762
-407097320620
159545584087
150266196082
78736237470
300210401904
-84000051844
-24402687481
134114551805
722255633384
-100133269473
243957685374
23780695362
308287375212
-187687088339
-72067777580
443791032234
-110811901563
314656289622
-255693421891
-207529986549
107668116095
362538082417
-484477757023
186471899317
62078153590
-188562289158
130399543241
56823548790
-76763084554
-315176553297
-212179144858
-540924070960
179998425001
-133981691222
179685781917
391905157182
-475931728460
154120101123
404759116195
-164685470553
-486691854212
-341360333910
468228214554
67626703893
-209381433046
234740121791
-125964035566
22436684337
-282478085667
-22537932157
111683472180
-456832003968
155882002631
85156904824
-513309698928
23875962628
-375669559044
270493762715
173491545977
211659750547
-289887004304
148549098496
-118294050727
280516919278
-87855109172
-263411334289
134511880259
-27565757337
-42395410325
-184049458843
186446913893
380525886800
-295374970890
246251958846
96774133789
326194072077
229240466950
401148098218
468403651815
198913179736
-122307719488
-17269592042
317621560627
-33884308105
-186104999864
337231849673
-194680952927
-552657049611
-305488531560
233090190845
62301808929
401916008115
195911652225
24694967322
133128058656
-568315131668
-303717773526
-70051045422
-258166332593
293421051064
-124318114899
50612323791
111052911986
-92129853503
-320530983951
-30755232136
-516008071775
262681480815
285635576928
276661101345
-78825404772
435652837304
598653245420
-288092219337
196432166866
-38931347043
200607366663
-148460498465
-140573167623
115379626027
4622008998
-243216220706
82433931623
249100446967
-371380056519
197702693191
188166777394
-494090323033
-253608890785
370141123258
-147914105816
363684874810
-23188571645
188340149932
154858277500
46317013900
-567665544034
156932450100
-315286179200
237807014724
-142532521344
8586354475
153259693511
393437771811
-241062603754
258191092329
311979520875
-77224016193
-261315080169
-39056463445
25810599766
64943951446
301894413943
145150116505
-179065088142
-266064175580
-698172472297
-116435512308
44746270459
230640934577
-80186082249
-92647474167
455318111529
154586593137
-216711156426
113237225292
19611085388
86585036770
-279188628470
41797260722
-147513730997
53199722576
41302775187
-120782594698
319086752863
-819956389112
117098354147
177329222518
-57789043615
-158688076684
-12998125419
-803697093632
136978282947
129785197928
-156432332299
-101555295661
203378082400
-153439393733
132796311329
367949012441
-74936438039
-295176446473
-115588641060
-60066084397
196401379457
48599884048
91470408965
-373759007447
-155909252656
-591984751702
-375230064014
-77288893447
270238038950
-335126174043
6414790631
404836244937
-23879122728
31468870264
310941909725
-146012409385
85989137680
5096491027
236909655891
-104466924796
-357069446590
189027530563
572196372760
-155926317202
-356554744357
-211289092455
140445050185
-155868562756
73473492305
-588759542365
33036003199
-253508401249
-69400583715
19811778339
123060854832
79937696707
284782194691
-368089899295
500608658855
100000675609
-267664033420
-126824460673
35924669395
353265883391
55524989618
-185657581195
-197302805831
439835159753
560569335212
203923551541
329809959797
1392635834
204082213058
-349544718119
-365491908116
-191796992839
153965536342
-40487557320
177433410337
525203142390
151655998040
75530769263
-142927014817
-144929898401
-536146053075
102266827737
-82061830169
-87387443253
-235005902083
42501248512
361346527488
-47417616104
-2996328075
-590150750818
116110379899
231142270302
-24643114144
432159448428
25644439982
-426703120871
-131194674666
270242491915
202280421474
152532299777
82476653852
389320333516
-368859869385
366473502550
183938895870
195613714611
-81616846437
266077287079
458312542111
155540056881
224170920755
1117981680
339955310553
2455711432
-10009127955
77949647698
92645612610
125560786326
-234400248675
-17444901852
-694261364394
457232383715
128907514959
-233056826989
191461034159
7525816177
-443717887307
-349011684800
33142794489
272231219429
272714177672
125809610069
117423957511
-188585322273
328736672162
165420001440
113175735175
-235604123564
-512578622215
