# Packing of N=67 1-dimensional subspaces of R^15; each block is an m x n basis (integers / 10^12)
# m n N 15 1 67
-265121804616
101488238005
202408874294
-140183539890
-129134879633
344526424503
141925937717
372337221480
124357491067
-386462968665
-63671405800
580265209463
35692692674
-219794495802
-97333317732
213114418783
84346027093
59029299631
-331521268939
252097231290
-345235964557
478187195048
-146307077850
269400856506
-217499205118
-147872173463
-410734495440
-280392930456
105560864202
-32442561846
50438010792
136760971657
-105655365422
132022144550
-66698984006
-371160630395
353389457519
318841935482
221883724860
99929286263
-133239918301
303736109440
-568650593294
-273489693258
-118403653174
128963948574
89901930141
572872888598
291275084753
-406735179461
31310262658
-147428481439
85937821585
-151543626449
162311763893
-83249297593
-525620673987
101317414121
134308481109
-76844075703
-296405371089
-218150515227
54829897516
-178727042860
-165424797088
411353791788
-339170014418
367147833102
-13441703037
-16079102687
-516850444551
-246180394870
79498655101
-33962621832
-218040175250
-378190760059
381387602077
306645653755
-208187797332
399652906484
-82689446770
186184051125
-159290891595
118642302751
155277937698
-206496964172
73104713371
-168336531349
-437916557556
203132524035
-129422997353
-611369380990
-287398714237
103031162181
-11021760039
-337563272277
347860650345
-48884483048
-147895923708
-257022134725
260448459546
-118704671617
-321026815772
-8845516905
-76172954169
-187227242142
363168658724
-138104254257
224056000634
-261169864999
-170602387852
-227977659404
-196337380774
-141933092588
200316780603
-77782809696
107133640257
191333607434
679304449756
-8992927371
5780485380
-309360146348
201560188230
-163312164425
458495343884
230132202909
-178080953961
-13756926354
-126107857599
425363592471
102540685425
337173234621
-459240906191
-35719640324
93106178432
68315979663
-229670531267
-323978919885
114484774012
4490012288
245435737955
240506840421
82859767961
-173345318799
-263046205860
-114145234094
125324003980
571929724453
-346345537034
352861360488
139893695739
-220279427443
-247951562756
-397631700559
15591233448
257914046571
-228778976959
173654338505
131095736031
-21903049167
189251401351
-510328329641
-470404451878
145583910894
81642105821
-351377973437
203859661812
-132477595513
-123793545461
318989959779
368100217194
164584958425
66402908651
-420626006471
225429056294
-170547545156
175928581796
337006904440
198188154468
-304492459182
189150457690
-123216631995
244819378342
-150220277539
563176216764
265984883272
236870496711
-21483842405
231924126421
-125155981173
-460753383497
269548445013
171865178094
173332655165
89820909393
74990342948
-127893691102
317691985163
247277285439
-351615148878
109024658640
-122276970996
5247495651
185467485898
-353690551330
-234426541103
218701411775
277505210589
339477742454
459250510413
252662477667
-344617265616
-67046760634
-359186029707
-388754889463
-260327660746
-32191577707
107992327191
-366064969631
-100468344096
-233632205630
-415412945142
124063595292
-183235528397
179094494426
-101208252667
-267003878973
-99585833150
55944600782
-72877156893
473292975003
198074024212
-140856493936
-71371190083
-119760122468
521635528763
289960751747
-106108133409
315035706373
361806387665
-12785884916
99212290809
1825855443
477233260522
87064043058
-80694927984
135939257902
181229659639
225271766296
-248643366999
227007382940
-352044945035
-214680380401
567013290551
202959129304
194163496210
69727418093
43103240057
-111701475560
-594864912393
567829271917
-121258029489
10070754497
216534691378
-151386771779
263665193800
-144826283855
135609682861
-254563465615
92263106589
74622461926
-394016771818
-174957456466
265066386018
293887772027
130268562289
96880975482
-651591824229
-154127533493
140971502241
46738881596
238942470331
135183889302
63693833572
-275275034984
-494068226648
-59328218041
313807916844
-151073091415
-89016113450
-446515311817
-208863490171
-330376621570
66421917648
-229753064954
-54965498234
-438612872073
61424123742
-6283407060
120799821456
377204388303
183175152702
-216736711127
-116828552948
516047891500
100803220979
-263384033626
-164806232248
-158578486071
-144647357861
154977461196
97151861392
-128587038380
540397852644
-49498318081
105376413285
-495424065974
394463538541
-165743141230
302688491434
-146801243823
-178033749126
-36863540435
-260897367587
-28858488879
27019432067
-298130538052
11410429735
26867714663
-504765769023
231607140320
320452196484
-41502322333
-246231773657
126935835898
-348878185036
-98396867760
-413931681468
-168330769842
-217147034040
-410614892221
92970294994
214701793161
19739141621
404033756802
121158844764
-220451678908
-417099769859
375664370484
237991866380
-168876460293
-524001367361
276199132098
-96291463791
12754724105
20775042287
39732355581
-359973550045
-162390162591
-134930946694
-215948098062
179567149812
-6954553109
-331629919073
168254459217
-181218969418
-598740114781
154024135899
-511395619380
245835910599
-37499215180
-160162504282
-45803600917
76060210765
104067921624
-54774755503
-206565414167
-216467361927
-86771037379
79575491204
143958202517
-323849636617
-537177254830
-186510197087
-164490699759
142530983572
-88284877719
-224850472945
-413823711054
409497945241
-413346486887
96613872220
-161752470972
-89164769075
-62020695138
195962753414
-153596507641
-467109196087
373987782852
-232620312391
-381719804345
212619013880
310587451768
54288462682
-131748396783
-10912389279
-223487685095
-213983056386
-133627088344
221456969021
31006291494
-449383639698
71530931363
278903030808
516310456369
112315306044
32531614121
278041513953
280887032022
-339088908877
86594222740
-448932246676
-200690635385
-433211498487
244872951267
102918893074
456622876917
6758744564
-88278048847
391233592959
103807004585
-156386986210
208050548758
129548360639
166582776290
-349581180871
186945280425
-154139933065
-7616095864
186361295608
-55276087836
661468219840
380249950154
111605725217
-135082902384
323779313725
-132986995468
130989256864
-155540872913
67365907180
2657326528
-38564759157
73890662878
32157953473
-178890432777
182160263407
435160203850
-320042644475
101963910855
416482324548
183896414636
-257561679640
-525254511622
-180211490789
206536507255
-164993895776
161314186710
-275470266901
390926166120
70891978202
483228364388
-3610441745
-80349712125
54800225066
52915625802
-266515796087
-25600137373
-129750394759
-593418374899
-163013737586
-283195577178
511471438851
47177163072
-388248301172
-100209405609
-426325002525
181067842689
19907518852
-299243306910
-241729626418
36434604428
180016960268
-42643597924
59702192761
-305224204229
-325379959291
-345444556950
-95335664008
295734535928
68089694086
-221601247845
-24971179555
424561484268
-266746736678
203435828315
26358454817
-350581568607
444135415505
95507976251
33295636086
-568721595092
456597256277
154990858789
34572995444
-133497368773
457745293872
-82305452790
-80073968699
-163979826053
-22965436032
145224380040
-269404975507
-196970266593
124089463250
164430739704
-554481577421
-325660289133
-98507928480
20971110683
601022531692
276124230082
2437113050
-97455443607
153989149319
-89049794949
9691745656
-308714375398
-45463149425
1094067688
-16329890922
352590387835
-25862400932
120249217910
211278569817
181600324089
-60746351257
459136390899
-63022791181
-494318013131
-184355224478
-103093624753
-215233925751
322057661286
352191199810
-37614997308
-335478966032
-137775171611
-339836756869
-165081157423
-159133513979
219165660740
118955606818
396484189748
-415124891547
90755650808
-14239930259
89881948820
-355174913198
-276354592982
299426051387
160486844013
299567520103
-229851479766
-137928542736
56249138672
-151396510528
333789922668
-337543911893
271939096256
567682952094
-303337601398
183269064475
89802028571
84319633223
-155629536868
260804225792
-208927608824
378007756829
296821393715
12162719960
-103355023676
87823492346
20689253544
-159919066862
-229622673256
81361706759
521001286528
-317719823312
320718504104
-279637997212
-394398989002
-52717415523
-28960907411
-340825742536
-94759384900
-226333634324
7684945410
275314848280
76175121476
281786124618
-410344935135
355397242922
281795594137
167055220598
318423260281
146706844761
-231482779676
137975331832
-260063532315
-176340076648
-132078344933
39359855596
-389227309351
-97400208586
-641663223453
231362155217
205482157203
274482974667
-150366567992
-147357110646
156209442562
490561386421
109171150999
271170822108
120153450465
46490843059
10249678148
-272834715253
-561648706321
277508018142
-128080885630
130308389304
-355568027717
-34314336454
-70021698668
284337344673
-241284883635
500831596881
36974804472
89316380391
201471404810
114553505194
236650686074
51872968641
56984885414
424059188215
225775015178
501919693956
-48522256665
4882214362
172048534046
129428442462
-479489437779
-227171336747
-376133735700
242652640989
383585806523
-371746447655
-413129737577
-44069267782
23954215149
736029127
-4118162411
-16291877525
-113865044161
-20184737638
285307080645
109971516925
91490667534
467570200895
185141886056
61008304094
436993081848
-139628334402
-336303299939
-230243143298
-153736457557
-395511772497
11465126576
-290413491050
425791060258
-261309484815
-212840193944
1432225313
-76828864581
-62875916523
201300838912
-37962279000
-113777193292
41286250602
-310140864606
100344945801
-434106108173
373775106613
451923552508
230149092281
-42401557325
264383326337
369409148137
-65102787360
-191871379164
-191782755015
-119774931806
148856170288
567403096485
204917182011
131155524435
-55617055779
-423671668360
-246584644573
-310361583769
-374137725829
512413385699
-41401710286
29690775245
45202512711
391038644587
304146969779
-130191016422
7872939704
-200741912521
-140067862451
-266093949143
276713397638
163613447563
-327051198710
227543072836
-392702400880
429689454849
256080078603
-87870890365
-22386785158
-178962026641
-410469990789
-417135070199
205594840702
-1940247676
106949145801
18794490228
5911779601
-407417536795
-122789195882
152812417283
357890874072
-195075610092
-305673828225
-94022513931
-175686995594
-110769974989
139336224298
32601402553
336423221910
-386230948023
38867369638
446862496661
-112844568357
324848720438
27351949175
-375273859594
-172633214968
94332692161
92950807303
237022501358
-30509524767
547805665740
510847125924
228607000556
-7329677087
142173715552
46103103029
-311895505600
-153879080426
288532991967
-30744954332
-1001268017
-30663521407
253953770641
-236626413589
-648748061899
149536817466
392524234386
-15150040808
131545701079
-234426224433
60166594751
-228755214027
-106786488704
16361232735
223750489621
-121684657666
194912716723
163175516409
-370840261253
-266656979175
301860222048
-582442231648
-195279754965
154113072068
58467296685
319720060214
110112776230
-11307328500
27640783652
11391386396
-115395114419
632106600777
124132736273
-232636866946
170903396556
168295706379
-179705111356
-130955199833
-145680802493
540548643468
-289930284124
311836196730
51445429524
384793685227
-445696077716
-95046448225
442327935354
-36558311666
148467512477
-522533651824
-120722116227
-45361743267
76343121309
-104088635235
135827290988
-23425086114
-283591266042
-85344071516
-164096625918
-162204474402
-54456688989
301544638420
-332556726839
-182628494145
-261698058931
-267714452595
134741806897
216098889453
-345088714794
54498097880
-542351634345
-353720558873
-318914405980
285162493518
-252104686111
51905755002
-289650434842
282434120309
-150747778316
285042844835
199295774327
217624024868
386442158268
14761758004
-16444465743
-347938390719
-215187928248
-102609330374
-40024194034
-236816148671
-723482822792
-47906348972
189558513338
4695267853
216944974898
-171734037800
-1493207630
143249278926
-350845303888
318991777194
-43316269211
36921709061
243530127756
-154405925258
453927412974
-95796318434
308988805548
265654187730
-144415697941
-9177122820
394353088031
342686021303
-229147503463
430709425108
27530993035
-39371192574
92259564980
-355856017490
-272405778550
-89206510647
-355178838494
-7229902193
-71662790367
-325926336977
313461467133
81780861966
-118391696307
-301345331081
-74577953807
-238137318652
-522571611830
-133450224983
76126727919
80698140594
-201168186218
189970166873
86388883264
-170483002022
-337286008613
441594016343
224974050560
-10981723948
-66048204239
-114083730402
408939712350
559185633355
-34306809646
-313907050265
-36645675205
-33872216148
-331555021201
-159774125929
93314938427
70688119230
-416199680214
596310619808
-164567977289
106134782097
-173118865672
196791467589
-335829449484
-255855487402
128428615649
-300820651013
-251013408143
-10569922962
-40774334816
101230340060
-366842282894
257488027280
-97149840538
532355330251
-252420815703
76815814791
359538162999
-244792057830
-402174745933
103430543478
139859080599
358837710154
-18295857248
-81497084080
448223265319
-245230616298
-55054025025
-7125564363
-128403878972
-306264474966
-125131744019
47101633328
-529122052633
-340103451833
-249897561312
-358572514651
470505182366
-60498494157
140901661227
159411860647
238273248366
27213824736
-108185210739
-377880318937
305794048293
-86137513664
320498228699
-85702360062
202346010341
231288469020
-669403870145
-185817611212
15546064745
-379816215603
83892511285
400509735848
-125100352014
132993654625
19443432974
-69356562625
106915082633
235841917111
73525067855
