# Packing of N=102 3-dimensional subspaces of R^16; each block is an m x n basis (integers / 10^12)
# m n N 16 3 102
21357416478 -174363101189 -547629418407
203518606399 -73284927432 99833560642
-441396153426 -35820859505 -305628284331
39920418892 -499104535171 84099599693
335854884250 -298115894071 -461994886439
-377968884336 -78409642757 3936460149
7733385861 137878918748 -210165715502
-144639453918 143837081085 -465074357981
181363078200 39235385526 -1066244753
-211205716049 -444800108102 -70732615213
270098782951 -346309483726 50303852672
-253421003243 -133026364082 -108671940203
-322103932177 -310596899344 234763861867
304778922621 -249386440992 53992813942
264417943240 223292291703 -195250074259
61858825175 -183251725162 -15464086354
168195037470 -326429391918 -177454600778
-88779573999 75956171313 -154768922671
74432012327 -104798041650 -316138536467
-468313613066 -91428024334 -135659162178
25511775737 55020368575 -98020789665
207480609630 -98285811686 -291205560826
181868951473 35308528019 552299751218
69794273244 -401633216409 220165162748
-46181019121 -183258406997 -50362700657
296931742202 161916243306 -11641243698
552764616591 -213562279022 -62690793667
216343035120 63914208749 -507272053036
62337660035 298930072612 -232702280004
411426402925 -22289583150 215745843028
198527407384 611163247843 -793956670
45817738810 -346725552172 -116913442019
-121114689559 162411089602 -120985070546
-356441657475 -177996784741 -222491382992
-114851123871 -59430930590 -185332284106
-570628941748 464884622350 215711585437
-16914608422 93481806098 401839994808
275402695883 -187685668765 191107090250
-69809554094 52817376001 229099979852
184459702798 485496353711 -61431603623
470495768412 -24047821375 141007797481
-96324901606 -188318412481 281501506141
-100108351555 -230830572412 63058136625
-56464668917 -119079159685 498983869658
50483305122 273229274525 -201871856280
-211500855879 63423439248 365568131658
-219857541770 -484594284820 -12408834303
-254887606293 -151048933709 -272192757837
-117657939825 288022446773 -57012692774
-160006534715 -280092946905 -141726323931
247881285608 -73381983455 396065610110
59116146602 167324114111 304198257283
71007842495 409262687423 -189527457373
-440087318638 -285736694102 29497366599
125319271873 -401736935200 -83047287051
-295932440582 97542019603 -209140404357
-220986852957 71149481069 112820039707
639134090870 -195501886500 -621830206
-48472335797 -38776576922 309156038722
-235614644829 223401881073 132912772378
-25165395681 26697930367 -175731460708
268801785112 409785299906 -237150261068
19488371222 -320259929627 -504425480162
71804453682 138787126668 -415081287641
45573471017 -44648958607 180556019801
-118860323987 -225251296891 545882330403
-179050380988 -303676001926 -200892386922
177009316290 -1473986917 -70467031948
-183366094492 131366854219 252888299720
-514445313226 120242986166 -229408952535
-233190895681 -323192687199 385878825355
-222417327215 -460661738839 -280874562482
-377808060867 -209620261980 -186179645391
224008867391 -152477329446 -5593650289
147266736291 -437407049394 100797666154
290366930933 -362891283404 -271411495069
-219248772122 160392548855 180357183220
340559142045 101976037400 74051245032
233053377767 -219676885815 39600552854
31553114462 179111259871 -348734399438
261214650262 -143097497104 472442645373
-153042742017 8125175768 116337594051
-589356822849 -189394932571 -89905863561
151548326518 67321869847 -569423860622
64922275821 428153129343 -2386498178
-178569822453 -204110668977 172424739480
141538523225 -414315346232 241973277455
156331903197 207599988747 -20074777400
105535676966 -16793827514 219745744081
381143142536 91683532048 -231781520108
99447458408 110137506810 291963901156
35518053615 241075942147 114633593569
150637913962 -541400883908 -180714439429
-234873540639 317622604280 172177429921
388640383530 -117235895868 -97978012053
-246989174936 -112446032766 -264480153415
-331475179229 -82687649950 -232918915345
-172441172906 -172468419289 -236111638535
-591847720019 -201124328916 326158043661
-56816318327 -133584894868 101422932063
-117900231622 143297435221 126912532811
39436292944 -429869171978 266811763299
-8193235920 478202305319 272256784909
9146480229 4503225632 -344763191903
431221998994 -147550890432 34675795809
216877471440 -275237515696 210496251894
-102540207995 441721211708 -37319833057
442878425041 -7289216859 -250566965431
-84863979199 -251117090327 -323350306826
-86143480664 -15444929384 -184999112466
-176810998161 118426294930 -480238461768
-75770639003 -317932776173 -118139490903
28860525235 223386044005 154290750836
3617788044 -315774068204 8663412103
-424888517850 -44166379942 310108630161
-199416472545 -403666421214 51816381957
294956156420 313497091593 -196896242494
-21835005426 205456263030 -103514195271
100194212402 65040913291 425984312700
529979316907 -149953587755 188680149607
-22121976093 -302892662399 7710382952
142471693312 -83916617539 41104454803
-453413007458 -36379338197 314705283293
208220136792 -51344320945 469133314552
113557310723 -564914609512 -165799887853
-219144631436 43004151623 -103829384856
-172759316319 -75429193164 -501567360089
-199929942103 298103954468 2527461451
213267448717 608795961715 15084425900
-104760616636 -204632200750 -563939088769
301247019911 -152400762240 -459841927252
284639489322 -138590388865 285129351444
-110500361055 55238409673 -216416458667
-17910691396 409086162410 69353134544
-279218077639 439545687005 -351157340851
181144002873 133524918264 -65909420669
-201321060910 -264632707959 -143622467677
-12129442658 146101751211 -351196801527
453384233259 -56792061972 -146581837447
-547098155495 -58181783201 176061978831
-72539930800 -107672218873 38851935230
-130354745334 -167387434684 -63704306411
-282121367651 135802224412 -45564846435
32679969105 -87103456117 -74805211586
-120209473925 205113673528 360293652747
225797003220 556204718815 -86192079831
48768004479 -134560625049 -431069246023
-153948375525 -81607320114 255589999457
-313921866444 -332979011282 144123591057
532593685497 -247539049964 -139845179576
-26878235887 -403996902122 391381386521
28840383361 -28089699191 -45269342080
-15148043127 -83495541705 -74301206566
-158425591006 5545161444 -55350150648
-396337222338 180362792415 -286217772858
-166980697746 107239602952 74698852279
71792004511 118896121524 -284088483323
271444043136 213084514373 309725715989
475993975393 -213270176840 95243714012
-95024693551 -362748471969 -366419143348
-259395570111 121003932148 -299941865517
142517688927 -340145352945 526341620897
491211757072 -127857155587 -67640854121
-29031184890 35929186049 -363497097484
76747845012 -59593360970 69162660249
306957398535 442159798701 112009951106
-58023196680 -161215202717 -144708780475
-452861895222 122697167567 -181842731720
-30459174226 -336183000865 -339524364481
129051832480 81737049710 -170866565733
107348257615 312155067480 28911032716
-246628802295 123470637995 31118437435
-176267053931 297640234802 103921803276
475636633090 102500311110 -494680167471
-109168970494 -114404895727 -15077189003
50571596656 517058016640 151475820558
504475253317 250984733097 410737788005
-149219294865 -139410260914 -28686302758
-80365073308 126268367922 18461006811
-505540581507 -164396827883 51840885711
-128693365590 -291879854873 -81247446291
-133028341836 -83783726482 -8778333822
-75782980883 -293262022077 102812195108
-102392743567 249117636631 297622936180
-41704471213 16995950694 -175815419070
358946459694 -434770148266 236918572774
-141906506918 2061911235 102534911468
-8237483629 313329505574 126206496536
-351549412457 529987301851 111764448834
94959008711 69960616714 253684296049
104443673859 -70157423446 197680560798
341207883314 236915565949 -701575181510
56341435752 390988347761 191903225656
160461692630 -18946509435 -195900089669
272354763983 -91235365964 -95249017402
5359055951 -11312226864 29103840245
532116423228 426192808364 -186214931592
64561351357 -383088433759 95550012775
-379257292484 -13196370597 -159468857346
-208945215501 534885883631 -108120566099
-210455701644 -247873561449 -470244849204
-190356062626 -16361068435 -39258185928
-240965124302 82013415296 -364098100321
277919721204 -309893804935 19868307468
-92523219114 198303257547 78112428703
-129422563414 -106976490274 449901199151
-143964199056 -13926698692 -395254807554
400243133391 -90618488824 -337013524917
-85339384928 92610817702 12813017230
263552234082 545151558947 -4477948196
-25582657284 -33943345445 -297896894268
-42011402801 44266203935 102805324317
343344616236 -2296088560 -152792803455
28899148433 245203258850 -43265145656
222168231421 -41120358969 486867095822
-165218020334 170790075842 192772380695
198484157134 -261013066615 341243774802
454980206098 59553792091 -474175186023
588780923555 42712393950 184272897073
82243157653 -37434920270 292408628863
227292579109 -340560882542 199459682510
215121480578 140117415255 -52225742430
-14956903756 -502644102413 -158914366824
165737252920 -370088404567 -269391555298
307415073220 -244018364076 -489541622429
-259912753796 -69528186876 -106353205207
-244705281771 121247722795 127810336013
213474149012 181545125134 -77889405817
-365954960698 -113167794498 455920934412
186229813985 471328555690 34551363466
-79515180291 132524497344 182597726617
89213865097 -78014096116 412758334219
-138737353515 184230937645 -33113437829
139233069690 375091640672 138260583949
-426373196281 256932383786 -450341654172
-7098881219 415128474392 107153865927
235179595985 335893106006 -135423950369
91232323470 141897747060 98205834792
168452561159 196540355962 84597940603
486945222071 -211628895923 210294549519
65911501052 51292472885 242530323973
-221880696904 186017453391 10533484705
319070234057 415907252809 -43230824475
182182154517 54427327222 417300621557
96261123883 35890945778 301113970794
327331390331 -104368369804 418734839251
-346003916248 22140319057 -174352451258
-88245388778 -295750046029 31100771739
52026252472 393021382008 -424178661335
-17200729783 361554856733 37346420001
24689611079 104796644892 -96738572078
-176640324704 232549261914 112400571312
557322040311 -329797805051 -499849668705
-457673599509 -267013825404 -23464598393
111629124154 -13965041505 117388857635
12745901191 -395194885615 13780286198
-120709777856 -212425983791 472187066057
274774881169 -15063539669 -215933604196
71159345945 664185761455 418092673957
-375457065186 -40349916303 17786210577
-181413949377 181544147527 -195118662211
196534322983 296623036970 53589308360
282315388653 84179568945 4998805157
-307331436448 380152458801 -209389194560
-89368305052 -123788761588 351124810315
226832134715 -34568397749 -247220882411
342483041307 109115907900 -127631708186
-225377538300 13979173884 24050022082
-319719013611 -134953674038 -138634137251
-82772043146 79690200451 -493838723582
-253606199939 428103020232 -36812525163
342473589022 53631203620 68963513650
-14232707628 476068981019 454893579570
-19918592575 -270226351865 24819308417
-141591502448 94212057020 72080992962
-230356386816 187251618087 -266238623944
-153447292999 -56292010674 436492788609
6148716762 300760932466 21498530341
-573031808332 81210223148 -85686699294
195648404345 -90195084417 212164642270
-48520286792 -223076484956 477338200845
180240800424 -193316201686 -436759520356
325975951386 -208976958508 124808781638
-9528163075 -206460345819 121673100422
-58663250866 -405051426799 -664754325
-398781892298 -123231216673 47085977777
297391647057 -112216251422 131121105450
379418757777 427509283629 -68047660842
115250884886 348794119727 -387912947249
-128679832064 192732960349 383391393777
207710969575 -156115779635 25435492213
-228175096574 46339953060 -372288512208
-378316843609 4267320093 -130424482134
-178372648689 -43072559107 75476987231
-380360266104 -118303961589 -59725607261
-154665446434 -84918110118 -205850802854
394861766294 -90556918937 -165870578339
-236312104081 359611505757 507532042348
-144122817234 155152492407 -352771271006
-351405243902 -252326276092 123696867184
49525361568 478037363077 -6053602340
270845850164 228826593977 33486553758
-237270728057 484086756270 -194484117434
-208065742440 -226083209603 -175520616809
-77206101109 -137180010533 475979095340
-207336246145 -35471190106 264659437485
-164952043034 352357952863 -38201032865
246972705302 245243234504 17382714344
-323575752816 -265865711345 -65631658953
70632780936 395539707549 313360250662
397557264987 36771992188 -80805142712
254946892402 136090997149 -262013609456
-207670382367 -287451968602 -305341430533
56305173864 495332426493 2869160611
2865735600 132266684522 -480718148157
-49847852552 -111934001487 21404532735
366007882940 -293202636165 358156361108
-373200112537 136077494619 -54602192162
-456148020417 260485023199 165665608655
2204272217 -135166680495 -201153811160
-30528949577 514569076072 234238334596
88055108167 -162612665053 -216499025779
-71755058063 32103693416 -106552380158
229747433767 -252804612277 -55345527734
-212757736701 -479843681399 77225872920
297265456650 -43941347768 610002766529
-125849723479 -213291782313 -137409097020
-49065044359 16010432097 112933402946
404714131975 -208002310462 -125352536647
53999002286 -153544473185 -344139288168
-580582035170 -173328351183 3547179259
-385018829540 117579288513 171910884891
89005850242 123378502408 -343613423469
162124746379 -326068192539 402516350294
-307243414318 -144488380916 126767253595
-29564536578 -335821921499 119461444262
-178012493409 -543001729658 -375520817760
-78010522060 -104601619091 -173208064475
-447886225352 -263296658638 -25533164408
-31290162692 -96457446745 147186535637
444399616917 -152558403224 493860448026
175979704499 -78015328187 66427201384
-482235360383 70817209685 231790858820
261883212844 389092979211 -445610954720
-380744687149 232461816584 249062572994
75870391051 -185946144955 -103940399435
85160734305 -172177473853 -247980801672
118132194671 -69818792657 226728411812
19400251780 -185802126076 339673060369
177003463534 -494405875132 44555401463
156446322491 -27149470416 -52109415911
54209619101 164251841503 15685569052
218021957441 -161328275304 -148931974176
244769733339 415916987293 341133881151
434699267015 -265516862184 -41561682322
-82736721543 219516477615 78669941126
-43989501262 220433135564 234860516022
-529976165103 -194402251349 510191697948
-393853557093 -440341819106 -71074116468
136906440857 150923785641 98767306536
203775022529 -135508572789 168250184719
-183145045863 6913563678 -385152275690
-17111005325 -33836263257 -369339229157
-79543860093 -84264644644 1054817910
-363999369348 540228048338 -371201156344
-31921277273 -63227948456 -124403906951
98100047832 -202072649286 -168418222659
123479018754 126112580395 -169040706310
-150509314780 -31834703062 17975421813
-318127180414 103412515519 374867880243
-286660703921 23144303441 -331369845607
-58974426663 59779846964 300304144477
-17049658536 -57955292021 -184829854576
16235260341 -363258171818 -70291467884
-85533615320 359401001571 390517141261
-3698208198 129434409998 -134652065973
234505130544 561531813558 -54091746142
394510038536 171843806909 400311960437
389444579434 -501532614080 164187063919
130137405712 200659236768 -332204252858
405286438229 9128941461 5025941720
40244091771 -34198938664 77275954376
-466509680985 -151573588291 281132660873
-140940173423 205111265415 -252783651065
-121001440458 -334966515179 -76366039312
292553246806 -87767598747 224366071992
-152089598733 430539720201 128001441311
-394071901473 -81422435187 48028797341
-265533905993 -525520294061 319049324563
-169467628500 -269941879619 -250832026931
-87876230112 -195997790008 -168016785494
-340350682146 327581514596 -27662111493
-63094777008 74756515236 206685547670
-176340673203 -118039401565 -272642758805
504878337553 -222518195927 -173420449697
252747066785 230898145313 195959353989
-113784825124 -62389717015 556724739390
-344250189503 71393572069 -185683242196
15018240585 -217390965758 404852786462
-114096723258 121395014835 193852414602
293132973354 -511293440029 -72499600086
-59086477527 -319790715457 155410538796
312142040737 -7576682948 455826630225
240449531900 -42887439566 81292520429
257239025370 420319549165 -210340801338
189141496473 -318858637707 -395728622716
300981852841 -233447562979 -132096921132
335475988512 -64152040172 -13424739554
-273096233112 -93249281477 143057020830
-325256999465 -4923763401 -39604489995
-174101614005 -82707914635 -128681153948
26324560919 66759202039 190210085953
-34646862806 -287611145454 -98853415755
-138506045437 -221992515691 -397088844115
-293726160013 -380717005900 445791266324
-363614041398 22365732459 -311089732869
-37131931396 -113178093271 292398231683
287876721388 692652418717 -231713032053
175309081318 229018209832 368175397102
-24682214184 122918641903 556498736294
593193983770 -490367069263 -210296523363
57539135544 201481328527 15719727358
-149108639385 49693328817 -129172328852
-17676560208 148443753274 71293904510
603666852790 12995052270 167341777534
-37063107011 -57690405800 -145200156235
-18403642380 -273636501876 178862952782
169542478659 -126087384034 310608166572
67555240624 122253531860 240321204944
65370247886 -38549199344 71690354407
-206756746024 -92644241151 317960269503
245385420496 122550029754 88204665909
122014982242 -53690819716 612263582942
-145521209784 202843208367 45402497705
390034801078 130091226657 324422520996
314137782197 -98872303811 13439583659
193524072511 -105324416814 -143727790629
-88144305229 122783373911 -267429953484
156948950314 70952614942 43486969377
556728499031 46806440063 -243548363005
277151819369 368060326595 99805592562
59868378951 280626046989 184966539
384440385319 -71107716232 -448821008393
-133440284053 -280638793229 26825143411
-118534295848 620783652169 -193400790315
216438425066 -50690618410 173829127607
-161116459723 152492511613 -168840201158
-21750672421 432028579345 236663100164
-431165078906 -216630706011 109050204706
220302464596 151735830434 -65790045964
39594971554 189418412401 314655302250
-404649765038 -68232239455 -99730457400
204958820889 -332211454893 -10968849763
-356321608957 -100448485628 116246255773
-251144692851 590139112985 -525915778865
229295484836 336693833546 418270197568
-203744485482 -122356903407 18557121985
308803035762 22892728723 83950483969
-137560683552 269214649269 -89684256716
-45795657748 128116137342 -117260107062
-229552360861 292858007894 419944150054
-215257611528 -33920973607 181749983996
233356288363 -42276965478 -384922121941
65225946672 338144635256 151387886261
222421881805 346889771904 286379541617
109039364700 292271607275 130375897374
-248029233171 -90279490319 -348914218273
372813257192 -8636444121 -330982282581
-143251072936 2225225198 206703530249
453777085069 -423878581108 200329579883
-142368912945 283534904581 -295352297292
589078028640 -118425138300 -230614853048
55497616605 58144206785 251035037393
143543061326 408435267264 38209720690
166137704111 445824830926 112178544657
-1159314158 -87499996969 398311080335
281341357093 164934952963 -270803960329
9543743915 54740869157 -248338865346
42956952063 -320432196679 95929116796
109714791772 49317550037 257876545468
-125233608840 115993512898 40071827389
551377034100 288833785137 -15359108725
-107872235968 -222605227619 215691195789
351007490985 -54879719362 326397255456
392969136325 -279186047573 346676132728
36394626025 151203524055 184887939231
119801844818 321254551907 -357251561545
-29784743878 524272046083 244562540846
-341214149937 -28721328262 -28404931306
-235518840331 461255120519 95863162948
-93609623806 -262842082569 109706542834
230707691512 -2266345250 -178263476286
154690598165 207448382470 -167169400945
247739656363 80289790450 231513104700
85077583524 -25225621570 -68113945319
-219182510694 197212440991 602743449547
-273728281803 139738923338 -257499717985
-260558029978 42481232355 -581122061437
-75800684868 -378822790761 -172173748613
-302664584792 279077557976 -131681057959
-387118648968 11527487514 179732354498
6676327972 71598206365 -196781890720
214098932363 30914108355 -194998421545
-378431969713 55398133699 -98326797401
-44508282438 23677498214 182273638378
46964871486 -26992396764 6920955862
53648662274 -588660499420 -87583591576
386312360034 -52249922885 108989780615
-19928449215 -534170742658 -278470520548
-386815532993 -239116119006 541620367254
-167690326131 -37838721353 65410274411
293990928089 231314603220 -47851596055
642776718265 -33394987371 -356703918038
-34160954392 287163803971 -338841264225
-156006041250 522348943400 -168053217201
323388316269 -105970828036 286656907536
9197388031 39552945715 -121286407008
68539048581 192825789604 -460533966976
100516773296 -67097071699 280091445199
-352924275114 -113861997402 -149592618036
-242284810549 -140473658592 -75603557674
124121136791 -483021033575 -246991033158
32233927403 66979905076 245286901029
375305209840 434523137265 348201071741
-122051924676 -135470138186 204199870797
100040919571 -296269518469 -47101028748
78040127668 -142991871234 -40430054085
265171153746 -56722165142 -161935010945
-63917956232 62693557368 235137418391
367371659899 -80661976090 133879845160
-135720789636 -149586677329 399841090662
219263183565 -134807305420 28678884390
196910083306 -183135586877 214842430574
-27565551537 -191604762127 349922254264
-154382678453 -165468491772 273062258382
527472966403 329590476409 -25666157108
144053547192 -329589716458 97277498508
405933731995 -536525449941 -386664645690
98112705662 327904370139 80493832464
300328295954 -118587376982 227347563184
268235191694 135700856747 347251190422
-178325128493 -241944207426 -354864836102
-156013243140 -383937684385 225155599717
198529571079 17894099689 -88997112513
-157556520236 -54551971993 47792170433
-393264029013 233152831765 137893266316
-53325446867 117933272236 -348290888164
106646004539 -65169488269 -317631437412
-168456492009 -221213519054 54762731707
-525525424167 -108195064145 -333676844653
22862329625 135891391475 336643759655
-43873642809 -25309433497 42903537820
-220098812592 532370912884 -266234261636
210433831587 -380460309485 -154403518075
-258005631834 -70618912590 -66256566477
-367261265857 -117978862588 554970637601
-210665542477 -325734289280 -264235255044
-137256317820 -87296804629 -209474760888
-229970465080 321023702050 -18113737457
298363735122 425329559836 -76580886777
47713819685 -75930788783 -577757483322
490655563532 171884796713 -82635930082
219621140488 360310007067 44249276091
324160960997 224859185020 59839613120
55339196873 230893773743 -120706506496
-431074398778 -48886611988 -166764754009
-397951762679 90112869689 248447011083
-127370824711 239705053692 335960831870
-132289026322 222866679529 145833574771
306472727693 -439010736816 249637844599
22901081265 206954745363 -403164035840
43772019944 -193621344640 -129489218044
-317030193434 207110603648 -136144377964
113333382657 252724090659 -109434000065
48615561697 452692235915 222782776721
-102994166985 169146374025 -306291093633
291956886987 -284646095716 117917415522
-159279727869 -207967544586 288667825875
77526696086 -338511256748 153744381882
190834180940 308395268220 -449380549194
-540044178438 50553101579 209144066185
61877247710 393231603315 207843119002
-141662588564 143838172735 -29825746858
252557043053 -165289641562 343338121204
291370255459 -235698230376 -50856684855
403097282958 339161426167 264020167272
69427458797 212341675719 417829547482
-61657580091 247211274602 206995422089
30063973760 -347093319263 186086116434
-363144448074 -41380415831 -92497681514
61708767204 -231882416469 -355110381647
-273937282275 -89942738566 111653838623
204617681000 -230847052029 231839923877
-314127735362 -100352730304 223887111878
-233896377930 127959406166 -609390630470
-343145117321 -539251858254 252178034960
277036281195 -208557648476 -195667304981
-33415676027 -63406700525 238245514299
64863057894 10685943692 124996236822
139794312468 463034766522 174770010033
-188748613228 -226074532114 -135162055576
-480846155804 163799292880 136389126698
-104134732764 210225035382 218957255584
-65132900151 50424535180 260674316710
-82750792682 37910172733 -339485824785
-512368863004 161502334281 -87972015696
-156466879848 255457281930 96539007667
-98015697802 -387278963138 -186775905755
-212480012927 -168979701140 41052945001
392575162196 237627066390 -365494599335
-288191889635 -176518197723 65335377089
120833221245 -306905501285 -168612717961
59505436501 155263935822 168789454618
345183587279 152519977909 309793803854
-29288527603 322221956118 183717121511
93967553208 -404144777934 496432282568
219946058305 217153520951 -146295038848
91935452637 -250935832856 -222304192161
-108310798911 318495361766 428152750282
-380452100047 190283025068 -212279049141
-449121468150 -204683437274 -63291440464
-176345166083 123329990405 -249761817476
296166385694 -333992119056 -181379194882
192030633873 -242224384659 169960500809
173688793499 -114160238483 -23954800696
-176420324891 129981583372 -98010248001
263460663468 112997459272 189865157855
-120360656230 -392989091600 542925572945
-49996845607 -149456974277 -125976437210
-435563291698 -203041866898 221456171359
-316046853834 -88592817565 -96329011039
-168928902134 125385067362 -377705049003
-474797837698 -25128349257 -377440042727
-189108726963 114972254366 -206036441563
-354761688454 74521333887 175188040695
219068169076 19006416201 -122452129374
-139786371035 -341410592261 115569955605
119562140106 -593974709522 -325792813883
156535442537 -474623723551 -229803911354
-201969588152 36473735928 198104359680
158359550279 96456041196 282398987809
212533310565 -10032419162 41394052
-122629637762 327866906706 65824390991
-168833702516 192696541617 427656215941
505644217067 -35958421739 87976722248
207214332262 -387496173349 -331336827023
398781575586 484111363 458656184116
37557458602 291324000955 -243285893929
182435258549 -296663827935 -63644523397
-29029150789 180264647691 -279690802309
-16629860258 -98341540780 38452753774
131590155175 -214779646309 -61184790625
-342789322236 -507813935947 -41735053254
36457287170 377885719584 -464407810379
-123377685629 130928609499 97677717745
491308755483 124618137327 -177464007029
-601046203990 -188117043411 54710328319
349521889252 77728852011 -2358606029
-68925808264 -340769429 433360409404
200468622957 -514947409623 247554062945
-104211174517 -74351645766 -235117009482
-280638173040 -124688014980 -248885784109
76339063472 318324210951 334503223511
-111109605971 -305322931462 -44420264094
48295873546 -110478494375 24363215178
-110106232059 -181739778629 -13789807707
380424605284 134502863642 -45725928583
40102012919 -358224893762 -152596839291
-142100395579 400652764912 -123520887417
-328528805898 251691553223 239160430711
-201898949664 19129669212 509020143383
184864581427 -248763801117 398886251681
336535432341 -84068028766 -407093489861
-473682553970 -89853698901 160858983059
259893204642 79039133759 118327826150
-61823833914 322807497631 175727490407
359521912888 267684247196 76481753725
-323397917872 -244514893537 121796425276
-117135731126 204657622405 276219962577
83028491554 -65681814200 115894501279
-125310739977 166715969746 16275556975
-76457629444 -196369623407 184859268124
-201553265402 -384032012311 -308568426775
-488944772820 504506677904 -277469781390
138528710212 -189784374765 435765910140
-28020871678 -102847182920 -445795442800
117479997186 383757229992 -169839354204
39104535277 -185843213629 -170270707666
226153058327 -13467279911 -82718101375
168208092091 54997014144 -190244486798
91927729641 15772219258 -92310633983
90667773957 406484519850 336641091175
-92729411455 70132166095 162456394869
256107941756 477888431381 113580760578
606120632139 -145337134564 291501540167
-76950846763 246742278258 457325966792
-476210606742 -45525565191 411120499666
-82615220146 -107964252017 249355691172
-65431176722 139078710094 -118958340082
-50320450835 603629624099 -104999781383
-390562813425 37820841741 -244455032790
-161256966634 315698087466 -267267140500
-183652135228 -127377650627 337843211268
-60904627310 35408939938 1013274853
124183785542 -29652995682 57080839920
-35712337631 282290494603 -231399648177
58260609941 -66315454994 -255989215861
336809648715 -49688129993 -91558387910
17359262548 -178953262992 -135469782576
159487168634 95679268342 238419773439
86860353001 145365991865 301687037267
35959223334 -158752486202 -478844177337
-531387141102 256105866392 90958330059
270983970490 -169786346469 -50260516824
66411686403 91944062599 -579814106053
-183024959197 413692382632 -317862000351
266597509865 -25846596470 -107452396049
400751402805 380990904352 6880535486
294977701198 -266527284273 84254307195
345675676751 578084842498 84067620706
245616344220 -417680666922 219273686342
-152473061852 -276469132618 123154513154
136885154621 136885372532 50512135752
282481793690 -242163564207 360661863201
-101960291687 -326380870285 146665389124
-377474252908 95417789444 26498072419
-202983045539 170349476494 436336913650
-38096379674 -1692818569 150672645
144078003468 -162983300566 106128524732
460802670299 -58771302475 -74750418828
297253447564 490176150031 479994907848
-267676524857 -426515428415 187469073658
-83337139663 -137825104134 56675030399
-402464645200 155546272769 443174444973
96089394014 -175950918334 191631158522
-226033087664 -26855658274 -269799831611
400600932300 229658877682 38212078274
343080783377 373121806625 -535475238330
-72701069629 -199504710592 -145146980708
-288985238678 -95493416820 175686796115
165810093200 141781270347 291018079445
246699367768 -115559965460 12924472552
-197710640677 -390490537149 100828594650
539204829769 -400449209720 176572897734
-2426509887 -78044228856 -357082227432
-141854336025 -294856530888 -437924091752
47981334179 52323621132 189276202592
194829134646 -404028341098 -86466141044
-123191419536 62982554239 301593362167
324238351377 -286161304622 128247066059
-133829624068 105001177332 65632683912
-127379359029 -238598099040 -243657617674
-337275922239 -56855260028 193476795645
-180094002813 144594600561 46945785751
-196676709665 -236873986819 -141811524154
66333357506 -415744241252 267190503356
-33530390484 -144503138049 -201143418160
149009902788 153784013320 19994834693
-136912985484 -219822261378 -641688171504
134343735139 134741815044 41243784996
-426054631361 148054545758 115624816092
16817948450 134072516131 -295431095631
268407805145 -387885075751 -50679334659
-20704778811 -107269212928 9974273087
-141489103835 -303852619565 -181262243782
571916484687 65650963406 206492017865
-346003516247 271942510051 221017169388
-171769385419 -513276886128 432294190191
-212911905821 -93249434438 192114742947
-38289309294 -308721774206 210605963755
234409754308 -136192294415 -80627911089
-200958388899 -100786544096 -158695422410
-25361239704 216179245317 -409086472551
-5978576064 -242843085741 -229688944633
413893073954 -553900629896 -65029445797
251790513240 106852659989 2014853143
288093068364 -312084686438 -235437357813
-420882000522 -134505747736 -104229855010
-432047165023 -27063662127 -307610206645
-210684875868 -401093770944 309683810107
48789007264 164393258909 593372090059
265398943590 115393125356 -97742139719
-1814632349 -56021669461 209585204454
-241811835088 -350404144455 -17823579904
487116402596 -244510205286 110447725723
435450227998 -194382517042 -266647835375
24343398450 -249657628796 -111993967133
138245519228 136724424630 -116882726835
-85674684762 -192333834580 294589005562
-139935486281 158192760922 -451211591432
284475441490 213071863059 210395661593
107744095100 181975266286 325376175773
260404065116 -131420463280 2807702786
857474258 297023709289 244306455918
289232458043 41199090772 -180970443920
-196351818240 -44464630325 425316993449
105013565769 -571001022614 301689561038
210810581286 242428542319 -14275678682
69097416892 338703066007 280469461890
428573516392 268651081173 82240861294
11473861982 106807241102 4323286334
59452985972 53278826087 205533218221
6071761444 -110119264246 -6471650718
-101207779578 63676875585 104841208980
267494099640 -227615643113 366741638797
-88404403309 100800846692 337061618357
-226845157103 -586275721751 -197537828722
-483424269602 -105120208132 152820496499
54773324585 -96911694399 41647131960
-194944211661 -152811692176 538494689282
84356383532 111846836166 -267111500614
76841141855 -250089569678 -315013421532
38621614289 169924153681 261072670830
139591158610 -637553563234 71810424336
-692604062602 82769306332 -214834728117
258507251258 53254970424 -233357925776
-345337952401 -235887681408 302608276298
-135499737498 -128400754269 -183470372613
-256327716789 28439129024 502814565805
-287842404637 553985856624 -48029526511
79699403256 -192301019427 183723959721
-110129399542 -97522930625 -285669143756
259645511200 -295279293355 -398102722547
-43718300884 215486758507 -336049490837
-122606662921 -134061963471 -116633639192
-159175264788 338235962805 -145150743549
-41017671521 108559552788 135492353488
358413838177 519523407836 105454740539
44324732265 123244757069 -4226347654
-340121475187 -21475324118 -346075605599
192320245811 -95057915780 220746795842
548516496031 35971307990 13956376504
-106295513615 318804881034 -566782795545
-72317587437 -396926574939 97341192756
544904211303 123312025645 62030669911
-241651190787 -46323712621 164269021373
95985635711 -94733529379 58052894119
145046987137 -227813597463 207062582539
-182457577677 73782986041 -396152242005
184505095271 -430853854481 -375278496356
176814664802 -438162236631 -333847977877
436970956420 221583770612 86826334880
-301680484312 281467738111 157312625187
-83899982533 -232092750142 61542600777
241973558534 110305697818 -209306870054
-65721285337 -76978272234 -114292284308
285327168190 13956418718 253223522847
-256965594672 -281147864876 160971910767
103342618023 40525172159 304463938865
-125618222170 -190502732480 296227227180
-255131530047 -283374216483 -27403573111
-211701106520 170597262011 -388920417972
-353458142816 -249075009412 35424249883
453888499902 -108458002834 204593701776
-230310219085 263719507028 195380803135
322962739896 -292218105712 39144533652
115956134625 303619444831 -60764212770
-156623378518 17424489196 -65906475733
366859878927 253205359245 -495821496315
-295747751653 -294213881907 -154164906751
302443577538 -536275917686 -194785872377
-110921005066 -40033162946 -172471718140
-15475248648 -294931252647 -355294104712
-106259448905 67668666357 -336389686497
-45136338042 579610195398 -147816519688
-243320423898 -191590656144 186077639837
-433151447832 -102452292456 18223002545
53857928321 218627800014 227760283287
468383815200 239619479703 75530571274
121877317019 -118441894969 150444890470
-255036742391 -97634831171 -251008492359
163242829652 -161372298876 96745676202
212062003761 -73608690136 104217628217
259774391306 92026126056 -661531073643
248514156727 -455577250419 125043522643
94978290345 -323421395608 -530491026619
160699446207 70500788779 25303727334
-24007043367 -339161475676 -108020022284
-44184248266 -16745698561 104830558070
459044117126 -125341670899 147565936411
127915957016 -5154412386 232375739779
146913297592 -206733119520 62743132721
73731744604 142292523088 -209964081617
-132367938034 159222395970 -69079971521
100975811602 226174650516 -642769087566
-97426705690 -87402047143 -173591253342
127890515943 468693305410 283922467861
-169220114708 -241299951953 -386902252001
306232345181 -500188182587 -185023890068
192385236994 -183753594450 207849036691
522999618872 46369570290 -57357744599
-442467501055 -181754814340 157392018625
-194638653296 77014326536 -245585537163
482501731992 -222199255 -58493298857
59743168945 77734198872 188688516464
7684302361 493791789619 -121582131234
105165911521 363767355916 -201540675295
-183891594976 -113317266946 100515185406
176407274248 -272139988945 344098978863
-231974540219 -106319006302 243666302328
-108351312808 487248792949 275239737692
-124477292706 186476046270 477455336419
25863991678 41056324532 268379496500
82457695529 -316632163328 -210843131942
107177421168 47914539846 -410243304777
293788761976 -241183120074 61319755533
-178517037261 -43237431624 210641494805
631961206927 425053211415 76630656307
97701624335 -150962216984 268909415893
-117980143388 25013406615 -111141943289
357182631088 -359053855408 118627397416
394211856903 1615945899 173950407781
-21977992961 -266421502436 154798929911
321571021419 13291720283 -319187538284
145983346827 178305645881 334361225909
480924727233 260809582616 -301303682146
-485819627246 58392259982 11417729188
-147288419423 635084391755 102137985796
-116001700340 -208786530488 -88755388287
12224955546 129572789654 497730284813
-99892150484 -458438764027 134401402333
-335754280031 32571630694 -368072783603
374196844199 -149293328902 399748035312
94648707716 -24747327210 -218120107669
-157893734335 52090800121 55832068385
-206672174416 278511431629 171889764348
-88939992562 -216123606348 45232372190
-157935767940 -28039003051 -98865149878
30375129496 -359384400582 165676846092
236760013971 197845220485 -13278555747
-455411908269 -248122575074 205630564734
-218336964922 -95200490379 -660952131119
416290278730 -148762482065 64674631111
-218229310778 -143455606150 138249421881
-328005769249 -131656583569 -433437936050
-176204471629 95630761205 -110150997459
-120717354512 168328101704 -189173006588
160298987838 -183819532390 -69653876124
-215827666155 -402387829375 157005959672
-152212231362 407307895666 192446616534
48341253334 -276285194695 149395847572
40143897047 255061994903 -149880256030
-163007901791 -147689545736 74630347995
433422434573 -372480470422 -342429929920
-1012540592 -229992460218 193939635391
255398428209 -391275734228 -376994676921
290548746309 -437902493341 165645394032
132812000385 249028838464 -71859329185
255221711087 -183522418178 207615891171
-49109637504 158346464906 -364048071943
406323728380 175146377823 -282956380580
-239317744036 223813318100 346243859824
52023250164 -107333750701 199971266153
217973161103 -90604655352 558052979011
-78021242096 -398526234450 -202022907449
70828787513 -241301239151 -6038489823
-63600641573 153552945334 115327470798
-157027121516 -8446391765 21526986843
-548364785563 -326261722558 -75948444103
389951199021 183941106627 16805799746
-341906153140 401685664048 266412766572
500610832584 141412537517 342608634692
28543200045 302817203107 -91603781591
-143760933440 303543853110 -104628924510
258821004324 245448668341 65400577473
213079496842 -8240181074 -151267891040
316960163850 336208616542 -232648645882
218337162450 18037178092 334961747603
-171727297105 -192908370362 -223936903779
-21319836857 5461506104 -12354894424
-133709381365 -340643045154 -29695933619
-215049655606 -215204237902 569728055750
-423695733656 403472028776 -209016091193
230602712429 63641433954 -148304967988
102827264111 -298435132167 -382232677487
-114640853385 75113350401 106136353316
-183392596360 86062023683 148597024503
111652156865 331349162662 311136716275
-266046013898 607886540801 86567814617
186304511646 -88577229176 165459687920
-296542521564 -186149248332 175081969162
158284266992 -163517957427 332351826087
49058635005 208307156026 -64984826819
-114787438988 333193299689 186751680682
404665396037 91435398651 242028526663
-56855474231 -171988462047 122209799283
-41988803526 -64985924644 -58874296901
-184296064080 -39397861185 282765601209
-72843562627 -83508843155 -189906813269
-102486038344 336984826350 231045846548
-96580974908 -326655792831 645353457201
-701416162392 -136665449423 -56283626213
177693962264 143386342476 -122020222750
-351200213199 -367777415115 -171795368344
-192634643051 183365187768 -636417279235
-204155871588 80144365565 -444652220464
-96660654256 -73720180539 -201077188462
-231837500223 -279619144392 64686010291
606417874827 260983218613 -240384656074
187784573329 -64307335843 -20166933758
-124787911300 29091482136 264134091024
292334106881 -288378642488 -118161118467
215815892985 -610318059475 -85112079792
65694628045 -27363197812 -287263141695
-28745831296 170479726627 -28941624745
-323353881291 358836474486 76461681017
119340674523 -63747191474 -137818353986
169257668382 170671973125 225557333685
-287255654800 257607685881 -153413407970
-23457323413 609294160406 324839072584
456968069740 -129239552802 -329619362173
-5672680354 231918257825 -559386035646
259263473331 -32989529700 -218616882203
-103022473240 -96351242546 -314685521690
16395856505 83711548769 -286128269921
-70377652154 220225964842 39721749254
-56834432365 261791255354 -204850595537
-462473250998 -75443826983 -14241836839
351633920713 325167574034 -54052491461
341401078334 -157344792898 59049798313
-188815614621 -438718398864 -20053210151
153774184881 -117335138009 93866058463
38463118394 -106308757767 279256801290
327015154478 61402837031 288690566640
-12829165115 213213775106 343573229693
-372203120617 -8099817446 -60530971172
50561429622 211004468702 -193000592672
-97103027829 538972571376 77826472158
-46744962451 -254191000315 9082305177
59686449481 -26113303354 9982717866
-94585930425 104668134713 91719580419
17802589992 -338482314244 -117360714043
289975608429 -18042663971 -381566563099
126885360241 228309106621 -4072329832
-433172316651 -172886778976 218838484550
290802445214 349846963912 215474478361
-331922621660 -190375007660 415024790780
-230877095811 75599177567 -273369404285
544896061738 -379381304835 387920550332
-39053229263 -194981844744 -418606219076
20176189680 141185650361 345330983411
287347788061 -237698098939 20364586841
-7401089529 109931798507 -83096879610
315496827303 77088640315 69149091353
11212454041 153172952527 54978556383
-236880921616 160778736835 97863817802
-520017133221 138295164010 89993701742
-173854584829 -305400542388 -112502789310
247847117922 170124204645 503654920879
-235202665837 526581018335 109751089185
-146742649443 -109560960874 78656688154
449150611239 274035512166 -206298251710
-60388654049 -117013124210 602038770582
315665643611 261147553314 145740653040
112702964557 -144765633328 -119890785741
-67364006012 497650161697 -350378582279
44210339089 72031602442 220324556878
273340985565 53098459567 62909544304
-120900430476 86549855157 -392286276729
41016061727 -284847614110 265597529078
367344882509 -3002475012 272645661540
-172081201516 574823426930 428936058531
189493339488 71288027636 -435865255799
412008025086 -303337478693 -11701366136
-104183293703 -134697265990 -8087381557
-217058901510 215854852554 2018621318
111574568105 -251465227127 427853972278
-143810665694 -447350595430 -70352212962
-53259461443 -98158530057 -111646937227
-168234197131 -274854822025 137073241685
-423475861607 -160410476465 -93070071433
485023856264 191912968780 -215957356563
-46590340546 24059357260 326858902071
313096817026 -238783712564 -118839481713
336046281208 397098400769 60501816195
-29583805407 -268694165500 191214860854
-16430589502 -512212718261 -499992648746
99972651599 89638193938 121063096183
-365564051488 -121127391376 -322344335156
129200680942 -121153001193 21005354500
184382492714 -449250674225 349461248225
-32962100318 -242178793496 104874339702
258344730900 -65192493151 137437062089
-361582476531 -193883473577 85307232053
-207239448813 321092297340 -367869576134
-235462393311 38798145022 111559972027
454624727910 -61215418587 -328281059504
-296245455011 -45853424448 234500870189
-209770234345 -118459034656 -94777266109
-1039628949 249441819298 -107762780383
67000570182 491956545914 -21045033309
-161827725206 59067776641 -55334988219
-21680791061 121392829712 312249877836
251304678103 76833725565 -251476600055
-110869902776 218220441108 -93887146266
335942363949 44518272436 -591930096522
-317337551762 98333967046 251845292245
361308262530 -387340888028 187306742295
155288798505 154343347011 315609946841
-17743853250 -447509895081 -132388354664
228340434791 -219936780972 73365303474
-581802786517 -316778475443 -302061986117
-52461254046 -185330704704 373661972799
-295774096897 202821460382 -63794463719
54418247924 -518724451686 232849395008
-292352762507 -78530401031 -181445524014
172650851254 42180870628 515617634
-115347727944 23424526562 63771647143
31154138101 22772656667 -233544018732
105426724449 -262318534105 -102109953450
-148933494807 -218501961591 255241673140
-36342784184 58981383335 196115324173
437904286667 68209173523 -544612168820
-404546240634 -174733556054 -83210768683
262086333073 -238571180533 102513749815
-267376936950 -81992522487 113062999622
-214743438629 -48242041737 -208020000624
100246716038 211875926601 550677525296
45371573755 633687316322 164048043939
-528249484312 232973947899 -199910563440
-317708513222 -175318586875 343959448417
8316406274 -68387006078 174878658834
141428256853 -21395414084 289947882341
-583055643858 -8529419079 94049109495
-34581127870 47106661928 -306049640816
201376180225 118505928481 109684338044
18639338839 -106776275138 -451013027423
46264042033 -743741773271 83104887264
327725900355 208399285764 31337123083
-156380546702 -139309302111 -308206471246
-49308705867 211124723877 -14645525605
312982509801 -235808606578 340425485003
330696248222 -277532032980 -411793986525
315939920843 300173376470 109839780593
220937150642 -199292105514 173827736552
67531382829 -115664533529 -135076793031
-333485902045 67811224514 177125837636
-270143798944 377329653701 -8128035008
52105364471 -4162933354 -328853510284
-119269328292 260948808109 -162997293934
338232708396 622850081101 -133579884866
196751632140 159608114924 -4158383787
-124745463123 -88548754034 158274710365
304922862645 -295279247229 2822630741
69707188757 220433030407 457747149766
-227065957687 71141783890 -336565793022
15194835420 -324630778155 -292081575953
617740125343 -110756735447 -118620344453
-93875016289 -238275540449 226478945636
-109219832682 -205179946866 176234982386
148073635418 40343985492 473291823242
-237272644889 -68256270177 -249759571567
-26467423750 112689751055 -207139091808
-127007547333 22201317060 -92016919869
555951372230 142454710091 162658805510
-383662801652 394841203381 -173048664855
354677285215 436513387109 161407316855
241595918925 -178289792182 -412117237476
326309984176 1487859543 213564528309
-67863181393 -222374239774 193995895663
168864272654 46843829507 300967032123
-14672782643 76897532085 261043790620
-87945178294 -70001271830 184844972634
103168697824 -355810818759 -318851063377
-58391462906 142135233822 61066028152
62280004853 82513353620 73118351160
-323630965695 429459838841 127340629804
-269271928111 -433331022252 541512448979
-4815440546 -261449426535 201585478341
-207666462897 234450881264 44069420712
153789972493 232417130987 -86519627450
-52791485331 -97243714116 -65813475147
130657220468 -229634585741 162683162913
20405333964 710579704780 147195262513
-238125380667 178611018252 45780603336
-59696682074 124036517329 613586866950
577634976517 26081862859 -188015796298
217155833834 -46748307067 428137637408
-453168635372 25542009661 181760562166
152376068543 -29093837681 -149776885513
-210073208184 176352118821 -443154656462
-9903304820 218259592120 -59645124658
-293375282671 -11781482754 -210116020909
-336096849339 -353581347796 -25942852574
-49592452526 -140652053744 -277374366003
271512843841 -193851730555 333165312237
-20350742325 -216209364328 418676331913
-268497684531 -400664732860 115902946817
-33533363891 107915881771 54882657909
260783239189 -186065664958 -176168354810
113982206259 -29465934270 -228245706560
-452984096761 403061915694 503962880465
-453156535032 -198045457830 -42501048775
-79000269311 -511434925563 -26061551045
-106364629367 -50163841658 -260374594838
-12121492088 225808263106 -70507960368
128830101370 -128746612928 113409973156
303346279472 334620431791 -46288563959
-32127134237 189938405484 -231150113149
-480933175800 82763396728 -373540112064
-65210651696 -59547804056 89370936941
-3132436718 -611896052015 271164623306
-541402056111 163561925538 68808505694
242945108128 185032073688 42319851026
78404549210 103129878476 261741225160
-38975971509 333694359075 -96470096005
16542332037 -65567127140 -275525693605
-400624953488 -231529762970 3940069768
306948291600 -74119158321 56479973534
-161908086866 -239691340469 325415537355
245961348852 120860275615 88279607982
222057766334 287665785536 660109573360
274750558685 -325429232158 57883570203
-257021803299 266094381763 4761908303
-131869170249 -190564244454 1985330427
293228871472 -88462405785 -449679663423
34119125406 379745535999 18155504621
276023611591 151739570680 8644453366
-481922289179 354984695893 85527763019
-8984817978 5261961373 226814724816
288048773560 -394037752952 -17836218415
26539542346 -4897390791 152353598455
245133062650 31316441444 106770953387
133809256040 120016431060 166553118621
-41032474704 -132688761497 -468826826221
-624633834270 -69192713482 -265769069808
199510064226 421541595007 -476900964619
-79482919519 251628967972 477690812740
-17101996111 66032696388 -161365595423
-262791979238 -81631243331 218787918612
53719089795 86357631611 211126550774
135774512891 504145018143 -116746489190
5450944000 -457877754308 -31123898796
398781172470 -325136657938 129874955223
-444970106542 -52551569968 217768156481
146487602872 30902880371 -223753442685
213469420638 -134395003346 -143340141812
-240142674532 -122646093170 498947092653
311425459879 -236839156880 316996358340
-32084590930 36844148178 -338345672095
129400771358 -221256354650 -88239823161
276410692031 33259769929 250756399617
42799786389 203043269082 -22248177096
-92876328271 33900572413 475531786518
-151385537979 -224501574987 -155228207348
-339298332110 -592512729320 -77688965818
-364344533210 235916628539 4111551133
-214104581781 -201984528553 -269772806188
-27547232634 -358349676761 192806465134
-61280859466 -368809877861 160646297619
-115352243378 -100082224633 -202319508624
643470770155 167338588583 -238830434029
-41222651099 -226639519357 -442044545984
270526775131 249220736435 173125937100
-506069766937 45923081796 -124246834125
47774316656 -183602272944 -242732780716
73263882013 -120516096461 -425853885347
122442661097 -236255138524 431437388418
-301866268785 386455959977 126556633949
-134291396098 -439545387246 -42324490963
-129839201632 44752160419 128289875995
269775825141 -264645745721 301713626098
-86947174595 250595699108 73528265081
-90209459225 22883389756 202778989979
-431913726074 -526287825864 -176294837878
80153626001 -450331621902 279930547420
53822200632 -213015135008 -188483211239
315140490441 64044050645 -384708766143
-172615917975 -73274843508 -222570192376
120449450660 314296847087 -251760551078
45803347381 -105692912905 124040807309
6678329258 -53003801930 338462501330
-381517957127 164759560004 -329568283787
53962184506 -210401234972 -217580773794
-187793891874 -71368139254 123204684454
221767139047 143937121687 275635586361
103216503399 198629864377 108259418208
-206999705702 382621460305 -46163373730
594792416772 -263617897123 -331442802925
-134807555122 6345209010 -305535436463
196721723848 -304524216248 90219660428
-152204317944 175976182622 309350628944
-329357019275 553365915670 -318881330713
-458558351985 188575848048 94375294527
-116145016014 124984822702 450618896109
71489508761 41174824166 -387172574051
-49751661991 268691657648 -16398085646
48990435476 202555843217 -98277188400
307851443784 292957055332 -272030431055
83366978303 188456533871 -65367420255
173929170856 118084461659 60184391215
88869763251 190064468310 440524519265
365850122843 273553083674 308183552175
560910465962 178794888872 -38296777731
-78736390894 -353429668900 -94440033998
-36998069283 29367888149 203379384997
-460299881034 173484345276 -109160839698
32597393861 253643096161 -95170970661
-164957123172 246750308327 363484045807
-10059661471 411076870576 -389106528278
241729554410 -165100100091 214129937606
-236415934689 21857630127 12650883955
-227126834914 92604139495 178065903516
-62661721681 95422396871 64107426619
-513281701893 -107609879812 -24541731435
-108402781524 328710904566 514304649259
-319313191168 -495078928735 -222606675447
-219916571007 -400860792413 53956644737
386190191712 -117126076782 -141902803023
-80786986358 284832937152 -518175493780
-89922886833 87634838982 7498447184
24932113705 -48272595464 86010798521
14240477734 6715006716 -250382298667
170216431133 461668247390 152410748136
-160083034565 94476006312 34997082651
129958578379 -372163079669 342097039823
-371699661507 -160114995225 508449365364
98745420903 -267469324523 -459620404571
426819055119 109565647780 177912475631
268621360116 117251122739 307583780232
-321783124986 263239725393 -176224939516
-348330605469 -213396764934 54938150846
462801138350 -206435983022 -17987759649
-19969940598 -277061424095 -47083173971
-208032241291 -172670620461 255590069017
-112017494796 468742446814 56770876353
-112476149329 167348160373 -23403070584
-134632940761 -68592599255 -306726995298
8607220974 -146271763740 -87704013355
183231148329 272469174845 290094553800
334159118005 87320036915 380906485973
-195278996022 296934055246 -195230425279
-170242010745 -262811801912 37957339699
-48248228271 256175773081 -289176502746
-71180317630 -224092284064 -383539446447
-159583693187 451792185969 -54333041707
89565681311 -103251601249 -179685910330
249258743105 -52063365833 67758059499
-236269388622 378482547987 -114736967029
508848845636 239292444410 -311588505336
303748681593 -166945340372 -314536234476
-481355383897 -239652349423 -195864227
-189463227195 341331628606 -71504413011
-99736389904 62034027885 488522239624
-470762589207 -310353247310 214203297540
-703702699098 128255789526 46668506684
89062568335 -41591547132 108689440250
-229096571390 -35378464807 -611011407364
-143925266003 469937179550 191399364266
-45395027515 54530814946 -143155040551
8737129981 -39164879312 344393517067
222895076381 144752919269 -130463621793
70532927388 -454435585706 -306948002567
298814709957 279749269216 -46729627572
-154266218677 247255518709 -150780596786
-87305031095 -340436275164 -48571902011
5159384221 31959003360 -272184842121
104180719799 -257961768759 392029499839
-70295054532 183949632795 126711372425
-93418289562 273388624958 -93347140497
-375490314396 -475401455156 236612907506
-112472186163 78811584397 78474240797
148926194537 -29510271002 316380344541
120623758442 -218376564539 -98191098296
-355725217415 295128942031 478479515914
-148192017797 134615329128 -514745187997
-65965291602 -267430576429 -285067743951
284873806562 -348214660486 -49254634348
-341655922423 -10626780863 -277811772190
-403198619821 287376870632 -279139117500
111118191181 194356577142 143669739923
-229025502368 -413613731703 161257210972
98462693987 229081202768 101840407770
266619786788 234805319185 80791158313
15171606460 135387468200 -56992418223
387960176892 -61134065925 -169214338569
180042613255 71621459519 77530193471
-76330762051 -220624270626 -378167914355
-287993406013 -317194400659 140017579962
271988769077 -141749119454 -126583106106
-338307409513 313195934185 150607294524
-79975182507 -36369220065 -407046573681
-446201849123 -176267950082 167976416789
232697029134 -376052511355 245698377709
202872623789 192789470233 57361333743
199564263462 -208124052562 68113149980
164291742976 197592824776 240757184267
-297291661171 -169868177747 90988597517
45514495825 566458914812 113389082145
-26207323139 212255498910 482258735
-481271826377 149188938293 -56801795627
3159076084 130471991602 -669432761011
-697982294663 1901563389 131524054818
-5536261178 157055382026 -293501232476
101936402347 3282986268 265460658135
-30102622348 -150327435387 -66953425928
-278347409915 -160870148247 33239427897
178517973615 -583336460177 203304350710
-280338852392 242736836252 -8316698286
83118832930 -216965551549 -533881536441
145294383803 -124375597851 197375307439
305122728517 91190731164 -21221042297
35116470475 -278045091047 482481657402
-35111260554 34500947174 268771912823
-110031088524 279287123593 86638106805
60441903669 293776834555 133958071876
-341597630701 -153038668938 97701557430
239839525713 436524496088 338584391105
365943119932 319024357666 -241136573924
-677198057460 99885756185 -288010448603
55337203388 -53189586594 -48024668711
-199839960732 128513173391 47964992267
-52361582263 -64015910022 264763211351
-152312671212 147242708781 -528414140732
-87238306316 343363237029 439008778600
98235836356 -243689608892 108315055442
9617203896 373504258118 163949377908
79668277475 -103461834853 -280779219332
-124622441540 222954631262 27291093409
83251792641 -493911557696 -247422102891
-458647243758 -70060364543 122208721603
-177577600569 -319351967251 225620276728
-33294335581 268291441250 -258776786613
-222233595677 -207601853013 5516184331
-182120348868 266203370970 -114550133581
205438077356 -47614134884 21112075904
-324489794179 -95570286785 -324653328617
448761905002 217035605289 -90852206314
-506728838985 45517178576 -124846839503
-66237587759 132152987496 -170926072470
-106759752932 560528216499 39265028367
196538962937 350732910177 2539672619
158609316190 -110363079228 -517079675590
-110059922394 -265417319064 -8303435134
218821421849 -176118180813 396716157500
-248701767080 -58142232617 474831151870
71098239133 429643127099 253927555949
-328178151350 -16146500707 294584380638
-51761979898 147250050494 37277433467
-210521047406 300545912435 -153266283365
-464860111457 115672705796 5162642992
169313703236 80448124787 419998961194
-75292508823 -161186069872 -127609433160
-4789773290 457925563222 -76447383899
304876349024 -401189488227 13835677338
285081167769 -277372913974 -357399868010
-28460276963 188683952851 -217455402454
-149372792393 64633793415 39436856226
76608922327 148073608117 197618747939
-360996932174 96172428299 31096599007
249724065168 195625085674 104299611818
201094855568 306273774505 110881585036
75564750916 172127624240 120062405331
-61885689320 -290865681027 735021289756
544326988858 287680085564 17940821556
-85920087149 326442843478 80567902372
128144087441 286724092282 385907395725
288399507484 119677650885 -176403129013
-3439680520 -3234633048 -167789969120
153907395688 346321080602 -189377433684
-132392329621 -327252357987 -30575162628
-455635035396 258452494946 174214733354
49362945132 -19156840570 -149750327635
631874297230 76034400799 211916727128
131332524871 142088733705 250588913830
164613934052 -449789092512 -122593096008
-25563156549 -503849909091 110002207174
75671189165 229724362201 -644899346470
-325006072207 257606973237 -62647931131
299306986825 26767021220 -65463323157
45296845901 85016958827 378503922100
43377989981 -5884694074 -5070063104
189580503962 59461157064 -125285427852
252329392397 14441770472 259986730293
198311404290 -114352203393 211985146000
-584411638682 -238269995010 212938441719
244989270533 -477729377188 217578913749
208133177582 -57965553014 494600727476
-98578355470 -44438749790 99015501319
-262757884207 -381520613645 -277667455875
14482621726 303431895406 365615794236
183238004731 397226727566 -350687231367
-288140733433 298526728667 27162190969
-129221044312 214846445647 -14814363780
200591701046 214962238131 191123045958
-208097763896 -21010152670 255467770945
340826271798 -334569002347 -295830275300
-64906416507 59706331266 -25202876214
136224963892 52502793806 53497908955
247480795216 146497440823 163659324679
96843114377 16654432 -75555344586
-537272102183 133646627813 13374300666
-38367169762 238898925259 209972412112
208120001295 548859166714 71564083370
-74929730725 188746277616 -196692917462
165193347559 217945684809 -75968433793
-158928363537 99846598676 -426449842723
-18268881793 193358156757 191415083382
395412215535 -339320325887 -227526793949
-190101969680 185503403979 -29308719766
-346323449382 128275377151 -233556119992
-140418598498 -377094772049 -392536285426
394375967238 28163539801 -126918934058
176622647377 400151513670 -612314233603
-322325263463 -153406406982 67843091201
60111227472 158248008211 -188713192016
-228133959107 146449971293 -542201042624
83268390706 -250262912773 362874540740
-84421693693 -510963914752 -162485909432
253625062810 -110104138793 -202825606772
187559863377 71405865896 -121792479659
194839680113 -173966794120 -3804148873
294364688395 -141136614468 426919111938
-96930040353 261933370837 -73337880501
-472430835580 -377565455509 -51506111431
-115831374932 28403425830 -32888943828
499252143715 -351379892808 -268230071220
301577260015 306425646613 -127320831418
-126505505350 209923651194 388471791846
7838658106 255834180863 145930575082
74712776854 -33488694609 259090179359
-34446076204 314866546713 237429108472
-212598991609 -203443844044 169716222592
-13741445315 -156154678045 -365102647389
383941796134 -288569920162 160455967323
364306177296 -72405971764 367624933905
-178733190804 -353396697769 97721591378
-297223236320 -59744493030 122183102363
348708221703 -524006144567 -145610481092
-375295741423 -443100076244 76119466531
130807392458 -148520681851 193463310334
-182423504402 -29324704575 -371472424603
-444510410577 -130410373449 199786183223
-158251039341 120480421190 442788811607
35610982150 -204401502047 270573680213
103404767836 223269366797 131987732294
85505112129 -259354587358 -155024448870
503561418747 -34826801205 -6850024763
-411301220763 234316273991 111292153419
43866054783 419418813371 -20212986136
-190759297043 -38990113022 260634272486
-58435064076 -470845171914 -85052525893
150280179106 98544963880 -132140908078
118499184207 44264149849 492933262069
-171322879274 34127568514 103714890237
-251333756268 -508682843293 262699949320
-473567855156 67776392307 211748784581
125272013613 -158087882730 344262061923
-125512040110 361076364497 -90289647056
-101728051135 -190006513832 -322320586659
307043316340 88790184501 520839792406
196811203521 -44153683855 32841824115
5889306272 211758238396 -389870045867
-429345783489 -100120052889 234354448794
172952242397 149306327163 190809813797
-294434568701 253901669072 -49949745389
62840753808 352396546437 -10556403111
468582479967 -235300998907 -87092458370
277806365017 -66561996344 487837848714
208549378495 -156112585959 94985628950
-375544536181 -559418014710 -314723916455
36753398059 -21526089894 -433483669405
197904157653 -151967746184 -145273821935
88333444791 -260553736405 201627973002
16742386150 -297779668935 99441718450
32631523442 349923692344 -68631069272
397904386550 -79357842166 -364629347759
-76218184375 -167967674695 56572156691
-233927125930 -150339789144 -291616698318
-17385622068 -522845455178 141505240922
-125547308549 326885009657 -52683015468
214330670867 317116549001 245741776053
48013806356 294353877359 -472724480633
-77918378721 2613119363 -32328314653
496742953667 -190616317622 -173417700266
-513576750286 214069373919 232773947653
80899587001 19402445275 472689180754
351217606177 259116468156 -196254330627
47825750532 -7839066933 64422469659
85027278014 -34651015326 -150741017630
266997045243 -360627564059 5647555323
190970027539 31710034776 453632948758
270523551588 238795625330 162745825511
-209831791941 -266348440922 -43308195089
-106533833658 81497086074 213674729131
-311422051856 271865803012 -33151492295
-57823661969 301113455970 304245445285
210355819746 507329255558 -180287384199
-243354915940 72556551494 -169436554873
336711810763 -196350191191 274338230938
126191216110 541938479 102752788772
81957872278 -567773647069 -100489370074
258442094197 100499459579 -439130582238
-445932629876 -292030760261 -54807330403
72589801829 -40614382087 -382412129092
216004326067 -53942631232 114287151505
-468347774041 122398221950 212832315230
-61098164555 -191994305017 -175496415272
311539020341 174248002734 190933801042
105457895111 -151864802674 485650484272
-269757027677 358648489449 341355364255
142034254331 96448498512 158257850828
89165971219 -582469077640 291285437452
50882211680 -111486794997 -284532037061
-96800894224 -39208851740 -308495646294
6331479646 230297675599 22338143417
-371582019624 -13918037618 -233253644611
113414913556 250619986825 -62598082941
-561659124521 -12339215689 467891057422
77843415797 68016128922 194130677143
-3336134412 -288472705055 -179021839013
-9200678603 -277104638330 369297690196
211860872875 74610018772 168466619065
4390387692 -292393939264 96082275420
-582364063515 -213507026317 -275237394786
-174650069545 302262998376 -14971622688
1499162357 -239841533810 346018401708
-574057692497 81417388530 -177543948467
437101280117 233496420120 98172575591
11958844799 175896773293 -323689712317
-352372323860 228207536719 447905961609
-219083866977 -384008484785 30396936937
261521668101 -37593654890 -91020945984
-163595378307 128455775355 272224191707
127722275283 -46672042743 343507146114
-174216909638 88312489347 104064190731
-67250588736 13498527528 -9322304463
185966700634 -520746609157 -89554057558
-15707960410 -415997936629 390291720623
-173248334166 -207193351910 -380612119694
-255827530286 -313950884705 -118141193642
174509976408 -192474637872 -48146400859
