# Packing of N=114 3-dimensional subspaces of R^16; each block is an m x n basis (integers / 10^12)
# m n N 16 3 114
80872614063 43706801606 -230580118977
625187700078 9047577656 -254505141100
-201679090536 -28822789839 59200947400
277952160420 5863129439 148744072267
319106613119 -153829447891 -6646519558
16282590180 208434064270 297415036869
-230256978944 218899255416 -278292536312
-194877385143 63419886336 360021801256
-126732984726 -85787070045 -134893820064
-7601925438 23440400972 -456105412264
377812308604 336857244583 181914376839
159886786688 -550210686857 -233457313226
296066876337 -52600478824 335068319702
42146154421 17375162777 -29402506577
36435228713 615994825432 -348050836094
-128039418874 -267326943241 -113003358360
-211301406674 44033282692 -144778631992
101018877295 672773098979 2117704093
-108605117522 -268734085699 -189720730487
5722543138 -207547043367 318276214769
141882689354 -158183525465 151735921144
85324184034 81237353566 414853991784
220567467567 -296857672017 49992670417
75916201316 7118346345 -76575378310
20694939174 73652593222 118123521626
-209454582489 268787033954 -279258428600
-21552069641 -401040667254 -197223046275
111996265181 96204851768 -274595049989
-430902030194 -147884783450 -437071579573
379192242973 90358643215 -369383669339
652487962856 -53346737650 -319177664955
197443347426 -172355235609 51596785212
108683094402 -49291609439 136684176666
179811316702 -365607186702 -256619998022
224560327281 -463298498304 -88103578424
-277393669705 -195475291983 487138796072
-366587198486 65805470813 -153823641942
118332619627 -116784542551 173278434309
656705987697 165705228321 -30660901200
72612972202 -151102382274 97108448197
-103694253188 -116239871364 -325024845626
-102743880895 415572418998 -77965816151
208950350272 188837958662 -97282910101
160384270092 -44363149148 -449140932636
114401149510 119399421028 -75404829694
177683029286 -201670360216 406541586925
304808032619 60262598670 292318961970
123685573099 510282028377 164366081073
246747339145 247881073098 82216953931
-121528437125 -168343048200 194769170361
-282640925745 -194493026170 -179452044680
-228977284463 473143460886 189118669160
20692233857 65165870178 42165238684
66817350796 166424972338 214962745982
279044940170 34307986908 147450178850
-304563932594 93678064950 90279053963
-445925720437 -76869186455 -345614955616
458075320365 54791922995 102312873759
159498322127 -46335955413 -187320072818
-303078647615 578168129956 209190288010
139051235909 472207282664 -699572808538
-86115154726 -156133879114 22735946101
252106660800 83802070845 -180777652163
-14971376997 -83127089712 -279447808876
-107606303538 487668492620 -189807025998
318061108105 415993857287 -198396856732
339369419552 76367162848 3008150028
193023062200 44068534118 -159223637155
-124130313558 146165291364 -58137863690
-239665477537 -215560683837 237736460262
-505971518047 -184389441186 -22756714203
-45840229198 69458836317 -159931431886
-445830884868 193599521862 -91256302100
212926730080 -129393671427 119264514682
-253285692845 89765941690 -495925150356
-189708688961 401514246999 370792627449
822665813 480594139098 303086438277
101913599025 -128892373835 -142950775832
221495240891 -54316337181 15979579414
13376494027 -25894574935 -542884769586
63489676257 38218347572 348248505287
-343872777003 227449494832 223895835974
-110818364952 -534913967681 -178333571687
-60791356039 -401846443733 437124290741
185173949915 161258373400 14983455486
-144610122451 -191410453987 -59040818912
554685533035 131109627297 356811657686
-379144863566 314573792402 -66709993881
41035231486 -363525624557 -12358598288
-224917266701 35360237867 350691161671
62514753904 207849491656 -3271337025
-106184637335 248562563792 22800398659
-93507408629 -267478369538 -20454470046
-507453442983 28460052486 139149495960
146151827967 42216807382 -124924617467
-6928208230 -88775226893 557838065214
-92327762826 281799955662 145986642158
-483964146868 -226448673467 -396470478821
154503982200 295731355679 -183948886012
-304710462720 289046890495 174288042601
100505163898 -392199515574 -360311480138
125746516959 453448841826 -284069749502
490619826255 -221250352733 -33538549355
-17740056578 -16064406886 435893359812
309103282491 -169863461159 228212799350
255357270489 122295395946 198883939831
65802313948 71618743255 184932101174
-119169314457 370679403585 -94704087748
196897018494 36152948456 -124232468191
-364887356366 -310097851717 298133170997
57013709470 -59339817256 275085427610
138394788448 -48243098435 -202098908157
85649221306 103665138583 212585876723
234455455487 -215273729812 6440324433
509991505422 -435231675173 -255984570991
6133092450 -68051638848 -179753920623
162317435316 -136751896591 470766778026
12110629400 -126244252105 -138188392663
-236575545664 -315968835621 350216088940
233819914883 -193445418486 168124970537
92680418469 503072448622 -12617907643
186207749865 461743541131 209386798812
-37817306525 -76365072796 -224100845417
532596826547 102057230062 301119832836
-295231725459 -9345683943 343044731291
88957500665 205159905601 -41622249213
187052527249 -76670853992 298484707717
286384654463 215323846396 -268122887970
-116763918321 -135541553855 -168577230417
206988654240 402467678301 -127594910392
-33661914153 112549924825 -24252535207
539817169746 195044915140 -123896475500
193621990128 11881101825 -422884099406
-55678799515 297275335490 -203957596536
-181569726780 380222486823 43422584932
119019508857 -133606526732 501194834251
37567421201 -210981224554 116307112914
500717867585 -380693683847 -15156090653
-74044871581 277511579007 599869772858
280591657468 38101823511 34797948156
409926155498 38233025017 259986331351
-24030148085 149271963339 -129485261962
153297547370 42197153527 52593518387
186553788269 473893400438 62563501581
-172896968634 -376377180381 69671745792
112120743645 88147332155 94419777773
-7220755430 -246687245872 -370822472162
-199314340079 194190009196 -130344466531
105749524699 178173486896 -365398520980
-34139942901 -81019707633 -102995437806
217861477578 -1661230971 511701790126
51867469371 271654992087 -4509074274
-23685410871 -49279002324 -5577384825
-408927239438 -446060089185 -252298254246
-489781514953 105359609686 291233010231
198199028388 -34031693295 88945831096
54690306725 -147700368148 315162855187
533117120142 20989814959 -319197945350
-346207011929 550274086806 -220249969901
35205319371 -318091750403 -140035810400
116693613793 454861839499 -89978710172
194455985554 -298185555389 -211543109063
167002724565 -297524286173 233414702929
-140716410992 -55730093704 -147316807252
-336145037854 -128181885845 423016519875
-155662987412 53494954569 127911777776
130238579811 76907919232 627765992523
-68623391820 229330138760 54642699303
244221794145 -72587149848 92277420043
206341871887 376119654014 -153238502504
204419741379 -187633990596 138979363535
121667597932 -358599821685 207150679419
-61161147928 -418280420719 -285767957586
412657584876 -28066944489 -68737440495
-604116656714 33016592315 37961896964
-210207399909 -217688990568 -310701173547
-163283264956 96660066274 441030675413
136276759457 227406558364 -175362150977
-109733076343 277539320245 26720493600
532323919617 -19026757581 51333724574
281096871806 40089214313 111955889718
399244404177 -143644898133 -418638324660
299672389835 370745895977 117350245163
-28713142134 291037223331 -75127952855
211806714376 222839497910 451418506377
162205027998 222576412926 -103711917087
174636733136 80981999153 -61416893663
-299730562034 464344018457 -351409916197
66918338140 46557614669 456482968146
-281406697991 -340055265181 85110147580
229805353399 -329060987448 -56612274303
-48273570050 264006304847 -59684881933
400522917762 -292419009108 -293351889829
-360432095415 322727769991 239802138994
-141933345719 -273827642876 149023190792
595132910916 216725086480 72481880439
303929599239 67167530500 -55751552646
-111179124053 -53537409979 -499737010187
-60099403759 468440346904 -233698218688
-252161517455 -302371558006 -247362367592
-78879845334 243693868051 -111021027399
184340832286 428295551031 -303552026082
182766540665 -304147163887 -228309518043
-7445021036 90760362133 49804409450
-84337684510 61764055847 -237005962568
77189601039 5051329813 202073483834
155158793852 107657670395 144293728570
229352419878 -105577979906 428285348373
-171929397641 -111283746917 -209910560768
81365397762 192948242664 -56275004039
-27226002762 292140545611 1424134390
-48911951337 -417199009290 -5439440269
-335418066858 8353097464 -115605895638
-125589280290 365424580750 188853654505
-187409522353 -63248933456 197807108701
15972386456 -429039072785 -544536509753
102610905088 -20512606308 359043716406
367937043426 -39949908008 -51354989799
-379190786263 -76006373263 232117054489
259788392666 142904133696 88060327849
-647655865214 -890735769 26382876776
32309438766 282652942414 -297944830465
14226343300 197075059321 157338485754
-138362536208 471549105531 -510544537936
-30011272209 137570906967 677280738360
-49760970577 -502337304302 -85429556819
217316729086 -343295027254 -110345619294
110668780276 -48515611910 196781172740
327999118774 3204206827 -263385917321
224192348569 -143159246405 -177247982784
71941142117 171613907888 15370800955
205608330735 220562567776 100349990713
85512804150 42023983283 -440941866532
732000403752 -15122397629 153013892821
192618801302 -176761985590 34292957598
200504914773 -103226639722 30958155242
156028798248 -380411966355 336907114218
83391338994 13680793426 163591118995
-167772672948 -458158562219 60412470870
227958460445 333492555093 -90015086451
-427320286606 -434078500980 -295197263471
-47894577007 17420386051 -28466797218
532293708038 -5607411653 13412558802
-92343817626 -162812078015 228598428421
-243775992898 71148294317 419457182962
-51018886541 169408515677 -132927710606
120606661716 -18709573693 -342487208843
380899291818 -305344433061 488761870281
-223834047967 -145482611072 233191298405
-76725319442 -169893187600 -102737118609
-292776810262 -400445071481 270045538400
343870327866 -384701675713 -52722754006
136510719935 -96873059382 179266169882
131555158823 -523329826891 -348612888876
-28539918364 -112679873541 115415973172
-69782726562 55234068030 -46752418427
163236440937 -262028467829 -23094728831
-41563474882 593245378111 -125993159283
-176333997352 -19891062344 279130666707
80785295637 52598853913 438803986063
-187108866505 340473250680 -21312159357
2922824157 -356449417024 -463153810123
-316743153121 -224300958871 22138534721
-280791870147 36831812925 -404020792742
426487286035 117127721046 -52916621822
459893898858 88532546803 36302286342
-173843853987 276733539465 -219060879255
-70143171770 -412895869989 -39080664128
-347825105320 -48374169069 480347137392
-411481790306 53378798697 -79269981903
-4879991642 -9814815981 174111186266
30966007854 -87669450140 116086669241
262622662015 -297569581072 71435273555
-523589231648 -105583197750 516697648652
-334468829804 -146384106264 -556722994548
194268700461 -72337813387 -61798919631
-160421138098 94279208231 177110515788
120134881621 -173504566603 373285162313
235167964217 109854003867 264741539549
-55807568127 -170888598695 -131212769915
291724200602 -216429843923 -169705820617
-173496009348 581196911685 -97872603656
175030737567 425906669647 130437755967
97319548896 146492113341 -205349335734
-241853999829 -91618195432 -71143745569
70371265024 -150891232603 -178518800434
-48392132578 -411308680234 137031089797
-433116775923 -74533225034 -53635224505
-316725083027 407609986248 -3072713356
7481638715 -240389808403 -541412623235
271655246352 270136819095 170246554354
-194323491266 -277741646342 -175632739844
-250232294146 94733426281 -323382992685
228389138831 -72071731810 15242776057
366360852695 -106077564574 -121441299109
-13734177287 -315995285251 -256282145864
64653127553 -149294821393 57614144442
-244719937873 164793850088 43338423976
-252459809354 -251165726586 458841577879
154306742233 -367473642106 302437705210
-230932879887 236711646581 -184504928340
-404706032700 -115846406872 -56256502482
336314527015 424771347754 -93070074080
-238842046176 56813214431 329733350700
78330066597 208868554831 -174310484447
481660224834 123601346385 113368769908
186638890550 -6660883473 446140106813
46899457979 -86957761250 121248790022
-256352141598 79650871704 291583316617
442658555250 44679354561 -103011851105
147473834924 -290526179423 -132477086939
120944166294 -105933035717 -472878396473
143754368852 200770451768 248556672877
81628915012 -456514553077 360526405240
-377416517506 585441804795 127631420267
461750712285 416280667669 16761461391
-73505186029 -69989989773 232411922254
32908021585 90834420576 -81717342876
-85633681171 158063882836 -306806287788
173177739766 163227280359 207535842996
-253063277276 -349464010176 -53654644179
-417872640595 -374665534096 -31040404127
-317055411182 -14022246862 302355422990
-368488854549 466237824806 100217862181
-274433135904 -19118326392 116104798210
302612686739 -263384300847 635459207821
-341261761264 -101316894045 205036735094
-15581488437 219949570290 68902468946
-80166904477 267639814154 376891577238
-102963648728 -287525964534 -94418458577
185041023572 -118375831121 256026602080
-257052689747 13561267536 154176156459
102866609074 -150474322500 -278084154684
-278142899218 -10084973201 15177598715
-167139493826 233513006609 -322239057183
-90651939975 -381804970103 -94539556550
-89891787603 296203001237 -136711425396
11722983936 -28644774319 -94268029314
53028140903 262652453659 126128785685
-21232649725 429404126099 75055139064
95809027291 -78652539306 544490209294
-418284277159 -176360781991 -105072683280
-492860599747 217218067057 195545112748
49034040259 99407389417 -70281847124
367180587672 91011037711 94940207141
75447438984 552993492579 141141311440
29455414202 116753976287 249860211928
591806090256 66786165135 -95588512444
106533721669 -427785561587 57349039828
35996706682 -182542741606 682829483631
-28156837874 -113798045165 59883106362
-232396731356 47593591980 162977574957
-220546304289 -330823504645 575335101771
-65220331730 112709932204 29781053987
165631242463 -402159504672 240469102744
-119081377904 232111224809 41603984830
12190366127 149458484292 136207502107
-603214315909 -344639692168 -114109561133
455641784298 9595449167 314254429536
49216301479 -139508102894 295193570764
21265088038 81549604454 -144622229512
447828505333 -173865777701 -44998558578
189931115577 251849641724 11770661953
-31338794712 419452684874 334553977977
-77923412635 48941578912 439366008790
-170571320372 207904141958 152711799718
-15552991657 -96875822117 104405210512
-240783523274 412701676623 169730841770
170353227564 -19593615911 -103050469896
-28396536670 283387187448 83209194906
-176224979408 387179457446 -114432683987
138066119862 -145198003642 290937542887
29111142324 358437492808 -166450153124
-337549235293 43046839463 777097538336
-132999794097 -354836118731 29028157470
152806561841 228413339062 141016231311
-151775860301 -60343427147 108597472348
696653641679 144229019931 239600600792
-185818582104 66061624681 -179582016040
-88045730221 -411206708150 -252247426769
-194451827695 -260880320822 139193976614
370446704799 -334220082706 -24810376176
196328796129 -197482159120 200277512725
-327774163 152467587704 84976260433
-13942133898 219777184975 234443295993
10889183622 -314706045131 273448069191
244229536607 -193779955256 331633775774
-21039840481 166042269672 91918904020
147181273178 -156097331884 -529534651059
-50959219863 542780847021 -213092356108
138169624187 -21357121317 44570393705
-547977974428 -130709948576 75223598259
10293226880 79963867165 249111180879
-22256264822 -179265881819 -495667070755
247897999186 258008512504 246992059022
-321934851002 -54795784862 97401227508
-231884572994 -199386323829 -117283008638
-76443298157 -505587029299 149201752384
355285107840 -108090469102 -55049279461
-494396730736 189368948637 33027982498
398626898491 -165333776797 -399004650945
100775510873 -268634864752 289559255808
56680777517 337459657203 291102714200
75907085229 388115718520 102110027194
387616761539 -338378779331 275061335845
-154927324173 429668890420 302210046543
-576019211784 -12232062580 84280214611
32758130714 129708447916 -241464297984
65104832879 78212105483 -82502860377
-147044253844 -224089125781 147700539443
142903427549 33118001196 201565334869
72210575541 59300360334 80178872343
38328634513 271820611871 -319888677979
283639686323 160962820736 412435680434
398996013909 188679776934 77588379989
149100822706 351505084712 -274325253908
-219862505988 -94043689198 -178918401649
-253487835089 26210052709 58277099526
283636010561 233649773061 -340149227961
-104204812362 359537387046 -97933414119
39806022618 473261368394 -29501506516
15388859953 -387604757840 -226929137710
-45364879608 -119374701755 -167203324154
241916196066 -194811674887 454948217941
198053611992 -271849792521 63134455498
263207169349 -87126075442 60802914825
-2178005684 223408827860 279896494351
388509455035 48433988318 204678774895
-300369519380 -369047814553 -302506230207
-129362574784 -206748042623 218710375315
-575008423055 212008232934 223449701330
-191454469148 -150182014988 484566930692
-256860948692 233101465832 -467766469545
-34551361423 126597122064 -420456613832
-479354912619 62951559020 -77746122695
-279691185146 -189510793491 177441433980
141693060519 53499531780 462404579039
36928996680 39835791105 -250706440517
192007647445 114116403455 -133896328079
-139728602786 140273062670 300967668242
215255312039 -162853633079 -131258642176
-178394102395 -268593072539 -219497328257
-145260138067 150701372168 97020362255
-128628226600 358467246442 52423484925
-123767413688 -442157970326 158031916151
127256510652 -412591957444 -32490001539
-150839698842 -486578716364 -214990551081
-613936830131 -15607812825 178548764312
255296244634 137345246602 -101109842986
-246494850816 278205622411 -117081308833
379622527795 62780122097 78865556204
360764273331 245182632212 -288636347829
58720769537 204345955230 -202192755858
-249394886014 -11779254673 -380561722879
228774641346 -132523286819 259580953599
-162633142994 48298056466 363625949801
19869638376 -348380023925 87105157637
-505124289192 -164418981016 -234106583557
177391013456 61931526444 -424998368592
62321777837 374114747252 64657633248
159122370444 101817473715 -170729223238
309701917307 -660984617440 -148219233138
207463575971 119072775870 88921419844
13907206218 -155709714186 -441589130081
-14632287554 109377150779 93388401348
102693369085 -396939706720 -89498401267
-126211264577 -33925342973 21106306825
-306415782673 114942153761 -197164490428
266339374321 453140382498 149410492783
-187917273227 -225268840777 -16716650713
-463050429517 284085441916 -345015288395
-254365806046 227843043198 203971803650
-185566793694 -141090248646 579976302289
230908505602 -17684091642 -80323518020
-433359674169 207832167998 356365123008
12187996774 441704321896 -193302623690
-122608441913 -231181478212 -277739907610
150017857914 49606359042 374340852394
-304829200561 -104543273902 -123605733373
296463941988 319472325485 -144813850017
-376909576739 207054554618 179942439597
325963111343 257598001668 235995792607
-20157958998 147946092244 85897260063
-92629556618 351777893410 -2073655842
136414287686 -193758943365 483305149057
58743149106 132453694950 -365362716148
-69002773745 329941538779 -53906780702
-39878209048 -92925843686 -338752094403
91432970332 -126543209654 -71942530832
54815999801 -207673059941 -126511761359
223771620547 107509139032 12070080743
42732704584 -308454286056 -7527429043
-437502713928 -499050827894 -45263147826
-539607847081 51985063316 -143520811323
384591137452 -353078795305 -186439755402
-143280049931 -174041520765 583970290576
-267422622249 -323150434885 393572302483
114706437845 -196331161661 -334587286488
-46910185540 108722421537 343194238677
287996946414 -123049137805 313088672096
-74561235171 129703348875 265864529437
-4228504548 425494829501 -135599062574
53418597853 -289714627156 202597858943
-484261241192 -292363108243 -221377709990
-256313956096 -43817850082 235943404037
64951909033 374337353043 309969461794
-71716080815 -153066881660 -101508419894
-10697279467 -232534446559 344319507119
219938433502 312199418822 109489197802
179236179327 -153615701936 157346176538
-464668706094 273691189364 138223940374
-464388050740 217401311283 -41935078714
590040649964 -99002837428 -193806965407
-49315639351 -5047928450 -242727212637
15764109678 -167109398990 320837463987
-27719025729 -177835543607 -70888555603
-267464807859 -400763636712 316292180142
-382477052240 143577764039 100996020717
-156696341464 -415104630645 -308672315031
-120007259751 -156758931701 -315715482236
384059794300 117331900835 237128752128
-202710491101 364983832212 -435441932477
276601289985 282050864012 -43979681844
-195335514095 188582737341 93283728774
-129890349144 -213019087156 -133718054004
53059802383 -291628080334 -42921824163
105800651822 -144505849447 -457514613915
239756572313 -372972546190 69616668732
-16315161388 225348189318 254534658701
-155610754248 225192993672 -70415076033
183084999531 -35773602492 -165183677608
221664865352 170764369624 -374768831755
148786566381 -147338158979 474972464451
-94958348185 24789445494 501438082799
-141843952656 -169628355162 -59395327200
-232950310577 227956781848 -143662226391
392087594205 -1156723831 -88414942720
28617179357 -277166323413 36592483780
40273392406 -83744275803 -135478089336
-4201341974 -610737285303 17982847584
283194869014 267925879064 213700796131
-250119835145 -446960538529 -177098286007
-24294863935 96490955236 -392588563611
698414537851 -165229589631 -48159589041
86903623106 -227723647421 104470455933
310705075184 127155484012 -261354252351
26349110390 229764324526 412556980764
-338900749092 -387455027873 -78551071539
-222160052328 -245805929932 -62198706368
242354013239 -554222639061 449746914355
-116662583128 -98684122056 -337932078640
-311407415573 -293968308594 14531233094
135482226775 17099555391 236296072876
19479948627 59818610503 404780071429
460574161102 38821819112 -55240576221
-300995894286 459313443495 306257519292
-127540655412 -87750254308 295057521117
420486312910 -182880878219 -38239383313
-142101456939 59939302372 -124710480367
-164184832490 -65086802899 57046542918
-260126851012 5451710110 440773331742
-178362378084 -224101090051 -175696421860
-77085875665 57090781803 -474154393415
109964424584 143390561552 -299841738335
-22325077356 184110175479 294001305066
249848994852 222214811536 -212749854176
-436859414123 -86838813604 2893216753
-346019212026 53902088075 -329813730453
103190372261 4849097223 -283045520197
269302609563 75509414358 -210336027647
-288184479328 541172780411 -78389427527
226239387654 413541080365 222414418396
-149876468221 100434729927 -51432870924
-311362288276 -379169920152 -94996470035
298167657287 -403878527969 120213086673
288561985063 -213593442017 -116393739395
-109047789344 -532454388765 40033841565
30565555186 2275846868 77008625588
56306108000 -434303063418 -80295627332
-172754676582 -158320055095 218487053988
27878657468 -282952513285 -547550029158
-3859738599 -84891210744 303289705253
-320371922489 163983695392 159841274177
174297596733 -522385909002 342796231577
81807491863 -142909925407 107894343885
270565948226 100553259034 515543717670
75215591927 -68848293683 155824852996
-138443768734 -47208728628 162411569355
665579625281 -66877908586 -98563445111
74665164243 89184738128 -90204567576
-480292136492 -148127941786 111454165031
190724175642 209487482582 212296370573
-105075124151 418252344063 -85860096503
-26927587324 -122089432462 -315241677222
-502853903255 -43835699308 84969331075
288993132460 49355677272 -76657673041
139301409055 44132051091 91171223461
-323185481123 -337734373324 -154745240931
200908014155 -73268225608 72017871949
-380088798422 -208595782932 -152225340248
-253357034273 -98181600177 495170796645
-146301593274 -83538655087 7965693536
286983120852 -30461547727 139876501609
-63996437935 -491540990113 -228576941081
236238843560 -176935693456 -551919015201
260804798533 -411571252826 292708677201
-75312410619 -8100009544 206577701258
-204012475149 425426241634 -263627376260
-45077693077 -239445949435 150289286280
-199021272863 -517636582246 63543017866
-321769114354 404539371636 172370064949
-118333178279 -35534148186 73257288097
-53098147320 22999374208 -166929386143
398823918277 12482439115 -258975717273
142006124113 -227461011858 -353683732012
-79700375849 311414319168 -480666619077
-229676608735 198028211836 -95992874516
-379729504156 53559706932 -113209551896
-191883336072 156489095017 6192301598
97532723011 -348818874960 -360441007414
113182633782 44556516050 62132072409
205566738512 -146683990056 528612780970
25843935106 -90323914873 -211196959501
594482145288 374825172038 85719317124
-161459506025 -253008996263 -502212602619
569335040766 316451288888 -13883250420
-223810772455 -327069607772 416018276758
-16578947136 216711827216 60958919152
156924473130 -380439568665 33947150390
279669828341 72915577393 -126630772433
200521775091 -325068763972 -129402486377
-260806641138 467565186943 35915874678
374294554085 101198103037 -130363007340
-146459846507 103964062380 -215088074864
198882987263 -260706316185 -138773535086
-123459614225 -72584493546 -411540450469
91650683027 23549738402 -265301261829
370511355548 -182750671893 145255025425
53166928336 278129477385 -186455372946
-153309729094 -44433706006 -396798976238
-206135169540 -6868620585 375190377376
130548536091 -232787962444 97393310213
470593048788 -61485833345 109932084685
-8553297215 -71767005223 74316152111
-129340960312 -86413379272 142707932151
285985363210 369691277821 433115213507
176504082639 -247324128674 -46014689287
-90652502252 503816815041 -4915126450
-71997847926 -193648987184 616659957784
-101995239426 81874871217 -141335954172
103287261111 107851293251 -365054084493
-36265584360 248280629380 216355870080
174928849996 -57620452944 175085146545
-43361116637 -528785818326 -52467599253
717184761331 43938822175 -65207626367
81496472524 -274496410879 63745771047
-129365155310 138634751861 -351330353381
48820943759 272842098513 -61912584087
-143655848386 -60626423524 283023270540
106266680226 -54504448211 16132264779
228902672868 256165154728 287125937337
-231628349475 355639973307 223029659063
-302249020136 -106254572528 394327885874
275148479509 221087837205 374856255890
-422976431575 42579965598 196721099729
-878302855 -584954590024 174099176765
-304672880639 168076021496 141020114199
359908818760 -198528617810 -151644308997
-147834981144 -388839677533 210733201879
-44350498234 -174254395968 109702532064
-149519081489 217328713570 -29394310181
-477906288816 -83548235564 -441561580468
83620254826 546062214461 156457408224
439891689547 -427922552692 -150922051991
136328180104 45559398620 157338426437
16440758769 -108701199507 79711181285
81208748480 -76136486183 -128166364519
-38831880227 348364792130 175683798550
110140403016 -50384894543 -322523781176
-59933124196 -247270045692 -60900131874
149791401535 -156267012089 654114193029
-427637914937 -398786534477 36123221525
-4056481741 -154078177805 207683267416
30209062793 -135982144433 -28719434824
469240461049 -150365317163 303537299459
-129359823929 -41890012852 404662355484
-465144815696 -226296172997 193872716416
-311930525952 112761092211 3460749913
-164434611841 107396497799 -10264790074
39786450794 205132691727 -451979090235
361225666197 348668834651 -370276810301
199141532846 -311732759685 -246806606317
179941919942 14255345636 87685757826
-150632668837 275263600791 -25110264781
187217816200 -461772378832 197695298329
-276940540223 -349121117256 -310789459236
-431166259678 -186364816392 -55409455471
-24499059556 61771095008 -188023108022
94779194445 304963807409 -11417550794
384000460924 -81321941428 -189361237988
-158255657153 -257438467282 -225675699638
420909733980 -209949397350 64048064065
-153599306850 253579606098 407798190897
256270354129 -61050198151 397311346665
-192634324988 -220086679889 -533687506326
-338115072791 31960451882 54217628731
75708905739 -225360608245 -134000382606
165869443379 578998846991 279734014620
-152092750358 314196621609 -276638643008
40137068096 248789077007 -342354516775
362098251446 471364011780 -332940486528
260685638844 -227374555157 158898429246
-101041095702 -115344445369 164766616091
407068294725 -130325800600 -145226982704
-290183525342 152749315938 383254647972
-140202344620 64963990957 -195514247405
68365140039 -71198868060 -44504052435
469255445253 -24632669868 205993977295
-65761441526 -15676370933 -85534852099
287287766733 -257392594338 -33437102190
98713188324 -376966157014 27480461542
-195618986301 237446511107 286721420046
-53283630311 -86697880837 158728048092
-373110142020 -314001944694 -21338303524
235046716848 -130573165973 -55916456433
-235514046662 41310452346 -120383066220
438634642882 190019134295 342367315919
-79148516521 95265296551 -482214655905
229586562444 440712232176 -302548862546
-344320625033 108421940594 534582976993
-222293135944 535289935147 -120634038822
-42838589584 252418058368 106004453263
401977243195 -175896289612 -30882924284
218845295272 105934383912 305041950943
193155197555 179327658518 -8938511619
-176793578096 -30174270348 -163805116433
396005856896 -352937214799 114242536012
-141151294211 -27804485450 -93497667417
76668388902 348821531706 299385409787
-318666255578 440797359295 48027259594
-266834410736 -456782500274 -325499956496
-3095935686 -17948411049 140992873305
-3300030941 -75434430636 -322638686332
132426787083 37358386146 88864112423
178429165939 -111841391047 22719476437
-509633930669 -65029115510 269351673435
-231429812459 -104313850969 63936454757
299055292116 416988229512 -462118876935
-294661342548 -101562885891 18698934067
-199347094028 21962531194 5706051257
-252151991174 200420011691 -550649453085
48670152116 -300269313076 -232683409168
37895954827 -182576782005 -337360202702
159804298007 -495161994252 -252943030920
311691477506 -131201700506 463979820480
-268312215209 -224265006794 -225912011374
-475807907770 334594784356 -303899976588
499670897960 334918611075 5075567291
-269962292861 -15006867743 182943044050
43343107237 223946948740 -207517344795
-233009201337 -255012394154 69651048747
149476522196 428130319795 -117869011566
-212243369829 204346186143 82814207623
-58207519577 135468765124 -147009794250
-261797634329 7238126316 291826496661
-97134287433 235875807829 134475470701
222563304273 1038033508 -478955905810
-21946470740 123867446173 84393613401
363917562508 2886338412 341262367289
202986848458 -358383097455 -42666662608
18550153767 288156566502 -109294568307
-65364427537 223754156779 84632351626
367079504155 398454515900 -122700886179
356006272286 -303099293935 -492949138517
24195498522 -369449179288 -376728442507
289676257962 -108931683820 143803050937
-409431411007 -407875446449 247128837242
99811449388 6310608258 -215325643538
-130371312032 18804203483 -63831306304
309981358399 172204489956 145880036617
180408180139 31415477824 125872435496
379047027341 -335320315556 213261970305
-44310439770 146276877933 -328326110475
-83002667621 90693685900 -374216286337
-60473833131 -637602776405 92618683488
-306296203397 33373055804 391949960458
-160319181751 -86775303602 137749416283
197713887929 187229050734 -202368551893
-235488278997 106520096785 325527938406
-209414584026 -125924011591 -68351108395
342655053281 -401889661918 -233298432000
-516587228802 -69934072755 -604919194329
466874491318 200017613835 38217937438
-204801585710 -80163470247 248419704672
64183369561 -272804092259 -98736290612
-144460095111 454175549907 -110737103689
191826574969 30487615053 155606251746
171144825582 -14621792598 -17214400482
-56125639768 157765268183 -236487056562
-2589196328 54689151402 -285049262452
-61841253051 -164816402066 236478233231
124439508306 226122718163 210095006967
22338372974 29475365663 44688479657
-91961693239 285027110064 -311851177382
376553980563 339872484736 -197091973205
-318558939092 146482581102 218135076223
247428784579 120302950954 -234512571200
261058976739 -132019217782 168794022736
214870109358 -474841109477 -412052896718
-137748198771 213289230340 154954022714
251517770813 -122113680755 458838243148
-116843843981 -595288442974 9988858590
-33035282553 -53676290598 347697581375
-133567798589 -161981696433 -100284469421
-97363408529 24815300914 232816234659
-654690994616 27221742500 -202952110415
-461796879936 -253502197829 158004239369
50595572803 -101952349314 -149697918562
422078387262 445186152582 -39625644739
538030836983 -280350100403 -190883164150
217775908648 79534625736 355743443657
-296866892580 -288000125182 -314109057147
37838359475 50623550412 -359334721280
-55095662035 68971251026 356250593941
69061031241 161142916064 8126900407
-179301846601 301880159961 -334352517920
121451149410 -131590463263 -175005885262
6195056191 299478265555 -231007118896
27331581384 -85670438753 -291052772470
3428529340 28643042301 354832355553
-343845916102 492383222149 -116841154469
76398223902 -277961906488 -115092225897
-325743931329 262492033611 187254034474
191554731780 154390026018 348267808816
-268097084531 -437770534805 -255015611931
-60700662376 -398279048463 400580302489
-199313681524 81806149877 -486144648478
-488321921803 -207161636517 -77909181412
52725033449 -4495105869 67218230602
228618734769 -110582845848 -280685238206
401857448413 -95637397723 -353045352601
322101139914 -106418470813 153659759681
-278227184581 560500845712 -20640063964
135318579089 62698233133 -219741694574
157620958982 41337015761 -81463570922
87772119854 -23615031809 -90919699772
-228506825063 -350125077884 6947692577
-51794234159 178094893180 -283766140760
171899644342 22971638733 -150215100276
193661267617 -318854442104 -179260314551
-81633628590 299486813353 214770828043
-48842847203 -236860949759 -454463059741
-84205522263 -371527569092 623331193770
520279140610 120222491459 -86534424370
59400478709 -367640890610 -97862987245
-66507420234 -9397539633 -434291921335
450044774452 -187833545140 213283320180
197147072150 -167045077743 26985115014
-155242972406 -98391050665 -222757485591
-329501031156 -364298070740 1298233970
-336324737988 -96998911351 -16081720485
-21807067727 221429675462 -37756643784
-337056335180 319630496861 28459922416
192062794308 313195531653 -9308819839
95040793949 -277371937917 -174798237606
93509278677 -84726795165 12964611168
-6637463867 -44774414367 -467061630374
-45484844552 17613528189 -31516893179
-237758648796 135704933898 -160929144159
177251354288 235889521403 41159305518
-330520578761 306511353283 179477216895
288376558202 351197275430 -137426653087
-85178837514 -114227678987 223894761161
-102543190432 247968378025 -70205195976
378294052270 -112516420632 541029452707
-131410481004 -167011240111 13045711140
-386646672285 -217303726320 451163289500
76460377552 -411320250780 87882383238
-259373353553 -493364256539 -325428959081
-546805454869 217532149672 79566652898
95649324959 82907584982 -148495436877
14753778402 -665205358507 -344130528688
77290775273 62450114048 -147313954517
395444083277 -354737422709 -276801043874
-102011213589 247522411105 -563361233118
-37625888196 116909139893 62161285635
398745069055 -128059269989 97540948712
104669511633 36682324145 -420942367036
-347713544052 -142275703132 -87170174838
415099167597 175150876680 214771416777
177651350658 -98341194494 -30936046695
-388762283981 -12050637135 -52762564525
280140427553 -130091544760 142679322996
-263320732275 -494798628290 370604140150
-125534526251 -72106301324 23399879129
-83813995404 -22900263472 -193746606725
349428845622 366577519753 -61323650702
-96157584577 72004012590 629341315437
577707283981 70209832778 190066989467
-208444010950 -206475007857 -169322102418
102618395571 303941315684 -270568165954
-14892467157 -159689733221 -282956571579
206909376869 -5490874015 -103724081020
-256980090329 182856891568 -254910630805
-144932956164 -104753983335 -240409487758
-228156647533 -329623368139 -66448536972
-141647228450 43580746165 203215739727
-487104782299 460054352430 252199459727
60347978512 -295457985684 154404512364
9510808778 443659572634 -175836610176
-17155613508 -75061125437 279944876066
193476971315 -196441867246 78243724390
615919277292 22302750479 -19516085993
416907377770 -176475404853 -77106281981
-197471910576 156557047744 137606606389
-42846532419 -551802495484 72160556677
-110202082798 -22881241023 77086251640
-110794239879 109276344441 148212799123
203366515386 87365095452 23594861342
-81547195014 126328151535 -173321642979
372482924652 -678536593 -152803962410
-222002913023 -38319267502 -679522127613
86691842826 24404772823 296410560679
-308731459633 -263663802293 309186477124
-54059629909 595550765150 54053668393
58404872169 -278793873787 319056854460
-84811483903 194179153492 178110240511
-170841977768 -248216198765 -325618460780
-16276143842 306593739696 11458128083
449449281390 -50666216389 46355461423
167246322920 -407981211255 44313227299
87217915670 -347683017288 22318292285
-121408481093 83154930717 -155521354362
-225324481153 -37433389623 -576468226026
-47284778141 298302305551 -165030525169
370892892992 415796860379 130057609999
409107085716 -54049654543 -436744179610
35928664131 373798667590 -24221449189
306669600781 283356544662 285098726981
127176084687 -317013453326 307239055698
-339942934010 110248027631 166779073387
-109241808720 48083149308 -224945822731
353654490414 -53104953494 -344291966667
-159366423870 -72053766863 175052653461
-25871943492 237352268369 195281198842
327252017405 128504317186 150105161443
-111613866080 -34025075128 135702189372
51042298631 124761796300 -329204516629
-81736833757 -59049679424 -284601655931
125106725156 164213213853 -105684963711
-122114614823 241913118278 -368179798747
166822376560 157353398317 -6166816347
212310055029 -245977601157 -489442060901
-419560098713 -108846724466 38226404151
82159893305 452792240296 251338499561
-267382575996 290540910812 4369941103
298726710676 -184110346743 -285842885311
384176343987 504197122287 -216068017116
-351084784850 376561157529 -216171522635
390717209924 -70677789471 324737726440
434999778078 79836457744 136798094587
222441264225 323417561776 -558575691966
136241380296 -78184604014 -43193966178
-6877710703 -77120090393 -77506346147
60818420041 295373302542 384346898203
349792480544 100486382154 86615970771
266353307505 -334514049173 75960394998
106490337532 167955313408 110806044837
42887696272 196155695959 -122696697334
-99656205864 406194858559 183011775305
84127877964 578910614678 42168927447
-138113578901 145250276427 1798588729
359839291955 56778849250 270559061601
-347441231241 -60587669920 51464575443
43474170569 -153429112814 566928529056
494302358148 -222201899094 -201359606987
101496216294 -552614313647 -149059568972
397074298678 29303561824 -127777271109
77013414750 -253504458432 50240778580
-97059275168 -318393858144 489393415020
147346487947 -18446842780 -275275005251
108698759696 405836592051 -355639451834
667492517969 -270783292328 -8167791421
-97519010871 -19936361743 113150569892
122853757049 282578302141 -33468952219
-336102013859 30874847604 96399898737
-330070125101 -295172530433 -282149863590
67389028656 201311177898 112323274384
128931033595 94152587523 392772545512
-253408436703 -48376341549 -227562050926
-73580578110 -87647087465 -400508361804
17262585686 249020337852 187613349078
60658011678 -369072993756 -163668804592
-267139579884 -279976774124 -52205193157
330308851132 118602990730 -30699046884
18569785247 -168116187764 -399353892497
134650072448 291197258636 -3528622184
-361013175076 -65812202853 -272918733259
140953828456 336910664935 364399377195
84133201313 -95515724483 34160383194
-188756119238 4125632854 -440682712067
150366902428 30680302451 -160435016178
-219063588991 -318465077974 288749868656
-217363092738 505078662961 -357025770385
268196354751 -403649493100 73415881357
555000835800 -91472416052 -298293753959
-91314983590 -50256435936 -123521549299
-313580066076 825213612 247384498975
-166833200146 -178099939017 -79292866787
225841313530 -190919912007 -271660290449
195071132919 -298955556714 210070374943
-299584731534 -134487048062 -332573811873
-415321632890 -58397704617 -100538560387
-159962885017 195050445028 213643362044
212661168798 -22611948267 178326613235
406039536055 -6551296316 -155118604803
-268549948007 257756886981 346327354680
139563486581 -440244674610 -344913456482
-199479389565 -98056046219 -69745987248
-132432837144 -452673956492 302925907177
446157115502 16479585672 266864350038
93782434174 339470045913 -204197375079
-166683928029 -379632700042 111194043284
24963817215 -218962232098 439034136113
-233353096460 69134456345 -60405548498
-206030678631 161015232983 -326971646292
82153488773 405940374746 390142383571
165575784457 360791042409 -224843410897
139586400215 88097431833 -69657342684
317629409231 -175947494840 -44909679527
216998103447 122787836210 195221449783
176523010619 455839207816 441385885941
118989121305 -100157293819 -205055692830
624100129112 -233310837867 -57021735846
-43572651908 -440123441939 437044123779
-143765348255 5159127319 214048872667
-396978793500 8730309078 -98364680213
250306858429 81581738801 -215671635133
-94936848685 -352659458882 278921320192
-121764839777 153136081218 175392032227
104815186054 -390095546630 310701477067
-250146973685 13550951053 60245413417
-342196457116 595347835412 375346375922
-3752762019 -174075734648 -122253713826
-88143769114 202333379279 335808045541
308903485139 184784545591 -170703254390
-463143259125 -19365986946 -181790245207
-19603649855 111012669467 -238608611163
-187805678056 25752979418 -287556915337
263218180937 10437266334 121400945541
153412239930 62839310446 -310035967513
-334484888266 -248093192914 -21313685250
182760922542 385676107926 213223801853
42976753195 365418609039 -477550774913
132401052195 162860168778 -160373473544
-445535932387 -6784717637 -137380042164
-17083210550 277560999408 -357450864879
-151110141239 22988851715 -36668538235
-428123474611 -296516470046 29869419783
26498401393 -305298813540 -177096657757
-136204522253 331355878231 -38616082586
483906319163 -170043809484 -322610066962
-111887575566 292294279476 33412674191
-139175499739 -60616520743 -246133627178
-43990824266 -39679066518 269805621789
-74825758932 213491665700 129775470411
7315572095 -497316191127 -322843497415
211808699397 -190915374954 114051318108
-327431030180 -124690345134 296774184471
523625005699 227826605346 116318166579
-220328432446 28987715471 -423207630036
-160894355476 338026585122 -428696114853
-41807354960 -60508020171 -338316639855
-143079193119 -23390242614 199027086232
-124846332458 -19815476160 180132573911
20158745705 -274044799413 -195040243770
270394061917 278819920353 -229813253464
-33421426523 316446950619 183620555291
-239206285705 138127169103 -283761021302
-259992976634 -80534680898 198436910477
-56635744361 218114361165 9543267387
-405909188018 192160534690 50436425006
132767419288 568439635619 333913053300
133341478212 -411236630135 175189729495
-96080108226 -199336456694 33630016537
398679511700 -256286752472 494268727295
-622478085720 -164672876702 200979174859
-60900336449 87066014748 371973127928
-21550239551 -69874958918 -318845300705
-188948698343 -83820459523 -3933689439
-360049365668 211289207309 -160647299910
-237498086355 92879100025 -395101080672
-56997213043 -211572901690 -554498594509
-357207488678 -205431978726 -29589141040
359031186961 -520148784517 32413099266
-79367448376 -210349423945 162443635943
31991581267 37994968994 -96773256104
495204754404 172213926457 110435223529
266279849344 13040960791 -269881162196
-28128071271 -80257229843 251539037596
165274553036 290436035239 -116593708379
274431603314 -304388941466 -161155712501
69299225777 505446757385 139233895732
-293881796658 -250719462738 404977732579
-340712594103 390584286773 107318470074
306057868607 150764163751 -172729033852
185421088565 627854840248 132172540672
186526160394 190474263730 -350782791946
411909262963 40898795634 172478708863
-76573178129 -81380250099 125260484119
227174475034 -67589308704 359845737273
-385490277290 21889377890 -160555348562
-257532764426 332530124978 -165747077871
124070864602 206199923235 103594331039
-124963049502 100019653215 664066734446
248663240417 -283223849916 112348960318
-172985057962 -48626300646 237522593737
-343719873255 -164145095235 189146615340
160368637547 241443235285 182207798964
-111246014057 223543468620 -14809057094
-491010737443 -103785231356 434894352009
22127596209 -274180689253 -112391496906
105887091340 -355310986991 192200842940
-252542799318 -38188456333 -4164318820
-342046055488 -338745364172 -69036123223
-64061942093 263114654516 92313849510
-176586128677 199548274067 -206566311559
99252415704 189193940287 -17775365536
-75458647338 -452413969399 -347694963851
600136657271 -166300433684 118126238655
21426543329 320733753870 248012870049
-96458680849 -143242015799 538966711114
-6293381251 346974246074 -112429765758
330237636258 -30234302102 266646750546
2617080485 24566026624 -366052983531
-191235465723 221644615967 -20646707274
-142709139732 -127542240507 -168528777452
444091729088 209509744535 246709349971
-71050489022 -380184312369 200688333395
369681080849 -342375213596 -115026682240
-253309180220 -30636300424 193741495205
-52817061497 -295572495217 -263029446289
16903646603 -309484257300 -58511233948
117274748710 -72048365560 302424901420
-271258990220 408794499413 -224244998829
91406857487 -269177932196 -87537815809
-135983002562 -38988271596 -96799880640
418683039372 -78465004102 -364835412443
-73728911922 -65679114878 -168666002357
-205234793249 -444359240798 -84942234520
-36101338383 -182503389510 647657741315
484897910990 80508868623 8557087230
-85588377040 77504469200 -75723735828
-41332360253 -397597484402 250491444991
-495568946976 -81764945855 132580104439
78278203674 190520714832 18468153964
324193830196 -271371114786 428780717219
-112726850929 -278107895092 -20163823229
-45517841478 -132498124737 524783517076
351999409736 -42374369812 243469658594
-197499549933 -185530455160 -257696456002
-287573786348 -435649496841 98591866902
409149029046 35543358194 82925173528
136731697280 75850930261 -83574259088
181377660873 -382713623293 -434076695713
-289532902217 479763937733 313629209677
-89325352634 -111873357699 133632724598
250911041503 46909440235 5837164511
148645445132 259624022461 33322343795
-3189276018 291928468303 311274663332
28407944864 -267337277640 388066302698
-92643584035 375943254101 -368024396269
144599882828 60222687540 397724275275
22820575803 -286126993416 -133620366373
75774431166 549979479252 -212733260336
309640830725 -80459733568 201583645771
82234164062 232983396958 260363202971
139963471071 -60228522512 211022897883
-449663876027 106849200145 300479890772
-199744802580 -98868922614 -43904858195
-180437790620 139284610572 235895291194
348525068766 172445233760 206669944117
-322062038837 311567121861 218148628619
-565027527352 -121703635236 59552879733
324150103904 338636324856 154817367725
185568153546 -180298877059 -13326264423
-285498178487 347272060751 87604386308
-207076196060 -135269159504 -92390339751
-56206236562 645392957788 -132335303557
-197013456665 140578679874 82082423932
-358121446475 205912472125 3540856183
-351031511116 -217199685571 212300241902
140386235327 226650037443 464398050830
326085211775 285320627722 -342944554174
-60299983591 52110326500 -406306620440
-11848637044 -120030287758 228630787592
-394630110016 127391958194 154835467309
142337000815 -72828938896 145666616364
334132689012 -70003566907 67101684748
-158745507813 -108249337297 -538498243108
-137184934921 -104559464128 49987309257
79916806297 -560703063211 170097518332
-219219109752 -438720629261 76805958963
44689962584 -108285718334 -435950133267
177397082143 88036072589 -177172018879
270622270586 154432923891 -378062892335
463413969420 -169245055498 10503207075
-501576060687 -115371036720 -150013273243
3358056501 -102240179444 257308159631
-14219138856 -211882150899 168705449418
-38842686098 293807948028 8675436904
-197385612359 347202060469 32914044336
96478107440 -244107772072 -617222311732
14078215768 -125688199888 -88294947431
-513140625079 80331425574 -213650125351
200497830173 229923500009 213183685352
-6815954968 -286530242267 -256086104298
86758925651 282307798288 -264137703503
502664939931 -478622958868 -204602241956
-278275664246 210303177849 -114504671814
282080729702 476227998725 -117805503296
270274994002 320047654510 198595068762
33705388212 -31659314861 232646958027
43055652462 -184110073145 -374030112357
273667067043 -94991583503 193037382264
56491096540 84732636945 75445493255
-22053464992 -93822963827 -463819084443
280016511044 129621031600 59320353394
202021057319 -254069258188 364226496677
503430647207 88958180391 36701890201
-235521375091 -214743155321 407830996557
-1827554171 200963118753 -19998032868
11915291467 45863467623 72781484899
-112691431246 -472738099577 219465020692
-95176932922 -65551141417 109669830178
54501684130 -319000498512 165136301009
-338164705299 -98796658653 -155393672982
-151269434147 -148988204410 496324396632
166911261288 -239963226154 -36059127361
-77136303838 -19353450655 -614007197968
85079641056 -281416867354 -54902769049
270735346298 276512495167 268826702785
-127657183716 274339393678 39201773433
-238214762596 -270327598152 -93767554080
-291591686297 -185651177856 -201052937824
-310291947635 288078596553 -187776141818
83175284475 -381236467953 -157940097984
679910774974 -107940641055 -268722550702
-77922355606 612128485531 325078320211
-138375196583 -209211629226 -261440178185
-183064013594 12444549995 134165279989
-386948140014 -73602763168 174349581565
297223337945 -199583636867 83579192772
-346601850423 11518659772 -4586542555
-236407805361 -193581760665 -91991159667
313211027971 -245092981447 262698215367
-414756968057 -94018766408 116647848988
184810222449 17930143504 -119814573300
227482811261 -64390799678 151656377685
135639199037 389175214902 -716815785783
153685561385 -5814898731 -72574888743
-133304140007 -241689950971 -242946216341
234745191460 272930907947 252602910432
237182690087 -375156680818 14518512444
397911306138 57039514635 395869142934
-7319436514 229746220390 144747353585
405212513523 -83306434444 -18863746174
30767615407 141558554092 -82705284043
-356687320596 -191975325273 -134877746931
199311711195 173473764128 -124681146369
166868513854 428232437198 266450658230
-306540878751 287244700296 182851496286
15664661289 31319067957 441317031338
-159057602583 386737605410 39546592277
336426371830 392230475537 -495703549272
-101197482023 28672539219 407942215130
425856872197 -152500048589 97197317576
-225888341714 395137978892 -109818686052
-79585708722 -83036341079 212614453709
-4892517982 -304376625639 -42378290435
-52683719855 99198246389 -409958617341
-606410720879 106107350035 -53564714750
62354868718 -117565854621 -88293469638
196957614144 -275659822068 192620403545
6604111630 -151388910435 478621168218
68784453668 -366713873650 -29130739099
-388063986049 67380260563 99462004645
-299712592061 -525059709448 -505121694212
-191497047892 -411438469192 39654711111
275819592651 233684065761 -284836459476
-112353216388 -74187303848 230496119237
134750346793 2612533468 -139657873235
-143051521420 138172181005 129908060983
417011399384 -286076162495 -73916089683
-8117576042 239445998074 89512667049
-60474896487 -252585547739 321729172311
285068357570 237728180332 373672534525
-274094922947 50835237414 129154352206
73458783024 204735969072 -297625966475
-372116202690 -349140666790 272344879870
-388676679431 357458053418 -70138976520
-165829209194 3804017053 458293855753
54645800532 110170666698 -206914647534
-438685943315 75868656540 306081504210
-34777177016 337292432255 -42022921815
-186545657369 183223809581 -187341852215
70597710472 451017227242 127877954619
-103842896113 255282962409 153678194553
20525529986 -369607786308 13885001344
-283258429812 -115377263441 -55451102259
-307355048645 207319199126 -175530194878
-314389974389 -150248297712 -467516444928
287781789250 -633075529416 82876913147
324675136316 270531274679 566462184407
-151589459780 -150729459959 251547333778
-3413385965 -103678080565 113098859863
12279475837 -211114598937 -202776452036
557437049538 -50367583998 6769417529
-315310040116 351575984524 125567570143
-306054894829 89043646751 368701880457
-265504621189 -236446853414 21568023208
-50417323563 -169627052914 113161837062
173042082319 -79537168800 143731570498
97181009920 214145666315 -83760212506
128637734649 250274113451 -540112138565
47608374501 -32058720126 224971862759
388835897954 336731269365 76020820077
48681735561 -1075780424 119391151011
167288406585 -205468713732 200646544165
109661580143 -28682212301 179489951344
233813831881 487242902937 81137395592
-58241923460 -47897352405 124005226997
166320288240 -78151182633 64075931592
366254055662 279537340207 491837586109
279203099670 -154669335804 337208554246
365274636470 -343294399428 -59773647966
-13599007627 -228089361117 -275316528487
-273813495352 -54769737024 88806176968
-296351698341 -211676332858 524560100423
-373994122006 56130275689 367995473145
-95092466786 414436260207 28744511470
-201018300263 426420115886 -150761860693
-394508209431 -110804899119 135223032988
-144225994583 -149621329854 -78491813985
-441409565697 -72391378721 87730658227
-506593359458 132000262232 -131604424743
232334446716 69283250853 -79251643488
51704012049 -301036694437 -71820347193
147873748025 -212639594798 200655826861
138702258667 -288812527800 34175830199
143688204900 123358388976 -586610716733
-391595480515 -237452286203 329437378523
245349886211 614854602793 314653994768
189430557293 142669496308 382128809089
69648921016 -335364924974 115694641473
-115792165430 37752623017 -436245853593
-309969381472 239420501360 115750880895
-8941820818 117548676759 -50494936360
-220544886896 240167963122 34616500253
-132776352378 201412078529 -60009907797
547823235367 -139382487962 -378325414918
70879870317 -467010465860 240625496725
-17856522 35572936957 13203943901
217772637188 154861639187 -82904026366
-259311505378 -153193956391 -6883302383
-338615565613 -305184736084 -136305343999
-207408072362 360678103480 -48989881553
-100507678808 -111838212329 344382164514
198852594424 -116983395012 544797675371
-100464711889 -69061176815 53950369482
-245040104725 321418961037 91306767103
229163540334 127391071948 360240207747
-284242186839 62927157123 135170484833
-27428745057 -321413348043 -390428239543
326422092603 411022849869 -8325954239
249247932213 -252634615829 209037184435
-102045597449 -94219614113 -106903681497
436030800133 123994990446 -195157630286
93233417866 -213552609626 -135710236254
191597603588 81345940453 286633567514
25243025870 -254780208704 -108373021840
-228612728246 -319101404564 -144761634256
-181603770002 524437503001 -161285326031
-256514481398 481788050004 53061687351
-40443601583 138261876027 -87408719450
-42526489523 150910889811 -559386321297
-126409720655 -57302411640 50535079676
-678535640902 34479388548 91055831552
37293346154 259833829570 -312055241952
-94698225970 -262638222771 -504224080857
-174095734730 -132177388376 -261711574922
286145127446 222051327500 -192011053535
-4711517579 -214237160006 253610528798
120983950844 -145205459956 244373193602
11993969835 -80394547341 134333931288
-192579459011 183790530036 76516657011
168111595115 241386859712 112829053218
-230530851961 -107285778877 -423665424753
-414836298232 417278352451 65585689351
317867332886 222052377847 -282200503875
-269091346127 -67770041391 -446434790791
-275614739423 271819591799 -55636000710
-362104334425 216768593824 548282580322
-304200804460 -118273767142 -51020207511
345178305921 447934308704 8403934227
-166187397109 -178115719009 -104634630208
119419061663 437130317446 -195620582181
-246001346366 191467987443 -144910189551
-250328828061 72687920918 -70884902364
13709736719 -59004362487 -473468305695
-458586209290 -480180014295 59440647039
241894153501 -229292754419 424435016799
220432926668 -33344893173 -249425183952
249895937242 -95150964012 -13112220823
-326739545108 60916231156 362015518917
176577677261 178785965749 270027663071
-192894113391 -293291287601 -244404012725
43593385690 141987906264 359672948929
443770518318 108247765749 -91169064976
-99174683667 117515102099 224015650990
622044773 460002912256 -98456777356
-29377671049 173561467879 -200598619220
165030468157 -134818581734 149412694202
381289213164 -520226975527 30320528938
223503111807 -342347380309 -216534493210
153207738098 80140660732 185986736028
-386972651888 -426887399199 -111422067840
-78984457856 389466516340 -24882866779
20221788524 5067689756 -166847444745
-30841763965 -418750440292 -14616145581
-172129894155 -54182781135 -27692716450
286172988480 -258599570114 -68547413983
58410476231 -34638295084 -377180230736
-82898739573 299421316211 261675048079
22206596248 -101796142816 -132307955350
-111892264061 175597657996 -202144474692
446963064752 291726201248 -108571282005
227444629168 -268707433155 749372421212
560659657945 -83714620189 -164263610400
-261840153735 -30094443922 50344348043
-482873557919 -61387475250 107418984335
444327698558 1402623248 145989895168
341575824192 221437668439 273410559427
149010144187 218904584062 202727396605
-225817979310 462861946364 -29297725665
-241723383157 485640671153 196432410449
-109366577183 -435091002867 469138407599
159328137999 186668150702 -124358552929
-298662629960 -196543446588 207385397702
24718344831 176002782686 182709449388
55934856489 -221260533481 -198496593126
-236704267932 90240934111 138273535229
194799817824 -45908938673 -419804768725
-277390164277 80007984227 -419090830574
-65583940611 -286680535721 -129116939477
-124883913475 87395291316 -269889182665
-55219709887 -36087862677 -334553223780
-163043280204 -253348148133 123601450332
62548278325 94928964172 103285522044
-67012213605 171385002086 -71556054729
-628717105337 -180278901195 -12284476666
168241289148 205211130666 -407329623371
-335492979379 -13239600126 -134727213859
242386694403 -506617537248 255181834572
-328903057271 385348615508 223936966983
97602660685 249340807120 117969396523
24613768065 546127713082 244866341798
-140654208375 -173731156264 -89511265166
436900773456 18858780892 -139878535111
-166116376630 -4948306341 -408250393377
-26591295754 135386792573 -439522987744
-98947420202 82868801273 310193410540
-143149817102 388902277861 4513323717
119295890032 -139802874682 -30955508594
-43086355148 -249166272381 -359799019241
46890177984 278263368055 -86721271577
246687719879 -179987364325 280499174317
-359924980837 -35481324295 193396272952
50274909703 -204845911428 -428136331111
-276995692966 -159580979387 -285570887451
362943974437 339315838383 -430968491733
-191436499753 429577594245 64302332347
421851840366 -23874104681 263227321677
306027615043 130280716653 226575737972
-184072322693 416140509235 -220327152735
-39447042744 6547736157 115005743780
318942404483 -135321449380 -329287679591
-338253469028 -282613963760 20433997453
38497254734 226623096458 -328213407634
372970144148 -58205306781 -58893552977
-73111903028 -14499428012 -204349725886
563573960749 -240356233401 266613013278
-205479772650 -168585098154 -284540980461
-17396974701 154750613876 303309122895
43331023970 321571843976 -125233525944
-11852416973 305393503386 -191000689577
-277269496464 400621697619 593824793743
-313507100302 -67491425966 -139123887188
-317545543592 -452737419941 111397340758
-230353239415 66743046050 -226200288238
-310928183088 -346278121121 277962999519
107591685186 -374242776112 -114572662852
90485986206 55402882628 152610876313
215417599091 -26760356274 40022778443
-109324655782 -100255408483 112522026873
412344012300 73052275351 69194810657
-299645378186 -263121500550 -518740148990
343838810861 -432755544821 -275925716824
286626793199 41321969589 -156771736796
128302092708 -92192770608 -437466878781
-186768626270 197545625742 84917798960
-45191368378 22705413843 51899700978
553391591735 -280470617696 248686297945
-51791313974 50618070755 -221517214870
-109416862596 -457050710293 -61366678375
24837810797 147527550858 229615074520
324584960189 579154456827 -404240358424
-187257422697 36222583596 3099652050
-101001121016 19741388849 9415891826
-48284611168 171311823707 -283818660530
-86979424786 100525415612 -584137022483
-1316721737 176164553181 -434781478591
73322962832 498772739369 -130240512728
-37603067439 97176541489 -107971139868
-536359433830 118553090315 -32464390516
-151758260941 -29210026836 -338078232391
-25259503780 -166784052590 -59003008203
60251960152 85332426417 -21335073267
-484314159969 -7500239220 268596423235
-94659513601 -466216741689 -275966857439
44996860005 334852300075 363038124445
262027189126 -376624665512 130472710198
56415229522 65263797025 -113132663968
73117142526 413548108287 18006903167
-533377187890 -24751621125 107601141170
-251870267329 -57931097029 -4297878258
-358078583085 219903822496 67794005941
-18268657905 -417138962570 -333373889675
97173811845 -189231896085 -77483620801
92697580248 -257751544265 470517697586
583809185413 154914966369 -172451732566
321309468654 216959504683 -143382499537
-243294684701 95284384024 -146960291206
51480558219 361962978687 25713747665
194719595756 -174742109928 192514395896
70871809233 -257999470417 -111864602750
-286649246072 -276019706738 292724097483
-328274190541 75511869392 29223568086
-84303150816 322551574298 353549387616
176350126398 -352948267181 294507422440
-180116364304 24557391688 -273569460515
-209705365959 -236693736535 -402031845407
-143922187328 116597557663 94020817374
304437334854 -85625932006 -72913957820
-276873014144 -370814396574 421391728943
6471595918 -63911241823 -217041300690
96437900036 225079197836 306906126
13662169392 232470948180 112053894023
447092629885 -648281777024 22640104645
160923794907 264441423979 132183255839
188190422055 453162723462 -21556964682
294557948821 -51367265588 9648845824
-194813761151 -35742593698 172594771172
-438986865641 -6367672906 40316916722
-301862934150 -83088475125 109370735995
-14487956969 -17433143926 11207256994
87087697575 17018767739 -443982815768
350529978520 160539564470 699602784049
261159158878 -81523309649 397192890663
335490389286 -154038123458 440534133385
98116338666 42205227235 81529611735
194994082669 -30873035719 -523192134989
151472168670 35072159698 112914642701
252047430171 -208380579574 -137376072018
-117156115691 -6298993014 94941918386
-66938075359 85504473811 207836425405
103520876162 -574516678520 199187724788
335516243028 -379303675688 -216102805252
-65678484297 -228080679063 -189545071602
-189776766113 -419448709542 -188015711647
-241695780124 -144279339906 -232340544005
-322934416129 -424303432308 192328425923
220217643548 99700392588 -18905809243
-540461557148 -46901588681 187016984165
187324263082 324038218857 100388331113
131917166102 31460477552 121357611397
248450260013 -226185629644 -223528469116
-576960115001 14896417326 -22657449758
-24679079080 175112654614 525337772993
-163207216470 -23930058809 125755059665
-196474809089 -93551631468 -246548485867
-819799002 195376158301 -48134308409
-386390194690 286961321564 -420049388718
162309432288 500878877693 -453959355260
313843323185 238825660636 -213524459553
-238196360184 141617686586 71105793441
-78301913595 -134483776380 67736149103
217788967592 -308483513044 -160718221939
316516838917 9426341984 39043949475
49247287715 490724212653 323584180199
-31621751856 -456202685432 95536140646
-37233902196 159184420535 262799785916
-42956729459 -541054245660 -125371588576
38826753683 -258035657416 -412730549581
-624386312234 225223266951 -227234151173
147016962557 163571730926 -330772212676
122687709340 -25432356163 -80796878545
-490316356363 8837408224 298735915354
-196718131390 129510374434 -277549721869
-274319796971 -9173488288 196561059087
195774218091 392810570541 -124215535437
-83124659908 79944872648 -549879459112
-216180729777 -25213006006 -102362088032
208350585004 105742851433 4016234727
182436787537 337313859361 182960550823
211452980535 -160825663928 38626034085
59351353860 -31092333729 -159713703991
-459841771464 -316521339012 74258545166
-28340805851 314214203690 -106395696485
240075454893 -10030694887 409321110590
193923120885 -19850010683 -282983133048
-198789975725 62933670405 103139915045
-354719018181 -21689222200 -81456187262
-101007189048 479784821923 -204999660613
286883548590 -381417624129 25370010620
-31164712869 412933043116 -334316088021
-394806748087 -131128672568 -148259992615
-325558366219 -72740615089 155959647948
150973806700 313617382799 300086871024
77566181656 -146216625649 -543503525009
350670344299 -66470272875 -54506234108
128524512003 -319945731428 -321872110783
-53113688978 -545979924297 77361887815
501640233007 -211699594725 52625931196
-361700438826 -249650248067 -391125222057
-36647814083 -228095638819 130106948701
-105448286669 -53596118525 529712243188
-170007582485 135035470614 -133631787101
-49013729920 -128516827720 177751739859
-314901444054 200723921204 89876390090
353977252225 -14754902389 -435184109611
128235440530 -304319095203 147454958513
102593039909 -228097683877 -291188334603
-201987647220 -255166146192 -216816747569
173012828179 -83972342862 106989206715
-190255281561 332505494687 42812587501
6365429057 194305142615 -352472601842
461019483497 315421410248 52612406235
-401132476402 -335797497740 234040518402
-263647371523 -99877686700 -339063410033
-292247654290 -252114101541 -172040876462
503936557836 -612017635784 -379820476435
120287262303 297839831401 217471411768
-143278513504 186708968261 -374545053999
160736335072 181057553160 -31576492231
8298969659 403228129745 -527585964868
-9069622167 28390898476 47184418677
115680782002 36985569889 258311673750
-74533599671 -104202980477 -16625513034
-34881269137 -256106239379 111781159429
-482594657059 -86066744986 -215404500290
-310749424617 72176421360 201275837194
-7247598958 163777229658 -137750738833
-139884439769 46165696142 -43226054080
215625290586 -67782352339 -119857783121
-172373590897 264992634099 438128819886
101036813754 257091409268 -195589348315
-52025246341 102237305548 -306268706830
128996809024 -462334008442 78904203980
-762187072133 19837022651 98518384948
85134891935 170782209768 35187475186
-47503248144 63330426233 -286662303275
201777209280 -89922896907 257645341738
223468563218 169446429766 121743426457
306408762213 382546060978 217683780160
-157321874795 -157888120007 -249312324613
-37612276885 209334239167 465130479779
-58760794650 339520842330 -226586847938
242512178358 -361281224663 106949732024
175601205468 321907955500 -303981413139
98323464524 -245554675006 457344712430
224892902488 98464552867 34570330065
-399529703746 -378658142924 -112542587118
531196193388 -151862615996 187553633122
-70504611765 303587882714 -85999583628
164262019487 -80298293195 271280082865
-241912374202 -50202311267 599297641152
-259460462466 253987025917 234982088578
-223429173646 -202481067189 133543432765
51968877253 -72417787994 -115503802655
-339327142662 -19702066956 -208492071868
168068490239 -330757105239 -20333776641
103947581220 410924880425 239024217721
-189786142966 -344376544270 26444980201
294125388204 -342959054502 -230306216407
-104034361157 -191868608437 245978048564
79176877396 -558424993366 50826240163
18811309222 -42239255601 353913755390
-266452362352 245457999440 -403760229693
-125548797194 -107262613447 -405175924908
-104683164237 -503370714237 16981180536
778311832 25851952230 285317023241
251710187689 -145516255205 -156131154868
615550950982 -302620176484 -130797901381
226133564004 -8496729162 -7459981533
-117762614382 -190676706947 -122794596607
31947467112 232901995120 43035975954
97357698000 80906811451 416407588269
547699118456 363770234495 48274716030
169797612338 121846034835 -189449637493
197862367567 58475568982 -412793686303
-99694424238 2106865414 150966622801
251941017169 126586626244 -75898393037
-39732870939 -223033412374 -652045991103
64467563487 -660377454106 291437793334
-342652350814 400534359122 229109373491
30753673790 -70047399670 347576957577
103848864162 -194454325754 -35278381896
-134061307845 -121248145191 -74597715460
-310813304664 22699196760 -178332519700
-46561473539 108572191070 255910630108
-296272288398 -18069347481 -68172239485
-576379508741 -204080123091 198048080483
488309211384 32406861893 227750179161
36335421585 307359638228 129385466271
45374191103 168580105914 57565946178
-147252180040 -76560319662 258208285813
-37494727644 310171362061 -155788021300
11768222970 -202215910762 -143984897204
87012673928 130954148613 -33236282401
41140877036 138589136338 159126494245
-182330469851 -658223960969 15476922802
-266654238039 275302546628 5994777444
-425211619389 5510515911 -329938719495
-164185165507 -14799240228 17347947339
-289290013230 49674758589 -159729833461
244707598763 -212144508485 -373568445134
-4963733544 -295465775139 186572120640
-302361246849 -199897074489 -219219842660
-281081889618 390795437199 -170657359642
-200888948703 183728915605 -49219268967
-187436384854 -208099792033 -117231557919
477016758085 86521036376 -664166005186
-247848526054 -38112849299 -330252608431
196923327140 74215303089 -230025334267
272664391513 -157588959443 105378422159
129140246200 -340551642889 -71238725882
418565974670 286644876556 -216752792276
116409197530 -206221355717 -373332376957
-198383205699 -158379646530 87287042728
-358570399532 -352633551486 51354798488
-176293450119 16439160915 -476398833694
182140076256 -452358132788 -388014650121
127386733113 64993115224 -150693293105
281027834605 68359811059 318272624709
-134296570913 485475587323 -67746554948
161039670693 70695578231 -40923246072
-319289915416 -59605262720 -238003230442
-456022741947 203558306134 -85919476118
13797761057 282996189343 -403093595013
-43046373824 -273832911445 108743731639
225677446026 -104873002283 -79331352664
245838868374 145398136737 -146205593573
-175297795130 -307643064802 -290985257717
-45892188984 -279889458115 764323316243
-81196286276 -49382027695 217413239267
165646478724 -65739139269 -128371462994
-344313922582 144518023136 -53118115100
-246909846008 -184822185739 -187827787318
182192494349 -67004053026 -117931757894
139448472793 292029248039 296890329387
346538245791 -92426325077 -171132518060
586703990864 -462972424619 31287811093
-303690385171 -575794817991 -65624897883
-138863620535 -101417662902 48151579565
-109248035682 -60061286828 -225503689326
174534437755 -409311430455 -183470355913
-84697326995 275468538737 228395409920
60837563370 163601070416 -144206936988
468757991902 -47244898780 -577023528358
122796162823 234932869562 -51415825194
286616359844 -62168602202 221854159885
-122953557204 -87063670085 -38652899110
289261438761 55786137685 -217337670198
-122142354635 -412521754495 -182176148662
235957664512 -81520686914 213410122805
-246831533276 571108632682 -430136813724
-9824998008 208534447405 -97564041374
-86377793014 95292457934 207168214482
187103434763 174575928687 252322249299
273555292826 50623978689 267891884606
-542211037262 -263137950925 -90609649997
-206142699139 -144730224455 -50879621717
-149096180308 -98117439985 372732762918
88300094842 516126271357 116786394151
524503975173 -55401113115 -298048511583
529006959184 -68306566275 342965271407
-192824907890 -54217793947 211210548899
-35396279146 149912531952 -407414189000
-24868017882 303585555533 -108020634030
-263643427824 317507149721 354173295672
-167442641176 -142553972125 20419937230
-314323504714 -25391922348 -161900152989
-178247631282 -513677802907 107139561357
166335436146 132509469658 291617083914
152269667431 -399728946689 -78032988989
191867362799 -121421243564 389579188074
-133004039010 192531266 98345641300
-264853736039 -59901683474 -54489185981
-42206389782 -22403368819 97651185278
-255357850661 -140416479859 -302518535057
182244404083 -179705126414 75537354819
-124979827539 -44377862751 184313996414
231351572151 432430539990 -143707021728
-491140413969 -80226220610 -87932790842
273692832519 -204466838935 338810750562
87713675388 -97182738577 373716607008
-396566061727 627962606827 330245146791
-148798630595 -244922021865 220622308342
37839870542 405493865240 -275116118372
289568261005 226009248556 161863198694
318875541229 116465515257 68736125287
259571048368 -44939142808 -477003278012
-54226822328 -108780240696 -285618701636
