# Packing of N=63 1-dimensional subspaces of R^19; each block is an m x n basis (integers / 10^12)
# m n N 19 1 63
-143600007600
68762676371
207744267848
583054372000
-90822057866
-262123375081
103960445162
25890222112
-179404882218
3342494584
420173257172
228380256494
150343318650
-246896148787
49043386039
61783700038
-331185775291
205642316518
21184667138
155068054848
-340588119352
-221601354900
-42715744493
264033558307
197120801258
378027035329
86395413601
114487719625
17021780953
-263588888628
537814542857
-109516158702
37911510358
-313847075676
178265809041
-20744270470
-179389963967
-40512887242
-35467819652
-106670624625
-223533039211
51198994660
-154491544286
-131868254622
348336105201
-266660823970
-28355223304
-117864045131
369208357556
145968163108
-92558014621
-381965779091
-195962996759
-169611613696
17034320781
-553327966004
25656032650
425245191277
-193022331950
-192481751463
-213548034979
-344759652891
-56380509584
-303524751307
-138027191347
221144450712
-120155923624
219202677811
-97688921860
-73171136355
234846418132
11765646099
-274215868379
-336926791849
-255257594535
174897610421
-7618601128
34961212342
208623708034
-361742869952
201567310623
165626872104
177710758404
-217852692462
-202877812959
-46791470882
-79269676902
87529825593
-223180937428
269503936158
-159625188253
90410584180
-111213725572
233155932321
-630170457167
-305944787997
160043804262
-56200208546
-77276649266
-124339980382
211079494511
133631519810
101063748897
325759880547
-124913659219
-88957142351
286212596236
-375814408276
-117823422246
-278539234453
-313492711486
402631842835
134571988598
246598449478
-50883977508
-133970267096
-120279974843
347392851993
325404549098
276275305575
-34867307085
-49721475593
-137601264819
27589721373
-201983983377
-174064722403
-174373532713
-121363909778
163101774579
224006482455
274263385423
-605833254157
58715314905
-79573024965
-56821381069
156710663695
-214310196272
-417788686219
-20936980675
-327296668699
318079140666
-37454302594
-328965195573
-453708631352
144828265663
-200401238822
-31135956587
-300646863786
61370486623
-96313669429
30344025777
-233964624682
150114018816
307816273472
321954363079
259076770344
269035141355
254300270186
-187858577420
50480892165
32871251036
18279674107
-294565222644
196441592557
-39101539394
-263161985865
-25747073414
188615088784
-441698068932
-159534098981
-287592011677
-511949545464
101587086675
417999776145
-153128904790
-14875385411
-220912625377
167716145932
143547644657
-179563166797
-56593136517
-48879822313
-86490117926
-222991944011
-86114505219
274244437716
-33149546297
-286188269974
-344106506629
-229300307307
-352627511084
-131478316676
15626911749
-206563745449
-107186824442
25805815852
-48203278177
557103930113
-204017770933
363309460271
-2518967527
-84567165557
-34094791544
-290692489035
115648918728
-270413649632
-13398496507
311046445175
201851530568
-378335952854
-291792776449
137169387705
1665892669
22483008412
-329891102285
-190213867763
-34857281463
-105063727873
-403838443541
-106206989902
245269547373
-76649913411
-58589251519
395369126122
-46548763115
148354736453
411116625513
42335496285
127047262007
340068785603
26771443088
113339572931
-70996576776
-140452625314
119962978996
-184042456204
-8373354008
-172806462039
385696461952
-93042547158
-252502323660
-239056839645
-105704673640
421286633406
445327092999
188606268405
225429680646
-245330360739
341769275242
-45811068003
225775463339
-307769831336
-242735982485
-38860836610
91051656674
320051083002
107175333052
-183292911600
-117140476915
180261619917
356389314989
-62084020198
298725890260
-337803524043
-97435047880
-262770906426
-336404921093
243776321666
40816268697
-61400472456
429756490936
-437992047542
-128918612256
9638658188
181127467293
-115797924886
100451629236
333855484672
-257274479623
-4071084546
-358085492813
137906143071
-189182663593
96673534939
-48744423563
119627620317
173731623285
-453352615098
21276448887
419681564313
203975783072
-86402248296
-278417105295
84314557561
-119704010276
-89013529138
48577311911
-220838174397
-97309938596
-194308392625
-500288003328
-235743307888
-52145555683
-102505221686
13650671982
-30818727034
61491879681
492225161770
393342548644
-244690124410
-311544808247
41952611656
355797215044
-107071854673
25077118948
-134293847030
-152940480823
238335181943
365087971606
-178224815620
-169785184572
-81153860081
-44774304646
-66581946820
-643539261469
58333952569
318668109689
335673496372
-114416568866
146678959596
-302506487349
-1337541697
-88578152294
175588714806
-179602849243
-166055495345
-55667821228
-202272753378
166768347715
9075336162
172611217587
-193562327930
448399410928
325029123934
-124278197113
348255991445
-223155673109
-319745509281
-98914875912
205622009057
280817624342
-7137725081
19696991202
259583567722
-267973450468
-124409937813
-224357845033
-163295989242
48599897793
-79929969978
-180955965790
-175382595365
-342167329336
93482929748
111565012449
-277343469936
-29747909636
-232757572403
-206000605582
-236040101201
8269251411
-147254078171
-197249106436
-322849592628
594780156324
168180400127
51655757645
61561048158
-150151617988
-157804200856
169220954452
-25924990901
195626110722
44383471077
58875434487
-262755764506
-450077654109
-129085007141
-10486079666
126033521665
-15778591576
-299972845813
111314762061
263866566386
-627686067867
-106924569095
-12691629500
71720041280
-199353526602
52578721248
-288863673667
-111816228416
425536924215
-75497833172
18577773350
44453949976
38059510667
-162669774292
429748239873
173778706934
99794752220
-216362476819
218053834263
-281837135366
-484028695062
-64596136509
-35048373324
214379911034
43973735238
-229106888921
184118265524
78171649335
275845354481
353207231886
21621134290
-395885706264
329231740929
95208369860
-295839106426
215820010757
99227044089
-41448224158
394232844465
-84455933076
230441072761
133834455893
-225474497826
14398140056
-153956195819
-160366502096
203978028966
-153464604096
-131160185240
-388916423664
-267141037885
371313111786
-262914669471
-92399649906
20183941239
335842742622
-387265877794
-52430191511
-53415045250
-243812799301
162757323188
-274128564639
-73891749590
-325366591347
-515788625398
5336576492
24636126728
310177292562
126816539899
169261457506
-13191582588
50897006752
405949996364
-43774992028
135165569005
-117801653991
-66360656994
64704597901
-511233806357
96672785322
11926892655
-256630488825
-82784431716
-124859337451
206468322491
-289804493362
-301788679282
103666083368
-363842602649
-56143809337
84314776228
-104015561121
426758436065
74141615811
139556373918
-330991151028
-38671089168
287615329691
137685223303
-331618601807
-25016302199
-336366175485
479204532460
-242350785585
173994301254
-211070950318
-75505682079
-51603883554
-111137014708
106940954806
62949038441
368012925009
363013695217
-328353414055
-187070387861
7923393005
-25171264789
-101670685901
-256641042764
-142339509338
74678844910
-284187112607
225473329527
226200688620
-58583299620
-5943533943
-352020511128
-311429237571
-2230806841
-145213551795
-31632648085
342867441373
-205287342956
-460584381910
277801211550
-192365410480
-73515060950
231316564688
-111116086488
33603882627
274167101327
-73095614532
265870040022
312122192626
64497114236
151100612635
-90818984560
-484503551278
171757632644
-149148338644
-17750233667
-185536139860
-546655982405
125102367278
95287398348
-228281739482
-75914327935
-59071015019
558161100783
369135495234
78194068389
249342223927
216614377856
199082661092
-21436487178
63563652550
-384881440577
197693216485
122432182048
-20789964122
212330032624
204157599062
-169340370358
-47268998740
249577643041
82233170065
337721421792
-110022468722
153759109431
-148551776740
352795122051
-100150155184
-208657894728
-332629250088
63101142757
472888209187
33327336664
113937815616
-488907940426
58793389964
5803594046
87068321156
-72109840730
-204599985859
24377703911
-200729460382
117771014982
-193197909669
-164925824619
-57348986366
353123754478
-45103288529
-25987765761
-67638022382
-152666718118
101488600896
215293527744
145943976723
653445811986
-419032549987
-85045695026
-116336636509
-37775987239
141457134799
57084636437
284180084218
-232032550503
-162104693474
-11026711403
-105530355620
-437091687687
-35359133463
-380119606292
61183601782
138532687891
210625532222
-389547686375
227821038102
-27494792872
-180577334979
280176045809
320722501388
-46304002982
-84624499407
-183264207938
-98238686241
-33952564486
-128927579826
-420303820580
169095801980
109514291883
428253585343
-288116042867
-174289730319
-36424852274
-414889690723
57793269376
98678346749
311699037044
149659462674
-308447706541
128701523278
134923984458
-104991624884
72325153372
47323235965
119206704162
186954701190
-367778737448
348395189422
117972432636
-50043540599
162137164608
627918536319
-24429019073
46228846658
99895614799
-130495779445
-247600893206
160108021381
322217641843
95116495009
-259687539185
-233882637604
349723657161
56600196237
85859151512
-443140569193
216822099070
-453743549842
-274802998962
-145930990572
-331555941369
-45095463344
-98737169731
-31486241922
-146081536459
-95928596750
178226133198
69577115587
-57867927749
-39353950771
-14072202958
156855525286
113169090362
85226606898
92527335426
112912793565
-308174742192
-404703493559
-941003962
112164555699
-214554675387
267935184614
47283088640
652834033981
-275835183002
144197362950
120217445024
189470848091
92043291369
-64560400495
93600441146
-59581204761
84855854831
-109352191919
46187728911
-235920848281
197716056599
-534844837875
228903222152
-309331976404
-282730966022
17823312880
239614164822
84618628225
173461385802
462652432019
-76186508538
308171279145
-221276060400
-44558558071
294816853216
-244778180917
93492787884
339161062026
-72885695672
-303336485896
152098188998
-226317825947
-137333660300
-157711837009
178881556961
-330411693809
411887076139
-203573693846
-99984107614
9186410248
303409811683
116911939559
376115941542
28553714379
-93095334865
190943934681
-380197056454
315790714800
242712435218
-239940261803
-175506956501
-65207067832
-117156259002
-202468341365
-145937505199
-73138672383
463936630527
119886314163
500384304459
184580921112
382392946506
96198454637
-265257874258
-19121907255
-115857683509
-36199609347
-172529020667
-375651230776
-83478476605
-46795977684
334634037623
-135727045341
-175486207969
66206950208
-133286044861
62888838182
327516070726
-30572383348
344594396848
138878027220
316163930753
-245108053206
241620004293
133185215444
-280695671269
-174876059657
358499612613
156255598296
91709886431
-357979721417
-119249375918
246890102754
-117319368105
166215741379
-117900985046
-309095223996
28972966640
-48940045693
-205272060398
8034179695
-295744469685
107457874553
111021796525
-643411753279
-361917730466
-311290947388
145065675846
-75219860531
-103745912728
-40599411142
115280201605
-73184771953
-214084536962
312531914098
9681874764
-150634292710
-206158877964
-30452382023
-546939780334
-48726693551
-140713361840
76154227046
-298810746216
196233958832
12620139945
-275525052559
89627513471
-181540462148
-415483914840
50612189046
-160265172807
-322239281769
33652600107
236770589637
337394578258
-211223264424
89965087922
-63737343957
133651763786
-150580225823
267036179546
152207396338
-7609243827
-560108487885
86525087717
157560975299
-112094982193
-198833376957
139114034184
-183064341300
-431431526411
28908076987
-237392670889
-5714839975
49687308505
554350667857
114023151232
-20179127962
218481283865
-209573111429
-117662846710
4975062603
180183773532
207660492370
68681501184
240969959821
265080297155
169581512386
-117996254805
-67953600590
-522424521684
205899808226
-102017556116
17325152773
-272870640526
-190603758173
510558948955
-109850977840
-547376474095
-25754014995
-62552098294
211506903362
-81209893508
60269010873
263751653746
-267536838218
303258339098
-4943484994
85777267994
-19907511765
75642511558
483631261846
-189159950901
133505675654
-257972744709
82781747798
-149672344972
464992043301
-229103642301
54124298151
-23046395659
-187091104271
-175706431527
-35836902885
167780966088
189657429219
266906656865
31935417668
321123234629
194588424633
-272267065894
186792738439
87057789092
-193196690315
-281168600460
630948128881
-29962648604
-100909874013
353951429422
-14816203245
-34744184898
-268126916484
-22088223619
-87711514533
33240893422
-132579451890
-279431978251
101346759354
-209823764475
-309623117939
125769028663
-185766645567
144381967934
263919600415
-356531929148
215394134593
-15316472768
-381695808027
6583415468
-61473579887
-188593589831
99900325493
426059782961
34270052554
-253690168920
-217036554079
309180651078
-68870968312
-369960252371
-257404369402
394526144898
252951642357
-350787292999
106333539350
-59092361579
-255139717090
-207466903129
-11987904062
-198299778636
-148970199661
-29560733058
-400052460040
-181970292935
-138625981689
131797063669
-61260453432
187668978347
-347805116016
-202089302980
282350888762
-223441759032
-177607466867
160638158211
-94613724377
-89748645874
-62783913488
98927473736
656779409432
166951884007
-355939284083
16371667849
-143030830235
68499591709
-42664691338
68748904317
50690922828
-375008719221
-179472824581
-143190664294
151506155205
157143229587
118575872533
-90514136354
-66290790520
312064918773
-172629026744
318675451214
339901727557
358877665767
26524239055
10668318641
428612419231
253563165853
-54833963334
86406461536
146418117803
310248644336
67616038701
-566769920893
243952992427
-248981076437
16949611375
-371635750528
-314262445505
-97988653397
164440422296
-83301246961
190642784798
104450285898
-88863839292
-177677347540
-28835023033
-222261194617
131559562808
141370950062
262342672858
-24157994568
159283044659
97927234283
-233871007474
337417347185
-78823841175
41232638950
30056240194
-140640815780
203349015102
-125417029468
161824803410
57944257520
-50455566092
-537107406136
-290517676825
465239475121
160038765731
-462535201184
112852168328
265980059509
-77857166972
-1092369193
-76830297033
117055552466
181255844518
-420863665328
-101909901747
132131662677
142710056818
127256283757
-136761932332
-369935866205
400363458872
-241754546019
-51213134996
323789701063
154529199867
-44768229292
-17664012739
-161082968585
-114946651259
-32161194194
-156358305881
-81393309928
-199891938921
348683267428
380984832214
379752485917
-110950178846
389652413966
-138137438581
336483777762
58930235459
-216527022078
489322511843
-155261055973
213170224743
-5001096905
45069923281
78290347864
-2184842616
403470049473
-176333622732
217386182310
235475293627
-11621629796
-181510982712
-187004903956
-281542553436
292356856006
-90831947769
352960157048
-143583757974
94677493942
-152689246410
-21262370821
59739295804
341829244982
359125864862
441728594852
332076754189
187499863415
29572429706
-44911730145
-308195172632
61684213643
125001198583
-137248774443
-346989165823
132627068377
304274874874
-103001987198
20674680982
-182399428483
-22000364368
-136722192547
-2630073227
-118466447872
-162811967650
19801619406
651717552866
324109443587
304653265005
-372457897366
-3464053143
-6775956988
41381495462
271336210059
-36086710640
256227898940
50150873098
-106835651187
30202154012
142592596891
-73139220463
175060138847
217591063757
-552500324022
-405737983691
208846862577
-312846710912
-21502238114
-115265189880
-188117457756
45010646904
-100442803104
75112280203
15437992473
122353862180
436495249705
53822667505
62110076870
-209099699371
-82253163
-3615148603
19949305261
-281096889200
-24193474146
26481618796
-190905354516
298806356360
-333949747950
-498104541980
-173804023030
43230066903
258909745860
-191963003259
-178376473092
-464402956480
23050474145
-115115177398
540558884106
-9174549741
164486334011
-409286075788
200090575357
116502426057
176062876520
-57625963332
271441374950
-233692594751
-92287991073
-67032837372
-170095869442
-320826807381
11149750684
6148469719
371621602089
