# Packing of N=41 1-dimensional subspaces of R^19; each block is an m x n basis (integers / 10^12)
# m n N 19 1 41
-251000880980
-75703541103
-300198236676
-345361840034
418839236172
-348595345365
47402331845
-153071522754
-260058544329
110331312006
-249715339629
77201133670
-42981780611
448408977094
-150799115699
-116013161676
19228946141
-4012682278
-107825419566
125885304948
351816950959
-304056252491
254526013872
18846274109
-101483829464
181301455132
-23923974739
83477552920
108140634512
21476056195
-265468174675
188032601976
-323638687343
64477309852
161032168464
181403753185
-237484856648
-556737380060
-361269699720
13741309978
274598530135
-219576009885
-133185129101
174466686400
-114839640795
213570006505
7086014495
-223464429960
-294168977998
-387267396141
-195825194551
116585529969
173242432906
-261089431118
-284001538985
126010505250
-324879018951
144263137330
-490602421354
-206659835478
9532903812
-292042995032
60485507690
125173392473
-180124548522
431776669995
-8435204470
323106071388
94703035749
161331635472
1851272153
-187355780469
46562599623
-165071326380
-105996305223
-396211581739
-23702639732
-1010329707
177366907454
-337839778109
-229044498306
-174117299444
-318286325940
181229733442
136340030812
244766618171
610049133036
-235529217671
98751896222
-4820062900
62087782277
-240004119379
-231607236583
68996046611
33854775783
-377448473498
312180931432
-181552947244
167130947084
128376195365
-316974465668
-285947374364
-276732284683
181108786147
-20109514909
-75717669006
160741347210
-72180218569
18713889604
363997443048
69418481822
-91761763983
-450255614049
71289858051
-15263714369
-293734727084
311739122387
370447379214
216430223653
-64425615057
69989427218
289024953409
-25372684074
216021274045
185043302333
-233400214486
-503927895394
-111964729473
144630169219
-296350724032
-665640374
141703345257
91218155635
303049170472
-215794841477
123166075891
21637532219
148610585203
299020644296
-441770663115
537778961175
9197434191
-178185026085
-361770946588
1638426677
-43083551231
43253663439
-15501111804
243569199713
22377660598
-153420146845
-6521425207
-138084151505
-183819874850
-177548703851
-113716924805
75092917817
-192879556108
135152367950
422948339213
213699976943
-331928318405
-200768478997
158803535113
271906984263
14503027066
64953436438
29186832293
273154984186
317529646154
-432054497304
115223476540
-487171026488
-172283769484
-79375663846
-30042921133
134966237429
237892373712
38306873562
134924870500
-54361213144
-494276482962
-259974344341
351435477929
-77931686078
177465880310
-277497352376
-143132000412
-120678030201
173326875216
309891115702
266116070438
5565544892
58193864796
102353821335
-250223006810
-424202789884
27658463898
106950476502
-421244997142
213156098497
-175527273531
293923983494
62417049675
229652813492
63298349942
393246138570
40884281315
86324600957
-45191783116
126182859455
-383943703256
-162320417201
140673260627
161454560126
-223861152233
-318048314978
82139852626
-134452189480
-371474804277
-28694809678
-242129175928
-250790721330
-40004144050
-53438195160
-442654866682
279665204677
217655906373
-208731377718
72366004466
271731975497
107256719300
202972522154
382209566951
-82413561617
-84538268331
21958273150
-48335039032
330930621313
109112389679
240211419865
206622718470
187883019043
-370450858458
206136651312
449608349071
-151076245031
177251547705
9311966102
-335819762884
175163523611
108922207908
-30262224358
-280909731611
-369238828477
123792761835
408780467840
25493864071
-217653677603
401930946047
311965900121
184457868467
-43547957451
-192582203836
182451642279
-37316742740
10273471004
40117524882
-114820924514
-26539080465
-289360910805
-533592197735
20689390407
190686395014
-243486538288
134713107163
-140878813851
-134784338739
495835784328
24194099099
-233496583336
-103115062704
97882511067
240846601495
290740872592
-51840723399
73683770871
316727019080
-375932215822
242309230620
157435245023
149176513352
-181935633250
188100100419
118430388222
257449388779
174512765425
130053198839
103722913687
-596566016850
-145788927149
75422734585
-232074067685
29688698388
190424678283
67706145084
197505681985
-402077954548
43505201960
97412797455
-96275497205
-154632410344
580155330192
79631306020
-158082155796
-465340085617
37462978416
-47278714583
65348230427
346835302605
-25386705099
-15958202391
19007897938
418961208918
103615901918
215703018938
434743608973
257298651794
63729938471
-72819351328
-9844364950
-156174050015
107819396324
-195991578479
-110263601470
283026859271
-35994031193
-279611238674
-452684232213
156716561474
-163969744861
2067552978
-252560217914
-87305427229
-10820047081
130414572418
124002763112
77242599394
382191553789
-99471646782
-194323766801
-145320528313
43882377895
49504444822
349904089613
279429900215
404627136810
161496935993
-372879724735
-137471492677
-350208239148
-3512988158
99876256987
336680271457
-495385497016
-42272348409
-41230006765
-304508548297
-27297553106
99989609220
65620729290
-203655645729
365624983681
-105524174867
153165701161
275888418616
-100791846981
412160623582
-110109360678
-204851936535
-537382996410
241188978345
-50152224893
-129214816978
279340280198
-300493444156
66934842391
279400226347
276811228803
178451828750
-33334224975
-222266178237
-40586781912
-337156922149
-291155218093
38820990776
-126930376838
78710977515
8569337482
199521251686
293070395466
-6925375865
52303976793
659507345824
-167101462149
437470879217
81395202294
5159228320
-311741948667
240156319014
108513841285
-75207693390
-64024987384
18241857243
-137702277624
-42769447058
96840154488
-61002198609
68449000738
65608360654
-162243837104
59405404672
61548619366
238964696721
-98511601509
112790662407
403256852829
-375029755584
-52903009012
528693564860
117454597084
-86225901350
-7225295880
-410449690204
101316462516
-187560570765
238882667685
262717761250
-67536273653
264180066123
-1556085910
77637632070
-305238502883
121621570022
-384927305437
43387103571
-131793176243
-367866110917
-178916512212
-112800690513
125843043188
154633688754
-229426244014
137391565087
532301996691
-23386713351
137300441052
-65304964135
119924229245
-66376694420
-402410550839
-472559462386
-253834618019
-263276006910
-32122604692
-306229602846
95371675935
433738294714
-29363760818
-323764402989
31893856995
-49391320099
-170419392330
88522239105
32385276265
-405800598036
-339247278292
-72992349677
315589982544
121398453853
-127590708985
-363580989936
224310523072
165373364904
-158478285661
77128805809
-217763281022
229980545396
329320864045
-181412305997
-265414426789
19996863496
-160249537412
71952676369
462330994407
244910039359
369495618741
187310722388
-17057235509
-296162687479
-94691153651
91804632925
88730382943
-2759122458
2132718245
-72743942646
-165634391415
196403597591
246312934074
40786769744
-419170903610
-209272785625
-297052180472
297878931263
162059203296
-367980551254
-468035363557
10355271262
242668780500
80775906733
-162932519812
109234943795
-93940780393
120613996600
-231949593029
-79145567086
122882090442
55933266137
-497847608142
122832091855
-7836020618
-248740081832
185788148894
-68492554303
-230570074
200871508688
-340617403404
-224632819818
625644801766
182094769785
225626967394
-110939007036
-59570987814
309229205949
-61333388468
223603707439
137337329614
30059594055
-139785567435
125819729336
241017729838
-401062897025
-130306456618
407467247583
99447079985
-131362489460
-5888532090
74725082470
-386519157792
235286743594
-278848595002
-176191300698
-72348752890
317549125159
-247218530837
-6922811776
-25235911573
267727303477
-177518641257
-196859632986
-59979930832
322484743625
421825053619
-35067095789
-103833438539
-2236567234
5032628256
-102831173111
271189551085
338681959459
-274989247717
234342981171
314918524104
-133540593219
89348688793
-251437705240
-345493419236
156642532595
202374742425
23405710919
-147400739288
-183908712131
-165433097026
-103684980863
-206607714419
80500491648
-59306426719
47252522516
249518395582
76242775210
-243572349605
-161731529024
308954184956
417542067880
-75366917564
413754997776
-124108390666
485015121568
-5864579570
-67033273499
65101703786
216239531899
-231509237959
-187135071049
97973197741
-258015051801
135808198968
-36936359425
-104887925978
53741992140
-494720941958
322844067393
-252879386764
-349393039062
214862572196
-374509905257
-156734765884
-148455103695
395397277348
-54715070159
404507240017
-210197973783
385833999398
-180086607313
81918368998
34637328059
-130296821545
-137082685228
112063021932
-9034303283
495480116009
-19745804985
116910783251
-288520416832
84836949956
152318875408
48635060088
-103639283155
-288330311628
-5492139595
-40008225631
-230965505957
-359175058533
227168644698
101863986893
313430394249
-257145871010
159510461062
-66269036034
-204589338989
3822455179
-472741968091
-199989081162
-120968126713
-378961219958
5815047665
310109954781
-57890591453
130196249316
-462347748977
136385963094
-38244887578
-280495894635
-443367278123
-328927162100
-98014872531
-299615673122
-103272809382
-169657054229
-250283512780
-97381965890
161664414598
151417345981
-78790037706
-57448342371
466487786580
111111675317
-37315140109
-210933609139
-41644408199
271012639616
164785777615
164651609424
-216347934441
-10311160847
-372725394288
181078294059
88033755668
-35772384782
-227322873064
-42644678695
-494594151601
256198076199
-226691291768
404523769757
-155282102445
-45066024142
-460040544426
145467999770
154807175095
426898272202
21680746103
319745948094
32999145275
54216265889
-110647017165
-35435333101
153352868108
-206511926240
285924436822
210976870749
-84615970918
-175512285679
21432134213
-222815654834
446415387183
41542638999
-15121135121
27785160125
-152489115530
607917073643
-25213550054
104769286707
-88931237629
-219737300167
51564549825
28351325210
185584464173
326289947278
332520165124
38927848819
-113752843663
-119283524451
78076273234
197339971061
94562672963
298076532857
35539923076
-69148055506
-233672797027
460722260583
-99412496786
178297026181
146881207031
-345970848520
502402516429
-49195009607
250298278203
-236928309228
23092134136
-209606785192
-133838290110
-39456665759
-87267712977
92365910594
103475734672
-26044221870
-135363924546
-250490983503
-470650983936
323074582881
-183670606973
-32632877347
-305318382055
421003374147
-294799009674
-107339131746
-133498000363
283886177563
