# Packing of N=68 1-dimensional subspaces of R^19; each block is an m x n basis (integers / 10^12)
# m n N 19 1 68
-84039623183
-165174694000
-190936197802
58934953833
78310269182
-177417418922
-71906635419
-208774698146
-262932567687
136683858364
268805156616
366860609520
-31302026352
-43561136175
207667271446
213630569944
658392744399
-135285314138
-35702454710
-207703144671
40680271164
212022087152
-101393261570
79283658860
-3523064291
-1776503845
-329954887940
-215675404723
-131274769157
-310935409023
14315562403
-52838424768
-558312992881
67836736322
-72068347225
224055345955
-292698541728
-404956732978
407689285618
200282324558
387563211246
-404133158430
379494934212
-117347437710
103727246247
311669290181
-107066875812
-79359564948
-42764447313
-231381557399
121152648838
-235318551848
53892387302
181678210158
-37219553466
-9029020313
-184133716716
-48075050168
176140016892
-48583970713
-358849613513
-200999306274
-389874822778
-116021710120
-93324427854
31172438156
-515640634676
203910187041
-287547646574
-266467029806
-229210948169
-251984527423
158360127989
-22861271250
-62881675199
-115079285151
-47801657881
7676829718
389927577066
-392153088598
46635024694
-161976807265
115417725316
-96137398637
-203844451016
201056827058
-280878725986
105425853225
159754033208
190054710962
125334151606
-281206965478
477107076869
288632391640
-38751728306
141432693759
191918531484
-81479197041
-133071638875
190874366260
-257327242954
-281602159916
84709093791
118454438158
350080436297
-173779201386
279273459733
176382730030
137362831581
310380022713
-6244081363
40088112870
-201495312679
-544379635284
253235807099
-56509778986
-27182692170
-252738100350
282371879298
251601047924
97141150479
-105122778114
-27066319202
-474363789971
-154390186156
61637042424
-178294796839
37637840840
-126135743727
227992836767
334461246282
-437264687729
216767798979
-44099152495
-119860035018
366667658825
246788730563
146042625546
-275465549184
-113115449462
-491557741985
215145860236
-63327264647
68795256186
101385659410
140685928511
-238856478610
-62641979059
-122731588646
-513754856181
-106818132086
-14458722127
283233136403
75062263682
186055408843
-65372854895
-204728305422
-4442430878
186955063736
305679762589
89007754074
-174154362412
279313271236
199506143441
381640144101
-126872911822
222574686011
107109401109
358632589699
-76068682519
437831404199
353492115205
-418524121437
-147072246157
38192999621
188080559854
190490105588
-367810678843
438583605954
-226021958566
-196131473189
103042207302
30421878281
117370887062
107480515467
331653555862
19153988645
-58341063093
-191440261567
25538547987
-9136633538
-31373118895
-31036763198
-429078240466
181267507528
186753836834
-356380990107
-371587921812
147991678792
172772290726
56319449361
-190204423312
101171577430
-187440893637
-22151759218
482088281799
-210639364444
-243669457874
-89029175211
-38731063108
245735785240
148778936587
-124922524970
419192476169
349631121011
211895829983
101601932814
360673327364
45028653939
-110423355929
157969475302
-370666477785
330481525894
-69545682393
-105223380750
86106286191
276415999556
-177722068879
266998691697
323362504029
93158090568
429750202971
88015914855
-186404355374
397312499549
219552455419
441004484771
97539149258
-60825975156
161918655702
131804428310
-93440870639
86564575832
231886408868
-186337313505
99496633764
-127769451618
-279102120957
99587823471
79566720712
172976901980
36770507060
-574593424965
-401390650003
-158808970192
118463854428
63063319806
-48886417250
-223005479761
-25069206158
47782450737
-55751479779
-348788389277
349782855587
-194704378535
4995300510
73888867064
95272566047
-539157898759
-71623482785
-42356141847
-328128662229
52856660747
258366540554
-70119051916
-141481876688
176843739165
452350902264
81396089035
-220644199780
276386601723
-46453471593
-271618286465
190699654445
76187180596
139417546944
155875847275
412760011948
-59273305936
26595404153
114840570087
-59829040743
-59928739280
405684946959
175515346729
-470020116625
178982408107
-109944766296
-326489997009
97724594923
-127504869357
52607353268
-50172622076
403979165890
-85405115506
53242662153
211815597572
236370672295
77101601586
280222798675
-101957099484
287149364964
-104318261499
-124139858903
-543629695839
54516750048
321804443219
-112047408201
-128441682807
419430975717
-118982673678
-252613915554
-22659152512
-219194075635
-55964890237
237823897803
-79587007607
41446655824
6607890429
15347302282
257808224234
-56120334122
-655890802573
-70707928736
-386902137713
332527319344
249987832912
70994549083
-137366359614
178526775290
-22776562732
-7855541294
106531029167
291991830686
-99959998690
7557054427
-475675298000
225227649874
120598569478
-47464424453
142668212310
341541260507
46078096000
-172089472230
36683783398
375315287635
-97026904829
268867009856
-196372409971
-182347476021
-367539279143
55585769654
92070287089
-58755146079
-220307669133
458653596859
-141170358420
532831126342
-297497492458
77130833938
150322752812
28548563282
305203751727
141030378483
-122044383049
242570491751
-172624369273
-4802525974
-272941760312
115260395012
333922253322
-66436479216
-9514856952
-291758389658
-83758319052
37906816344
89590690899
-618057921363
-46992413737
-280574783461
44087612607
116879794665
260261246466
-301613095420
-36620476617
43063182556
113788212030
349668376900
82106394059
214730145206
39756626564
-360096801133
88795393383
570532137226
173167091171
-38802894566
205394131074
205538351487
235245394902
155751346716
-66545351132
155534273969
-302974413111
-91285119835
205171640872
279944810963
19321703384
210098764658
129787757039
-97756005826
321028635975
413651033327
32578515252
-43364724176
-147980238315
-191309486685
216688901129
202378173230
272768240755
160053736507
12967962432
-40014988673
-274536576991
-58229459290
351438476198
445776968911
217498999537
-155806532546
-27204531697
21259217590
-29501451166
-38634920561
-367760078469
-65647550578
58354611862
85912844883
-186294375235
-381013969321
35305975374
30445303473
241045549186
-271396266175
388123768327
301697753033
229123084936
462447183646
-10406481394
-108339690513
-210495364558
-347322100572
-64417050754
278899140504
54676891152
-34243635739
139116993017
-223859295272
186256579406
436448443786
344310003440
443305138281
118951896994
-296989833302
99469954468
4793137713
-123016000060
-207000756653
-149923060304
-30016303996
342622839144
-96483255778
-46491491315
-41256891368
-251830701866
422962310085
-235073348398
-64155232824
-324595170735
287863466298
-271209955149
16964131573
379725601531
230024673737
109088045942
-174486298233
23573608892
157890799716
-1675592304
246653460923
144231605267
59104201771
-320781722466
-96688602903
-325949207672
-155089406389
-206392500518
121171946032
-97795242292
723237502208
52021776239
-30307086753
216853016871
-25928656680
-74790114914
-76884827068
-266192499360
160019775725
-582227712264
162570492019
-96429363962
380485055366
-131033914039
8859248570
-75994590679
112052814036
-184622114198
-39618919783
431476963005
-214073843689
127785850879
-228581816143
25410496733
75360885488
10042535519
-54399210518
415376653863
124202235753
481235280835
-134500119853
-183438703247
-28339618526
309644563444
-23965645050
135081412664
20663433632
-8001457409
240234527869
398851527720
354358821969
135155509776
-144888986328
167415867656
-173840780263
215799974315
-330798762249
112625739270
132419154953
28919233869
66824574755
-256196643248
175381718550
287195253638
-451870431446
-193391321846
-179116558502
132389777743
258686200017
261144396313
270245754170
-295836717924
111893496078
306854984140
290477228165
-184710584423
82846051937
289746203168
-5284620003
183044530274
-51159399978
-358706375704
-26984749489
-589432607269
218010355556
-143602156540
-161956184130
7755939036
10749187723
32870243261
296494715664
-1936074468
205129651825
116151535555
-82285127644
247684117604
-88125304148
20280860844
82386936011
-425905338386
316193888258
-43987963688
-300758791635
-144987777408
146243207955
184062379304
261588627075
-491665646908
10510372033
173057152503
-266593723889
-568757294594
368991273709
3058150051
93468698879
201725472260
19303425130
-76081934160
10228816681
-4767656291
-128344035515
-327300608998
344902038271
137402839124
24356285654
194461511301
-359303284679
-235575772028
11564470872
-7832332340
-83399982940
350414967134
-57580531932
-201110753
-228775986928
53653619965
-27548398505
-414767948257
342741406947
-225579902999
183363383013
359696093107
-146881731364
-85484561306
429233003017
198007729615
-34737665454
-165832678663
-162884207797
-126827425596
406345923188
276742344942
457408456428
-277665050939
-14368696565
-22476851650
-156574089566
8309806995
17132444702
-58383800407
-236257587882
268000435447
231825454825
175371817574
52680951901
-120585252311
-63085956202
439837034043
328211316466
111121289319
-299084089525
208624383246
77879413126
-103811901002
15077359376
225532711088
114512226425
-138784613755
-308256062719
-357300825930
-56108372362
-42939200288
-326402803546
-28580984658
205520818358
-267653617848
-444673777082
339555684615
-314887274961
1077952450
-95463227442
28937413340
119890904180
63537827648
-310765696966
-426811925694
123310783843
-187419531885
165869355786
281536570592
181085461343
-249272614003
7711174772
-134044694944
-343561766764
-300572004880
-57670256439
-567099202355
-53376810745
-79582145586
228610909733
-186891818565
71495306502
-187987329718
-42843036424
269783242110
-2271753320
-439548696799
150382450060
29350308543
409103337013
-82839403398
103566320741
-101466241806
-227366594440
-301557083553
14042793749
273245275666
-454093617448
-294217908375
388352566183
-175899345633
383264281191
76666105157
248657345891
-112202523635
190120322047
31421439438
-125391831440
4357986302
-84197231016
-90300509115
9859361942
-253524881310
-57235399849
-467792285551
-414391887397
-9295364488
-152259003320
-64603831181
243474796231
269824580953
241019836887
188899052476
-94436981545
195330955264
265543535774
93623560423
-40355610413
348042452884
52320993031
-317756918857
-7208088553
-414996145421
-169375215674
-267505413238
-134033522952
6406297877
-30225591731
426630383704
-186326711653
-23974176376
-352980280701
-188329541475
28195104196
-216485315549
45798095378
317516001175
36303319005
178236995409
360847151571
-131798091454
210824231809
-44029761492
431698274012
-31135128053
11929114737
-213252392053
400770398373
-104798702784
-78989355472
-169689265605
134154849238
336519725196
-556108639816
-149710160585
17825247442
178072348107
35179931397
130378909395
29199431084
-260157175076
-422779159892
38693867612
115884884581
109549807261
496374706650
-108342074957
2903896915
119468055729
112398719441
41704036874
-9774699461
-441706199711
-336313881909
279544400940
156435999193
135510552828
-72322420084
73149617916
239567225845
-348481518597
317517004739
-30221990452
-151755930147
-160008312041
274032062177
123207079636
345613173811
404371755573
-51905854332
79879914354
-152069049588
135585795208
-171420438902
-368486780819
-87416303020
-140799309933
-233130104633
415931937387
-211366736096
112454015467
-36616588135
-119815526448
398751302730
-306597849360
-346197523911
188914702281
-105956748568
78158957948
113832231984
-370306602472
272418739903
-26174393389
-126339302608
-280051822149
-32160561923
87712757287
-501693949038
202429964634
356690547388
37338863564
110068528898
200145188152
199454999732
30558802535
-51214944366
-135758321984
215572992600
-239122109937
-105754700810
-34775307789
125907716355
372556929920
-308752947294
44199652550
-311098791637
29079356439
-51086939877
-17960547414
-108507687620
-168144258524
314731260880
16202166308
141155016971
-200809914604
-10836147791
-209843179243
-311168910768
177862595098
-317133967580
528716000658
-271021560600
-24018020066
355242493216
208934841371
59847799697
220459265319
300244697325
222746016667
10200686294
54845918475
33382763941
219395641448
-441397387005
301160912280
96574260392
132558050713
-116952884180
-22456355548
-291786194206
55969535539
214784063548
116244406279
-530250446374
204474162542
192962899498
84523842460
3029476995
206603385392
-184465947598
-66467706210
269269116949
385295945540
-418236005825
178041313414
156583178999
-138505454454
7793990330
71120234167
-437291904834
-126389731218
-386070632577
-4763897793
-275037341193
-127057063418
199968133988
-259240002664
-150147168507
-144819608565
132376875807
18013964385
27703906016
-154359105094
-122926797408
264333375471
287387312027
-120453362158
-459320490892
-281304149330
37035185782
-418451615970
257671788728
-37796722333
155094789769
52850288371
-349084516594
-80223219132
-157172475586
32756447701
90097570108
228499759963
68623751598
339151278693
191192272144
146019914095
103653370485
-40770799549
474223752393
210894200793
467856611369
-281162734457
-38667166218
168512396025
90358315766
-277419734497
-281550941651
-605621077514
119157706059
83995802436
149723256559
300233897238
53726911114
28457540178
-143494572018
97456135788
254245777859
215210924528
-145800457948
-269442592539
257923284576
36417730645
-140663838325
-11944550894
134752066407
-138133870136
183791782047
432231531689
-43982982698
-147573074113
-33802506777
274088000933
-45078399791
-247416056433
432659045552
469637555714
26010609575
43017248789
-350241572637
157247440780
185446775923
-35907591369
-142056969010
-59395798468
331402467468
-87627082647
-133528528255
-89486631375
208973476125
-563729690788
-186376267968
131045847614
99151255696
200359174561
23463228119
292485981940
-332704028103
182205974171
-322387550834
281679702097
170677726028
326928268484
-132717656645
-331584966521
179812641720
-295069094067
-37313830652
-411420202941
93125809054
-112187982569
40271413824
-203327074555
-55544462037
355990524850
338110199973
139694294150
-184575132713
71316679753
-208688991060
146754816165
-91685601536
205969279939
-48047144928
252325073933
72343257918
-177976097999
-42270011306
150330490679
354072363639
371639765416
580575619160
-234106685320
-221326384634
183318132019
-64784778211
-80098557003
-90827965764
-31849681102
176539443109
-64178269526
-47274190898
386996991562
203089333689
-108907712352
-421342987118
-81989699364
142835995678
-118877862495
62093011583
172848197216
195990961768
-433990258376
-109033249276
-169561976496
72959461809
483065165402
127677913188
212329747472
103715612195
55340242261
121615280451
235976430989
534077175610
-46772042699
-51538864076
167275299915
347064755713
-392347829042
333346158017
138695782369
-19386076631
-101229861922
165380062558
303267057479
-39556907572
-278566717264
304831807729
-321368170201
133064826496
307292120771
28732800707
250010064897
28944786066
-230221634775
-103921999997
217958088642
30514823436
-506465730340
-209293850523
-214851303616
-183486182451
163899185561
-175014864291
5101386906
-507880906421
-529353737070
272567717588
164179787553
120762651636
-95528647428
-165919160602
90739939917
-41943152398
-31621239167
-60510788224
287131540279
152276420239
205123684096
-85254770432
108923909943
71562235412
189640327381
-294575549857
243937268694
-640979335100
-164468540388
350442282069
-138053394827
-100985570612
57653088337
-19753492985
-19326024818
-72595730641
-231141821974
25727863843
-153874878056
-212134537955
32262556719
-15072516861
-283416977113
366483068129
-49957849775
-156199315824
148793351407
-65966536251
-53481397883
400015389370
-234824761359
-50983397693
127565350057
-179256382583
74179067106
429729955905
-382773974558
134631387954
-59081658423
148071608871
-169988966190
-409380589084
-102323733627
304801265405
-254758816022
-24096506722
-90248570004
292607211451
-1089159744
-215628178848
470407268230
-13440336066
-364079426073
136203221797
-87533753238
184358352024
-24054765768
115619182138
-191430330506
153869874679
-521976508843
-70068428408
168525599652
213205809779
-118608001606
173041604920
-11904678808
-259705673079
-167260359830
624932303428
-107141951085
-43171244339
-101351249032
-475567938568
-295262188925
153738128028
-86289140662
65133267093
96204514940
79445121841
-156979331396
109243246003
110626828786
57760688627
259161626858
267123079045
106091265122
-143538515925
147883187255
-118093583189
-436507772622
-212056993790
79555915653
189295073522
391636834443
10729957135
517370134448
35503981716
-60714688174
120085218955
-245008345011
239475551272
173676523891
66428356475
235924880437
-382051894424
97006214907
-16055757661
-291092689010
-131124983682
-289079510582
358159063202
2590380485
50628389751
70550829135
-235297837292
-284347882732
358085551592
-308171975534
-126680822401
-212273730820
188095288171
-138293409933
170708413903
-206031362243
530742677845
399788668543
180655247539
392108493198
-157365995011
-99987084746
-47487754448
98606585943
-131786955169
12448300285
-199370687125
146116651719
-274606284631
13060476668
-22456520932
346038890685
-292344230555
-392036388184
-295719779021
-13953571998
-373122739069
-184245542120
42803534423
151339190467
-275982261988
79463040323
-116903500147
235291119193
149207087887
-27904124980
-115202941743
390520770440
121321979746
