# Packing of N=69 1-dimensional subspaces of R^19; each block is an m x n basis (integers / 10^12)
# m n N 19 1 69
-135952065812
159779239285
574267826638
7305625560
-409554163518
304221013731
301750795783
225439250754
153017530747
-205522115890
24592642420
47584929698
42401180598
-149316294282
252293296243
38950163776
201542117688
159929004011
2776082147
185455784719
27386171664
-195343104924
542874374858
-313049646216
-207219473762
-48706595970
271045586589
37614791279
-193400107208
97348560809
-151524662603
290084233925
-252954443707
-142156096559
-155074785588
347307706809
-163179303136
-65651916015
200671508328
349160664625
4818591685
-78059229061
-100446180333
96511080991
217997651100
-189404211242
165573090229
-51120676014
-184390544197
28297147410
69448430609
-47358597575
88770924469
174456094351
-167034331786
394512876110
659659140235
-126039097993
125413207954
413999856001
269367105018
-9603777019
-195734026055
-103695170277
43666686186
210831617000
-352933204635
213865501678
-122634269121
-384835203423
-88781463125
-449354716743
89455488836
120475287911
86383863331
-236007450095
-79450132308
-357958290731
-9869633303
-505999790471
147941568575
-189343869930
-83462222203
91217876485
-248863944400
-71316208353
418261619177
-129560408608
-204952596916
52722214267
-355713337786
170817171340
192625901875
193208706440
52133643701
106147902031
-85123367235
35685838402
461455382024
92332508843
94961590541
-268922936672
-414545966448
-121380907943
-93412678299
-209554169108
-379496945581
-164284916672
28615960263
-72999347125
-460652403452
92626086141
73036752162
-186866648336
-404607451341
-258473781
-471221250715
-15229635577
-152451519673
160030789976
323581413046
312016360872
320754613265
-34340955748
-350109232428
51285398491
70135537809
-12203309206
-153706856092
-178519989663
76474155368
-107934694156
236156921118
-205154530787
-118869269196
-157655894013
199783694170
-39360059087
-487799768364
138505603264
90801634534
207161724642
95813881538
-18358310781
-269260843338
54385886803
391359634102
-266236747092
438525069335
231942154768
-63527446141
100061001141
148395595494
-326949981770
-390834527663
342820142049
115897338131
419050373178
-145020466920
323340938141
270159162126
35374612245
73422735575
-71965091593
-87078609757
113358125912
353379933180
-186469201922
88263590843
47945534109
-105887387277
16243841394
88170852307
-187743095249
102032114878
69044901749
21257355447
-531220249499
13068491345
181146795910
-150608630674
307816061638
-409375047318
154058859654
158673609278
-154881498610
-39576074417
96785433326
227138436318
453274911012
139511873890
-26950812559
242126198629
425981281080
160195447187
122052765
-181142811869
544943344881
-242526392380
-126752263678
-319532421442
318949000445
-261271346780
-98636851107
-1177818624
-149062934230
-19672726606
-41178187510
-57236427978
95606070193
-274724659315
-6886532920
16066527529
24832403774
236599443598
178157076184
-14144305035
361373774556
-314375691844
-456512020262
203634937519
-245326632978
144130593990
-31445497528
492797814971
61556505073
131973023102
-35319502609
27058725409
-592065303025
52110141242
25110815899
176989565545
-59520632220
225001094724
232086047961
-17020475091
-139939298397
-229968212309
-332713840633
-222373656585
61756262481
-282217568360
-103488537864
-258609898116
-303210184700
141881831058
292147345451
-141561096288
-138725408647
187743641414
12674691777
86671276880
-512433040202
-61653826484
-97536925693
-373199025293
-199273016032
206597164305
369088199815
-181689959965
289469830749
260142618613
-18538817803
95222187035
68980081485
45920558159
269613831358
26525695395
-34084331835
250579876855
-97070945484
-260060367571
220123350492
-479830745389
-370027185273
-137881421058
-431645022861
98602079827
27897427377
-102678353209
191100098507
-179901540553
-264090517136
-53648249127
-5352598361
148829548970
84840856281
190875721957
13735595912
60114135990
-427959289286
-219542442133
247669494090
71717070881
104559074279
282631333740
-620346762755
28780375084
238396963717
-113279138332
18274473902
-280848076852
84907668669
-85044343551
-233295394238
-264495181329
-353996713
-186305612002
112419714623
496019196813
159327412785
-166509966362
95307688072
288963052644
-274741646225
-214082484667
-252035839989
288637978095
107265584940
93803494032
202252989019
316142971942
-155984375241
-62942941655
-220780555782
-99729190329
87475440591
-92371227968
100022318997
-181629405360
-338944075217
-358242099121
-618926532535
74947536875
-81872836990
-146551791281
-30427956724
-160137863232
-298890741259
275637863861
43229946604
479443493066
-304991260329
-212863730113
-215145409142
183079732546
-44490278241
29688624395
31569230256
247365907647
156448584424
-71389012602
-241573341416
148471933723
-326768285216
-72159500058
328285735869
330332089241
-130580275017
176208923068
45536047790
416699883052
25283901654
-13136522632
-337713887703
222251552617
23517351176
-205582345144
321373907493
-174438350102
259495462520
132849669078
71410627822
11616619193
-366858360003
-428432539778
17771825376
-210150826043
175106419971
48338741013
278184220507
-64819320229
34539487451
246725713822
-395455278484
74102073693
-87644001328
133283102762
255218646979
56583939016
-135437471779
354322810078
-195506487502
149524353171
299985957143
-113201260029
-268208133801
-468122496927
227772350741
319754574226
-162512064757
281319391146
420345242122
211884953548
-48856989772
331636530851
-219570371816
338064144799
191218066473
-17429028189
158584294698
-206602986826
70835642249
255144046368
-47637882209
130054806878
223317368902
-125191893553
-193360758601
-102375109390
363227438212
107306567347
-234109290422
118038887365
100811168981
-16982796457
602881192545
-129061482775
31162733693
-121860027660
-229633001149
127570277411
-110904530095
175509103823
-410851092888
192266673810
-32673396152
-253620512601
64721685829
78269047059
-2755408811
404161046920
190669091575
403108611337
32311879566
112699154327
323769098893
141006789766
53697720791
-397010383190
-479021968340
-168862669353
-10796602420
34774506420
-61898904906
108643659961
61713588697
-234945590035
10311381559
320699450348
220807878358
-46499441106
-162407289972
50847120620
-165510492605
528915516869
-390702950827
-248806896534
-376481511289
-12944727515
-13652774875
-82812331986
-214629476412
-172160446610
-390619324899
-104696543993
-17253682847
209023508434
-232014162096
423887897283
-127623972433
63985367518
-170052688539
266953540619
-145020799451
370686496959
-127734301507
-199004502168
202449285008
358928360886
-168127999117
63870996236
147887996060
229639572272
227522335887
332970031741
-21121703885
272518664205
-53809925984
363932594767
-44817335842
14520400419
214822499625
193871166056
368407470121
381782019584
181010668582
-38363644153
-234782981085
-262513782664
217731719156
-38199586793
-108364744752
97434967897
-8067936399
227776295109
-64973976992
268207955092
63741847003
-110990670252
-578939944558
22573902811
-217934869672
268973397626
374630883094
-36046061633
-321413679355
-176523907575
115021643752
-295812621670
43632757762
253183960232
501378136854
96641117168
100920417697
-18103383549
285563141659
146318741067
238650212439
-146861389699
79120469599
-53946208019
-163577121698
14786752960
27610345822
-182181627831
-165401554862
129668351038
65525973894
-603841000127
-209788718946
92312364780
-331186027263
-61421082206
-198226577606
283507322249
-43498257098
-389095751963
-121152475056
70953202469
73935524907
113680432228
-394052297822
-70076233849
-439672000462
18444465900
53657195810
273442029988
-302425904873
-193260119586
-180141802099
-210106740295
129221162346
-221426459856
276167339344
65281065584
-127922112156
-131513344470
-512011096985
111692165806
-302674972896
294563810574
57420282030
219750969409
-253475897949
-253925094176
-217875019419
159189883152
-95501957992
61557586557
-70016871614
66300837756
-19396607189
-265519290130
494487880724
-286394167488
58442305648
-368109415981
-31856553804
319188337469
386743071909
-37978268522
224442790276
-16017221469
337271227764
-73939622821
133028463283
-214520794795
229817034648
-199578677168
424872636926
-76125862867
244362647150
66766849477
84123727289
-238349472270
-230375460041
-259015755011
-197339121982
94940654890
266696819734
146670697612
191134501716
312238213234
385254000895
61314886985
52846447831
60966481388
43993196298
60114309203
266541993971
248200460100
240972897284
153156881411
-103981712349
-176174965372
459026787408
424820298186
-400258730145
125040151354
154931448361
164956329372
148027097686
223104683238
-204929965469
60452773176
66928632726
479392769688
249417762125
605485240611
273409648491
148001773830
-92076227963
149005962748
120736401016
-142476089838
-141756502269
-146936946849
34106223413
18778371409
145585125245
76026384341
-301270407128
-100359253148
148655604088
153457345726
243706743767
102411532325
114794758022
166578871383
241467064523
-306977992722
-169886157321
53883296447
269529743127
-201492190604
100600568855
-168237525873
-276623528636
-24033831172
569628686000
260092918767
195819453786
49777422037
-325628450509
265474603160
88534581558
187140277185
-164612679252
-311458432496
-1571147565
135481842249
-155283706044
-25904823238
79084350937
-64200343098
272850372845
174433898359
-21424035170
690771234313
132395653010
22429836595
163544889869
-12372479290
-80721031458
307384475975
130553269647
-156790878457
376538743590
-298432338080
274267672154
83082334353
-298342597965
89167725461
83735471636
-216520106002
-591413023662
-53042371253
-34049937899
-26768861200
-110417550376
123344937755
311354127776
-21903133090
-268633344210
382203554526
-409395735609
-302446617564
126929022345
-65364720612
-291194731440
141672493048
347237176058
-120032997584
-77807996336
93402373133
-113606467312
-135374228204
179181661822
267759774440
164206301377
-95048011935
31713071015
202515159814
-146075657574
-483274753869
90757718229
-83983252211
-239754715701
30493552685
257793867884
453469802139
-220379531937
242800460348
-291102364887
-281647106869
179552045979
-113862719970
67142117354
21774284107
511381314833
-190323999492
149610595653
-128153540589
104049951382
365596649389
-69817132101
129229345613
25768945974
8699501047
17044617546
-309408184344
-163082586453
-45401344451
426465342431
288556011487
-323463019573
41674063725
-62234731060
-143653185210
53332360148
-144119211218
280086692997
-45146783959
117486327169
-265650295229
94597557798
-69209060177
176412094080
221388125173
145446289614
-585997179785
-12248964464
305796622941
-123402836057
461920438266
-79597783401
-528521229392
245484730767
71571160323
-157949787805
-346331758655
151993820412
-299093397955
271153389499
-12979636181
37428941238
72717229211
-133820526129
291906922989
70128652173
-365398212195
181127718949
117585931824
-46169931060
-164709253013
192152614259
146182594352
-419575554265
309696971364
-212062240001
-1906386134
-67069373662
-74894937155
-558328909813
19974422768
78547474724
72142884686
-241586591195
-46418226676
359222020849
9182119562
-75030972793
-148647143291
-271656044512
125116464274
124768854487
-62887607521
-259869942499
409312806090
-45860727647
402179774168
279195067438
-289709642599
-42548738590
-269258069827
21369967672
-138646438681
250822772640
-15613454973
23975633718
385138864804
-59689852220
307255171484
-295171745658
177370220383
173740005919
184591552059
454482944697
153116339746
-128960229687
188681127812
36106228373
-383283115152
234504290724
17850243151
421292169504
-144379559035
87236283440
-221766691941
166510570530
110510868184
-190633259718
-268885632094
-48352030032
186341257784
96855553932
-34494088307
4538759328
14342001742
89253177874
177109543594
-354426762571
-156595090309
124213449718
184157526874
-520629237973
-117731114742
249372583320
-164874545095
-516141501790
18367959915
-428409650221
-108787499460
376206794836
98485303923
152595710454
-43349504659
121967997813
90453430897
-65599635271
24584279888
436380486691
-313766734599
105704825207
30735433073
34497058726
315923202249
-437712098098
1238299358
81747159946
-451909127156
221181175372
-266182101566
137787999876
122505007680
-395264710851
210497694295
320904140255
-327732447553
1293508538
84068765338
150992839884
-96653909678
-300486747359
-178771089559
75386945026
107743869407
149077766392
-173499465573
-488561434221
-44468103101
232536552316
5663883516
-203004639940
-231642281828
-223232194476
-169158576727
-83764228093
201336684074
-24454163325
-246858678824
-171942765336
-162719213551
90107634462
-36136416952
154215046006
562588680924
130626223772
148066135203
373436391360
258763785403
-352815045671
-33224081286
16890389552
27294250226
184158961936
258120358672
-175911325568
-466414263729
-138927637286
-413114682505
-129766021829
-66128100178
-140341063315
-163619421666
-190669137538
44992220804
294413563747
153741387154
-309501390761
-49905765721
-185934183707
94012888663
-99927174204
175890028032
484451889764
334812937914
-102190743308
26659859448
355386833281
223693920987
-194943146668
142161491048
-195527202492
239324984249
-138072435596
54756989995
-271017790168
423149151373
-226394856790
-37223040328
186143243763
-205942306585
-15998356360
-203235214864
-53279689176
-420793538498
-101555953312
22214886448
-359687675589
-283841420944
83058547093
256207528095
113318477226
-295291864240
153221063701
61141287444
-133346795601
-166013594746
106952399734
369708356575
-297370627623
-128356375071
-260283226958
216098636162
-108825737788
14045259587
8527821276
356268309491
-19892885145
470889163620
343999084901
-200017542776
-201133270818
-312599280638
-2965003870
-96802791549
-78386843048
325210756077
175687149256
-262220908641
285242091493
-12419652275
349119508639
144646982836
459987444487
45647783492
351082130628
-109954592297
-244504520039
133725248263
-67618146911
160584451369
65900234322
468438619815
183713754618
226198880514
-419812377244
-398178448398
-133003498986
365420718523
-33679502974
154678822028
29204398504
-113915726576
-117131433499
-2809304502
127165639632
258078226796
-247390918216
63456022074
68362230872
-324912969123
244022589254
-148181799481
18133205572
424989433481
-14452769510
-272773782937
-254397466346
72734451398
50166420519
-378744414992
78800877098
97031784698
-258529192871
-102673184566
163971647444
368494343133
-10326369911
292591491679
173891787321
-3106371478
-42274109712
225955382683
-127108294170
-99614051200
-300123095385
-166343161873
-270723336483
47288340111
19578660584
55720120177
-221801482053
-603739150800
-317661072366
-37813959129
-143215587018
19186323945
396429268221
-390030080440
-159833580392
464715650015
-156495583515
-5016167067
49836273161
-133004085580
-315714124647
-2356358622
296373226875
1027553620
138695263896
395232245685
-35875130950
300982784834
-38085233332
154010062717
-276691490985
-71483697603
142682072991
-196501525420
-23913996177
137862689048
-154934922670
-125198765691
-111181652997
134971112266
-265939883291
-27080489140
23791751436
274256785327
63688589692
19535121730
-478158465057
534455483290
-315021245260
-4005518844
-293227181460
-221683215843
281507453228
-11123713684
175552057879
448156941619
-248049698228
-36957421364
278808278800
152339696306
197760633981
-356426745724
-276791133926
23786141479
239520114393
-8150252161
-231658045445
-231864234885
260221560645
-8989127734
-51199340937
27260213045
32502454714
-135147667373
-166835959143
-13072058188
-458701842866
432615264556
381803730578
192445785122
-74317015002
151129914478
68270517810
-479824527111
173339005113
-155482985607
152818001274
50358148221
159905940397
-580171658780
-124911930619
-222615986592
276867165973
223362440418
-39292102100
200537895107
-345794551812
270091361915
-42844426032
-86795221812
-72924836488
-236386591911
-60294117396
289408351049
57459562843
-106920926774
-3269035052
-254378819470
126271498014
54964318669
448890056335
18208882544
-79577540649
113390851246
245892470774
11584066040
-496786090427
289385486720
-300260816802
-368466816615
-30648935480
43958736923
158604269596
-168547201798
-223377101169
89707888317
169022039844
328628045743
-377138226181
322063605885
518364325989
-65880780694
-28627574829
4405063552
123321208111
182973278543
163045310395
14847218754
-157221556586
45015587456
-23489967926
-104086437457
175563016131
-72668204412
428724932420
196555734775
134823866667
-282380129623
-124117466939
-342749093268
15753900658
-68218332487
146242873610
427399110708
2847826570
-566795334051
-42384368922
50273435773
-48587628581
-281638040853
254960098303
-104930935964
166396367057
-6398500013
-221877205290
158216401704
-37135262058
-85003751021
297221649179
-34622329323
-402217580022
37409975363
-12879313273
118971052897
-206435785185
-108784859217
224891376355
56221064604
109049356980
135901087593
-73610353632
-22697148946
485371302570
-565029540939
-48337910219
-69272956532
-47665882297
323186903632
396748330671
316260393983
-147951017431
-69200791669
216638187883
-209982920367
19584766085
241910530063
-38399758394
18539138465
-204312853418
-47219411105
-584494391891
100845888036
233474458860
33751912446
-194975606787
-305810892142
-207515306640
50486656338
-62937148495
119157507570
9204454253
68371257642
378486870215
-159519979575
-272138085157
-51015462206
-414332016623
62997865408
-388196616692
-59382931907
242784659849
-405742319498
