# Packing of N=90 1-dimensional subspaces of R^19; each block is an m x n basis (integers / 10^12)
# m n N 19 1 90
163630520847
-116132018154
211639673748
-555789626819
-226273078723
154260619122
-214486440558
223665421622
-87106590246
-352345764800
147260708710
358890994114
-10510777610
-193109175419
-16836855663
82585779203
241600395665
77092508888
209703034303
-31073300825
-171277400764
226228115293
319473090404
-405688368566
274877679836
141453012750
-58572645351
-258245656912
238483011332
-47449471734
-161633274076
272411368089
182335703455
130864715633
227906814052
-344514759180
314894990353
-81014971748
351730628483
-138473437569
213039007069
121422268387
321191394528
-155535507870
-232710493713
-167576422421
64201151093
500581702124
22071339288
66082407999
20549752200
4383315668
-312833685735
-29470259494
269805634528
-187986171303
347165369861
409438650994
-216841766508
-8194601615
-156598797617
-17506399185
78833510984
-50382896548
248771209301
102388624202
58267679878
-121168597587
263957975405
-40475975027
-151546387067
354106496785
133382509626
-140919205506
259931713798
-579964418909
-487772112794
-114179310502
-142184990013
-112238658968
107358473067
54902339177
-615632213918
199899538441
74095005134
-204609263259
234141070295
247989964385
27303073054
131772579721
151064445700
402494390
73507416490
-51349801015
-264722649045
208989369486
894797237
131277333823
52604208130
281650605633
-314110185578
258145348056
-195747693607
55466676994
-191556971679
-133134704729
150780120946
218779089969
349334109241
-222431987796
-465083546010
-172621574634
-326914824855
28183579557
-156354594493
229416785183
-3742847227
112380997685
181163886001
-19284256744
-87391751621
420029664217
313695353103
-67969448422
-283147398885
-101334205591
-330594958035
-121190467015
-162879752090
-92490019525
203784945546
437481579463
-327985835313
279669808130
-46941665737
226120017550
51735068240
-48436566227
-116513673427
-245965677009
145547505181
-368356453961
-214595115121
46342352452
-51049678426
334106988766
344334440701
-422895504876
53966301961
-105141823750
214074512205
335930336038
-454841544829
-275027258397
128157577638
-80845784412
455370621963
-57117040071
-9144743041
-144666611
50272463870
139353911706
220300984079
-276688154961
105411792147
-266763311798
42861610042
99503438660
489432658343
16217417532
54359706974
27207176212
-59278144277
369662819537
291780764623
-82763966294
60350398490
-230492888831
280924465954
241224581775
194055914506
211634578523
327713458392
467420268783
-118625613179
18480381161
70803054175
299328477955
212254836139
-104073954329
-84649466023
-510962941860
216560555921
108075052680
-29337093949
269126909703
-243151475560
44894321281
-42356084149
-41881403222
-214013222336
8569229926
198528522240
-157704891028
-196534980867
529895394065
33110932572
-240738578873
215801847986
146392452015
-187039075754
136613488440
-134700470585
-63459066591
4470699667
54025978373
229319747720
-68972097383
-112757976570
-268095183369
-388426047802
-211830437
26230003660
24240390883
-548471212586
-407893861644
372095044602
-8659978369
82619712532
-510815581895
388342163145
9088709720
257090284978
136081929098
314532195877
173322311069
151041947447
-289106845219
106424050015
143364657149
-67310545082
-76800238175
-308302512615
-193088753804
130869982357
173093294309
-199091632337
494143664403
106461155014
-213228425107
-102126357541
-17718394712
288847416684
-115450637220
-434864315544
-80170681218
340359576313
224104646670
36343620346
-348859359077
-239186477843
6380255969
130773591389
-139917591608
-53214937806
-100644705727
-142700616841
-20674426204
-167887984789
356465176781
228690906256
140543862014
-372360595012
-123510549711
447047643774
4097369608
-268914383878
-38155782571
-186438830679
200245402507
261967909130
60920368586
260198005051
-52036332389
326725904855
288766101909
-37079165409
170192329713
35995926872
150353847360
4455772589
-220039123280
41342782723
-530902572847
265657487372
-217327859775
-404364901332
140114958176
-301228401073
139909360734
14641982770
-195980219798
-276989189549
-61324734496
139693602849
238242087565
201392817511
86308851545
-312847660465
28200605285
-131066278012
-410534621495
243519042149
-73888674137
-260591879463
-449675455818
-359356547148
66676819015
208538041416
-62962033368
-2953764455
152206445406
-228569801627
307964583888
83685950131
100573962461
-126002844111
-146482102260
357751283236
-39312854527
8005883549
488314987963
97514195780
-413493482253
142894547158
-64601096903
-70851640130
-234003945978
-129369900
339645174989
-277654972518
-159221702203
-309234794434
-222708687722
22800089713
-161867040363
479695160185
-373569675558
96825871775
134059919784
-203638008366
64133490945
-330228843412
160173103027
-124540196067
-177018020023
47419120252
-174754398300
-249836835601
-21983537360
-328970744589
-129890687801
-115177008649
-127110000211
-102650844819
334766917209
-39383917562
449393067102
151531249252
210389116848
231756819969
-17174411766
-47187640642
310394705332
99572644706
46570939952
96180984766
-128136636222
607318094878
-34680901479
-14828884352
-387243022963
-122348792263
68087782335
-72064992997
-410111655721
-284213529296
-268035542544
-12217300673
37739833341
-7381808375
-132585128869
-276711735765
-73801527371
258343823278
418543566004
-219074620718
-222960153077
-251722812904
117962758670
-256037214947
36764534349
342726533168
83951429055
-191566189167
-61564316412
203758875952
127115351849
-498837103983
444767719766
-123696488695
60039594615
-167085410966
59098109846
48326663741
128284170721
-250187578726
343724343625
-253747206877
-66382410201
72581461824
149573063363
-52839320592
-197995674327
47244118318
-81249186509
-13804033055
149095206394
-118061762588
58613961741
-43900130471
354905270009
434951829138
242371782712
458997497332
299327571400
-369940387420
-334476745943
69997475710
-65135001796
-155366298971
29610728500
104834224302
49841333989
-229704668150
143178278151
64467743278
323109367092
-375857442452
-88651997163
465328213074
-30681375417
515285050610
-142591011534
69736947921
-36870326640
-213047095560
-388871611518
-146984235428
170646584051
2743643812
110430072486
49369403059
-507520755674
100225012474
-323127327807
325883893433
-178320605935
-31198893287
188149814828
209990990553
-313715964281
23254373078
-53087767576
-213884553374
-112471292052
-274757515433
341562897728
-76300459705
-379296763531
-165310736908
160858447953
29515762577
-444093916282
-279551111382
-67397709619
-388998377383
-237997983954
-69184189399
125301476493
165442226192
220708190649
22879060531
80400181225
25657682662
354545992119
278909861788
-341987920373
83488649584
131409122669
-4714036293
-40239338415
26983553969
155818336864
239519875674
351227530045
-349676771881
365844033698
-313834206371
4798394354
-137430272093
-232830202906
139809162636
-248887484307
47425362127
325584604152
79188900075
-9475495788
402805061038
16256839713
105846525323
-18055311587
-115294510510
-94878729492
366012940689
231209400479
-193069678110
-90167917213
-125962090700
-308790241207
-385307525541
-366865382652
106958973434
159523604265
391568995863
227375774360
-156055001251
-210930324890
59492793913
50821988514
134201323407
52020524964
-259171915763
-133903285843
-20599255504
498218904455
-12079643978
371134398097
80760786070
-406053178418
139169279207
255635218097
-154028414997
-324160732652
-155001294505
14787872775
150464387658
-251789193634
68790789094
-34920749815
282184960215
143391447028
88550048183
125168327072
-33918028550
434897027435
-153416352505
578922472025
-129916556077
-7937484355
69658430307
308471515680
41933367205
20343343427
-247316816005
275993243288
-424753507940
157738677531
-274400302655
-218852295231
-404386352118
-42998241028
277016814105
71105984455
127776953651
-23092255672
311874581614
164593390072
-208819339507
-290672547313
-64801389526
-9098854449
-200188399793
-387490729454
-519001027499
344937541913
-368281969786
126318865231
89949264114
-184515775658
-103823095919
177601008150
79880874538
190604586811
-91638196531
-194594214715
79769730295
35692099119
443949678756
-117126169216
181781692689
-289473542724
-177879393057
-284134411855
206655938515
-280250059490
243603445986
-94282250922
299494658879
100041197021
-175095390145
194988845892
150304207368
60933270774
306447699320
-185800088760
-217665361033
-556345600421
248633419265
77833445691
219923602060
-6615143974
127160927182
215783662780
98265007436
-182606675763
323830079182
399065845268
135653636203
-129032047396
3639154306
-220528289507
-39815188665
79446414668
167150404816
-291215113309
9277232618
-1027867895
-251850757860
-106112265004
-298502259201
-163779952775
-247829970975
183378685242
187597570696
-85529745235
224615376390
161020889607
392084667650
91778257790
224077039273
-399251770312
-165881908766
148358837751
417214678251
336715185656
35337452410
-462668412031
22009632488
-182496376614
-252760083101
-430515378074
180784162462
-51725800369
-84370105518
187034377969
131774976865
202015604646
-353786652112
-237168120193
211113780231
27514816353
-41101226168
-155656276029
-154921016385
-421909111749
111786917744
-116896608499
313158493597
-235892199567
-77230575173
-221025539645
-194337780061
-251659135549
29313294125
279794854097
-239365927487
416442315894
-13576931949
158216611953
209964199463
-52640447330
283308738848
-248737306208
-312885595742
-365742881364
121823655168
179847790177
-374740247
161442134821
268300709302
-9443910309
204935532442
-23660955432
-64500631271
-278719241902
189697417895
-86693354589
-556118655767
230090169318
31755079286
173257814470
250190039298
-11061509344
-240575963203
-316865954315
158268905275
157276714960
-92468883551
209186362761
294186911389
-416998810120
256528585461
-328290177931
223556150647
214868228301
-19481099052
-117161228048
190511364971
232445511228
-205704999701
-60460594838
-167268537113
-133666153416
104886680250
-180106163734
201164651707
-375520554229
-34054779481
-35731247085
-253065592338
213898420114
-28640153062
-536347409717
116444942929
-125763477131
-140822128757
-239386259919
308062788181
351342525927
-117678076420
-212149345390
197590143966
166793022704
8949577463
-255579177931
20830568686
110128862891
314074117273
43288357409
-380683331301
-418650081095
-232368453294
-359128791791
-134921960363
-181078260338
1746186481
-338497292747
164530272430
-196518256216
170622438640
-69611126578
266838330310
-95373066667
-630785234210
-330224368628
161828490132
188655947435
210854338232
155852361907
132276047323
-287602880957
194487239783
-235242633242
-72355879913
-79674283672
-26386452263
63250200899
-38722909677
339549207876
29449170632
54030950630
-479021437273
-364723087232
10257042340
177681326949
294189116957
-194759362481
-104019449248
64558962326
-36179972955
-301496248691
246239440904
109846945938
413665073222
-49521614841
85517362179
45565421889
-294032797877
-18913028473
-384596555062
364100479951
240827704335
18536000846
9726938473
154521133196
168576920351
-318952910500
35119072492
-432039209884
-234620417889
-69800766734
120463213810
18253409304
234943254764
316720720366
-372612352268
-296896732619
-337754379649
121986235124
-98734017174
-24957989829
-226786643914
-386446627456
-36721570988
409135824724
82227158578
208088284899
180731581082
126147993683
-131769479843
62858218938
65676153802
315969891350
200161632261
-35760327613
44021625875
-161232090635
64112563062
146147233755
-35367006299
734042153318
102046744261
-205999893845
-277939923714
270525480022
-141790345410
22275543289
293829949167
-25862755890
68938504750
276604063849
-107141924933
-40223055552
-271976705043
-16452478408
-530010220256
356870996006
-149408660654
-159806881731
47879575325
-101389505772
139505446875
-315679286733
-184178146205
254246523181
15568429320
-178641274727
-60543586053
-163186539457
-201541924261
-356509968177
95967440044
261840453312
191998676441
-263414953677
-235386890935
-350010324208
-194676519115
60042250216
294283671134
-111798314674
28805904408
-166269493446
-316585287463
124350673202
201537511275
-260534749763
-285740547031
242085054052
-323247301248
96263369907
-292764870100
465198051433
-112746953630
-143627600049
84996069572
542413434660
-194329527214
-374580474649
144250589726
-298533400813
-32947339703
33687390477
-114772919543
-168352179551
-151980930186
74564114115
20718985008
41513626183
23469958918
-155473598393
426857463535
-140583079040
-67540583063
528054967027
-149099818855
-173984254270
229369570686
-241966096530
142769865394
-5525282352
-156249260260
167782724701
424130747604
-127280853479
31255383762
222855127622
17734177131
-82293771787
44068046078
284899185492
169953489412
-454917878463
119117604397
-169252276103
250869185239
-150873784420
76424661330
-346530482450
-415227321988
-60723552302
11842305233
171607028604
-160243877630
218418340010
297559728513
238304938066
46822117808
306871052026
24950594432
215977741552
296274077123
-149891704770
-119292474777
179748458206
161371762100
-185135262592
-2737569752
399120437431
201406642966
-381680069326
20155000779
-110960185950
480158399380
-59632434470
215328816378
52128148111
43701515825
-67788399757
-248737271486
126528317750
-33273064087
-455219939756
181396317142
-359757627957
-343881764063
168003063226
187250614913
-107786861384
-38301314239
-334293349623
-81349145277
-238535457315
321160578464
-243488624300
-112363665175
123042149704
-89171426289
-342610570347
126999544285
-160067825174
-16633886012
-126598628136
145949102802
-479363636638
98832945647
69457431947
-326841983066
-279178599901
208504050421
-82671009324
-52140461824
10444129569
211533735933
-503130830264
48958249100
-302052708695
170970850466
618435874063
117739149713
35439349679
-123519980996
149326964265
-236129831054
-334204751269
-319234855571
34347998766
-211341027397
192365807482
133633103647
-60568220237
-212512851790
-93617872352
-119734487841
77049036030
53415308824
30085948675
-1243918164
-60111996062
-231978323931
35486940326
340983121978
-193190453284
-209125845295
-148189861001
487341148360
-115606681279
262845397108
-282435683881
87701320684
267809818242
-188004331514
-444800808912
-18703134904
-235287363209
140768922973
285068007543
-175336523792
458857466329
-146713124923
-247425029383
-210102663848
181372827196
-96161903367
-245336612566
-91315636679
-275447262360
-286456582686
-315964992582
301299659577
125446534957
-8816383864
-127133636510
-174362594719
368284014549
-92531196361
-205741344678
50059091741
-114273899704
139466944327
177622321302
-15954294453
21921539418
-170516579947
243744902347
2783787177
725903716450
12989077694
-71479227444
-270527575189
-75599180726
227152294849
-114207162280
-391969640600
117504834902
-36369077059
139747034529
72595857942
-151911774113
-74772901848
-478596133027
-120505276753
177965815182
-425217209992
-129319723431
168245568296
201671226644
389083373485
108437648468
-90649707369
78773774312
-122294724139
64000082525
366070830740
-152184714352
169963319207
-349317666311
-262614202446
213168401930
-34106382585
143856823822
128535726649
-62633553313
224991510916
-464825170270
197650196728
-122808449732
17115300300
-434546659253
-23066784264
258161402651
275060203550
468077889602
-75213142688
-51904268839
-118504387453
346054419410
-114544645053
181098910061
79580629066
-419276919648
-76850115849
71805892729
275648757391
-254139953916
194799752074
141669877247
241299369742
20311652557
-59259567253
338544031878
-28109094053
-263759037550
149326569900
351152418817
282275959046
-1922140288
293392578582
314107688531
20996971035
-52062859249
-212664641483
-30306334309
-62709414935
304577573350
-466392985208
193787259695
-188788326965
214779220356
-10926619445
-341673124233
-72433073228
394194333104
-130335416384
76160343940
-370294997785
17260436164
420459179601
-330559086837
-5087185410
112734360601
168992688939
-332993094482
-42547456222
-201075179099
7389143505
234535833521
-332225955625
-149638695691
-175670669883
-316759078129
292932379400
-23451198537
372382612758
129673050851
369757850425
132019320537
50304297700
29226482315
65725942346
-439718716926
-43087752447
-78273194691
274780743296
22193235651
180491729350
137183451464
140427189329
18312883722
-224464760121
-55130305808
112617741793
26758967690
424686604354
579697954766
52489090035
205628873411
-162129015891
167689260080
383683669121
51003811481
-96962391558
193346433482
221978223645
-32088886718
-413552406029
105678852836
-244850739365
-232521627460
-18764679027
-45000951266
252220154459
24329080419
-305489501955
166196308265
-121827267053
-103041870005
405074074551
-174118231047
-24219099284
-360022047381
-391086080227
-110530110747
68164880909
289107557723
289291849833
-88063473455
205855058845
165599186977
30505452232
-41783738663
-617630101141
-197588647469
-162687874109
188869315577
-327202237277
-132192242406
62403518461
-101835566097
-138823831463
312951449585
95869395986
-292984369878
385114041489
30705086739
-193899597721
-29040135044
-334303122561
-231080489299
-203206478404
-246505547384
-84945050945
-134067122863
434558975295
364924541473
-137440851763
-263158100655
-139513180541
-39278094724
40901414943
35023498374
-410052671554
-49770262272
16755373171
267713993163
-199571462974
311212613335
46365616712
-27861465563
-312536190300
-213860458750
135850789772
309687067091
144597828554
-124808428066
365843888336
-97196374681
296388251208
6340826566
303945169140
-56133518293
77335117540
-135092117123
-58385760709
-296757582299
2715592706
155291532539
19230216649
210632244684
-249153343632
386393257447
-355096925483
-410760142806
-282824020057
-397781327916
65945708966
92057534310
-93400597656
-215231320317
201785456468
-283856262978
-163401048990
316043792653
-65878415992
250303397826
436693869459
-229599946664
-68560599599
284025391164
-77175661367
452055487338
59051317417
147991953000
12691052704
-157120980162
142257825162
-81604855094
-262489303413
8526044882
-259738546401
-248323169912
178292949707
-121018934021
305058134028
232420779202
-111005042222
174252875257
-257390738161
-411716656666
-246832898165
143684126807
410796650622
-355448967601
-13360547319
-5199818528
70708231099
130244051614
100769576945
145255709050
427427436667
263529911735
458668696728
178911216508
-142853678323
-124483385246
217660925663
-169383797133
-219722531088
-383511153860
352960562097
-31665064482
-166206260656
-24976006681
39518188945
96783650139
-46126955353
347930809273
123889588428
190829767147
119820799222
230220785631
-110137059604
-446593048041
-184399599854
121663188399
-17161405713
400473201680
-133886407660
-21670456072
376536639634
276955081262
-64316132807
-303539333542
-55322672965
50542016238
-141354732506
-84281531747
62290561645
226266408911
231486389097
-86422963119
-20166725956
520836863273
6650781517
-22028832124
205035986990
-279538654721
187814946331
-100328636715
-65013087139
411522433202
-252877316490
-61515421936
-421599742895
6816050875
-21208378017
281469316809
86009881767
199449823708
-45010794196
-190861034951
70149229934
112427576363
224535676123
142549165463
-172520365257
-105803434855
98444993397
-33180152074
-457303767536
255852015020
-324083916274
-561232720167
-50119565863
-463454645062
-132606386311
-223362830760
-307965655505
-312109456140
-301037617165
-105251230137
147191587907
-200975357833
-219313956892
-29343863062
-135040353712
11408577603
-283047343446
-238835303649
290255278945
185662254665
-189754846647
-454983649753
75119475030
-18304741395
87032087875
121411325326
101806394737
139154858884
432014741884
7347636290
-206546869062
-14494600416
71014179828
-538111018064
-12755023880
37691719863
281747197571
-18286654946
-275550100719
231456172687
-59730012551
-131625482010
499676241118
-398693366769
149898861047
-115157737439
-117110029723
-565940180043
-91401600824
-54705443628
64217242530
-163513944087
-113588465125
-228868739518
-184123040723
-182973307400
-111784070412
-114587325935
-15588177140
274204226299
141765845161
-278597145072
266896423104
205033053644
-238145444912
-21326354504
224010637985
65741390124
27743128606
-94361465978
-56040094974
-365414839902
-359556315411
269955982178
3826798359
-445663346964
154672936454
176356684406
-328031638048
-84506497408
-269990101930
-250713247121
54246682203
35836438654
-261096594623
59051979055
-132495769643
435181505755
-15271783815
-110818433875
-167586034665
-121789137867
-433892306033
76299815748
-19057468986
-455042475272
-98670430431
3108676584
-232555808158
-224718639030
-123710108237
-58164957522
154257583111
308391793924
237080022732
132704577300
320647385701
-402120020442
-814339381
119875213864
-19668136112
144824118317
109404500854
-510516239097
-320208664705
92883572277
-349524372705
-162095231631
444906467549
-362367332042
-172566860567
-196258841049
19033751143
161015062478
372375860129
184720823655
-36253728474
141540859613
-174737836475
-91800857558
-119293314624
349012751262
8201140753
-5903480538
-241834006345
69899403420
29863223039
85345393749
-309465659560
7446511280
-139503290338
-350652773275
321171601934
-92257346976
104731924936
-324191127615
-16257649903
-487758536281
366150298688
344876810275
-145963383280
52289035837
-75558172238
-6076107781
-96993508902
-290493768471
-230984300607
-558500877773
-98201526246
-145040693897
-182141020080
159522848628
-311562147644
80519797628
-123230199981
-189088504792
384048696178
163077848039
126472936844
305157693781
-8839233446
102908512408
-57080322282
-45636012259
21849272462
130383833104
24845599165
57602329871
-382838878641
-117446756247
-59907928857
517511260534
-318681506241
166496346513
47043623159
185024983000
-341052404569
31572554192
-239381603875
-262537358323
86965761040
-357639711733
-172522434750
187792573696
73240765740
119615275279
-265263542601
-306230171927
-112305354329
-102234411851
-67202774550
231103578945
-138755947714
-420787441535
233883604813
-86030086235
-423237268152
321331682522
244045384856
201429930143
-170976088149
123251919746
196831917649
-438663252276
-7068534807
273649955444
142312717987
129513968631
96130009624
153278896008
-32140000987
-166037510307
-445624693204
100078009020
-266478549322
-115075639059
420810684901
170692360476
-218250669410
183416940644
477896124680
-67484390425
-31835438199
-78982633744
643334825974
-238732391551
110746079321
-154608613113
-205654762663
-181041279974
196563699293
33413704085
121890831089
-195266576164
32147169475
232267253549
40813148400
148081868732
-79890914062
153521362343
100787114358
-306043440475
18760335584
154795062841
296541132896
-85264037984
-70538055801
8347457704
-130912853575
-129372663923
-42596928565
44407855568
393279328799
265888591159
183400187937
-47460061760
-491935540717
-455114435465
