# Packing of N=98 1-dimensional subspaces of R^19; each block is an m x n basis (integers / 10^12)
# m n N 19 1 98
-200300874494
202415980947
-191857835010
-75983548990
-290944927332
-36277328966
529222794294
-119499590915
-96103198968
358967206288
374515982802
-5884147727
107778663778
-208363020538
-95678070350
246655605167
300363261914
44736340087
19190230674
291912914893
39117152470
-178205090533
-76185104352
192969592732
-112905904515
38528309331
-7645088664
645742097149
219651364295
138195588070
-183078284360
139637751493
-81593672594
-444312960089
-126418949316
-73297724624
-245447620734
-33959611293
149467412845
-16866221432
-84386779668
-118080075051
-73959634282
92794040957
-414974679548
-4178181741
60295077344
169713183670
-489133366237
509274690344
137568666254
-78333182530
-125459834778
35330825622
167577407228
194783878926
-361781641321
175053995388
-222619809200
-456493199704
-392171716467
-48508064563
161613053845
-145009650633
-264078187536
-159172252219
-23107800105
-132987420483
-281784121287
-44449089506
29802069002
-222307302449
-317750572321
-169617810350
352556227151
95400520186
187421402314
-151866058800
-509067776620
87163788605
526565269871
137582677062
-257394624107
-254898564127
-4164268807
-46630019010
42321077004
251910648133
293906811554
-135136561008
-31755586188
220557308719
-140808807672
-4490962045
77788554285
288170598752
144000663271
110430803387
-86923965779
51069207767
60085522901
168453764462
130178556371
-194413885679
290799301966
-98759644538
-294325014378
90262076618
14546618790
-129990565309
-634748983851
60872162840
-203942443902
364317216504
-172200252174
183566876071
186791342210
-99533091230
-262638913164
239131779115
-125182039791
86919934554
57546124506
-285603019277
122630770650
175504422510
14077897135
408149446661
-145828269981
-372259476909
-246097053675
22749238404
473322734868
193189792453
52961195924
-324318127981
-88717075886
178499339075
199791440705
128611713898
284860878733
146407509848
459206318172
-303606669351
95625727168
-73219724311
-123108709632
-145041705449
322049155503
262110038412
45400034019
357344592143
-116763797807
116844356473
286775916101
-270568702399
160154657119
-260044178877
-31138256824
267357387650
182328217433
-253523877796
250555537903
-104428753371
313878277174
-216303562069
-89192499880
303151112826
-476489410449
-35059042277
-83116392978
295057127530
416479748241
149869463715
-163553188163
-117791578336
-213974637777
-194619178784
-198817925814
417646957552
-159746218542
180868897764
357548117479
-214353957372
-11215943787
-107516267374
263141972314
-75124358448
55518379740
238967244387
307733153273
-101437378710
-40274975335
-28885039578
-744360009769
-60964661266
66916245770
-129535111151
-71409920987
-275857798934
-341181576117
196269095102
-11344556867
67056879284
133055628644
-102598776709
-204240403942
-51188584910
13975965677
160556441814
-354415558513
-330271787294
-313448486590
122626444758
31929097092
490003026601
-53899853377
229489067341
14721198162
386277572482
41727770658
-164801360224
9252088856
205896572191
46140992167
-204904422430
100359845488
-233576637601
481223138420
186180753178
200033259773
-126359484242
-112269596683
40277854390
258655693192
-108441943861
-89178255078
-331277256417
161567368415
221300551318
44299997494
-84959276855
-5405533035
141092656172
178536863523
70533456953
-571094709106
63211587510
127386210838
-307458013574
394654684625
-121458736430
-88294717740
235127117570
-119113931251
-121933408087
-245950637456
-200636258809
247376547171
510020913791
-159589000719
8363903268
-46503019134
337144818297
243110684926
-8472836145
145698780083
-141902167671
104727667784
34748985841
-352472041969
220073784313
-243578096764
277386323351
-273375787851
144070528429
4585744201
-146248180974
-17313147725
-97907942645
126121221399
259178883738
-359115851300
37771693643
-545216224309
312591644624
-3247064338
175742848035
297945848886
-140161044587
-439248646328
54963944651
354374198124
224370950426
-33521455578
-187518208639
-288265390837
216360006538
208239233244
43803540764
158754745455
-137286333230
-36265542948
366396289654
109766133754
125800451544
-476510563162
265312611239
229218644346
-222104197486
95112154266
61975889630
99882167894
345715717918
288333678620
5978689234
110113161346
11078017195
430468780168
-301563732501
130815424805
-201509015194
32181434352
-218771265449
189439564376
-346168647997
-59907893649
-26929567820
336904796542
-411322085586
343721251650
-51038527822
2291232394
-70511529586
-17421171097
-251762468079
130534874120
-531010583926
57579769538
-89410993075
-52322021825
-83313013878
-149623637150
-138343223830
-164867505604
451767774248
-139555770410
307816029947
61283792563
-129893171531
-212535025488
149527113115
-407196053101
178310071973
-21647347933
-96385320988
-233614059313
64123699838
-437200819261
256434127489
43154458320
-39190736187
-218155984310
-124880280846
438499354991
296647346371
309934974592
67119383341
82129556536
43889268102
-253972105461
24376550223
30534155223
-350620246292
-126467178035
-37181029153
66728154512
-108703237811
-435379968423
-365506951991
184461707907
69357199517
1505126966
-289929795831
245660841955
177934676703
-276455057236
36971257670
44551522772
-282548247692
-31333751763
-403662786828
101845257060
15452515878
-241005277555
209134401839
24787384510
-205686602555
553353831617
98822140336
-311863252026
-146192218812
-21500558246
-123994898384
-492400465630
16997634473
109947403315
-272675203639
109664258913
-117632423089
-301405989688
-427107545168
-36397498987
413058590314
-159098326576
-164773586336
31346491002
45404102222
-81878834292
-232904613199
-278815833896
58587769689
-286819029603
122375375021
41113840039
-129711857134
542223788131
175731740556
42848640542
456545156013
184812225037
87488826397
77533190463
-18110431405
-31366364927
276839076020
284944509989
-486474136566
261683754100
-275593828619
-168299676762
-53919502999
-266111378725
-227829307784
105565186241
-100682292749
-43780577240
-164360191329
-71393472428
-7533309032
304997531447
203347032317
-443339939411
191479753290
69945994157
-192646160624
-314567074888
-137026821457
-27966723580
18078779241
78159144553
219611916409
80880773397
-72345136603
172052333469
515462451938
180729253569
201143116977
222724180925
-149704531521
16683811728
196848820355
-417597547294
-356014231066
-185591327636
-25029561377
262425152348
62271204160
430960430866
209687530877
49057950973
40276117003
-655131677543
-146459037116
152428500425
120503173912
-107448970359
65827254932
-91955661166
-41293989849
77562783651
187373618073
-370589443160
-298755413
55306675607
336033648041
81415694289
-213697971784
348013486532
7894871516
523216623054
-99309411538
38034338972
93698377769
-18000224258
122817809342
-243446445527
212315573800
-266123326584
322755454468
-106095068414
-322173728645
-83129017799
216362016731
64842992324
-414716062316
175539034201
-125747498860
114557498504
-308400856155
10074648042
-56393170258
-153364209431
298886270654
331839490658
-388296754879
154361849089
221160014227
-188375383870
-283344604972
228892418457
-64845555579
324128645943
124873351012
234505081740
564375732618
-131644455410
147428417561
63261860576
-24297306039
129377284886
-12502044614
-288139266784
-380346933634
4470428181
-233952494278
122243388299
-238968441709
74635715302
65499258244
-284482466811
140855478153
3946294272
316086739053
327600706853
-153068005293
34181918676
-293193914740
93569614075
170725932011
-240954314174
412857742605
-334705090247
-242232840923
135722122439
-318518974245
223727676568
206870322843
-67395085130
-89255413257
-325493412172
-123350435924
276713759437
-2923113912
473054549373
198889591482
132387950877
-143464904897
-328650379471
-258211555683
8841697223
158260392051
205535683090
-157863596053
-126517687545
-172100010305
-272446071054
-248846486818
228171035486
-16107420118
112664982097
-33521140705
10976421926
385955305745
56873473006
-11692143593
272125048513
-180407857216
-247589419192
89841767316
-134787660494
523363284830
338195066179
336150595615
-110895091243
-12849654996
275361942955
223074215744
-168303810375
99448227422
131764984322
352549924674
-226096947860
262495346001
276964182763
-365847834701
143326456923
-438930115324
117386538489
155879833487
-364144613245
-151785684880
-43270102119
-65523386750
113362727415
233649537219
94993256892
-61418043923
-73780485502
-356007872673
357338710451
-155532572859
170004293233
-225672572166
413410895951
-13638591681
-41527262833
-273917182535
250757512128
218672288480
265857412631
314133057047
156389755322
-35282494454
-277613691522
40662322102
-546571404210
15560344919
269569889917
-88794805000
8966868044
467620689644
-229996040131
334110349026
147036194651
-277687045923
87843176052
-168503636294
32322667963
-88437492578
231655956412
-53271563512
79929440900
-67343333018
-161418559269
-108636198272
9909501311
-369636658278
-312255820075
388372742725
-137824582225
-175545914114
227587320809
99796458494
-232521923582
111374551743
-11938387217
-268865061721
-416252743256
36979192816
-342976825977
-186867400308
-155133341944
37549407732
-49762752333
-173963578935
-18887795912
-21500470926
-200920854154
-97053868946
59464473918
-340497219678
-372977289678
12912230184
-185692353652
-73426230862
-12763266272
-532367714778
-46397217907
-31199360703
172942648956
-3286226718
549001008723
-119052669205
136407366541
-84413642597
338867603357
-1784039660
-444755570179
-490129996558
-72236497493
271320023277
199718188522
-30899454577
-109810545241
-70615484572
-201597570775
62893962102
-28261298344
-370491191104
-32362374976
-294614637953
-540429974047
66689428563
232933780877
-69143846209
191635055398
-90653956213
23149804215
70344114007
435018416220
25273709698
-73809608569
379822145622
-268166446331
-39651197054
-291021897428
-135594419265
-210924270583
165398806646
-77583730009
-182956273182
-81284165444
-397444882393
-207493918814
-198186921067
121941821155
110691041048
-262229091134
-293264889273
-30733670590
-434156470373
18820079
61896189036
100457163266
-153920768267
436842098603
168790853712
-279352740721
-115433342640
-290697729663
-79653104341
17311193090
-168429132927
-365516632584
-211171675573
177373680402
274289245536
-226816524217
-165165282986
150770577059
82416800394
482774143583
-97295375577
200549934623
-201915304891
59464925457
-347616245033
198595571109
-288642238329
128295738004
-312672433162
88177188673
16596208414
183721044617
-254293231284
-235186711370
395767910881
-32339685747
-255128268111
-235139748882
-3803627035
-452673868700
-130365275367
15924541673
363828696202
87038713365
-22289451838
-156626399001
206044082850
-34349566516
-258591362587
-302023428620
68346980879
176206675279
-156566092823
96979981543
180603716146
78203543601
154408451585
-85725203225
420677214339
599432022544
167113328926
-5878012074
-259484947303
-51010889232
-2109261764
48542666608
-306298884742
-93021751044
-209913929066
-130741224961
112167271789
177213282935
-4807399806
-252208374297
2448604105
439959610128
-340594101329
-253442309523
261683553228
143278840955
469962054202
-176129770263
108124120357
115639071181
229375000459
-73030462935
-77848303415
-123748962869
388407173266
-16193944512
187821952771
49369728267
330921952031
-24606617696
-94644826019
46773675800
-57683079490
9571134619
-52413215579
395198252211
-526182904070
-397484376135
-157512494785
-52188777558
-509108774655
100192301740
-279877026344
-264136917607
104373667088
-61771982349
-168064405720
74020119849
151273243539
-173528082358
379310642245
273449236353
89846751276
117495939161
-399133943230
180421217427
-146007148042
160513186953
158877629937
-85318605269
39014544498
-123547279544
-91596486580
253409690129
127635793069
93395778964
-217339797607
-52197462912
-278433477161
-373299116877
1179770737
-296099073384
-166579231590
-619434566201
68512498575
-238015964044
269364237402
99916582776
-120707625359
-94527360023
92358196906
-145732115579
-608953924181
-146391440907
-203538523155
330730435739
245038269449
-83231290605
-267561402370
-179695703968
-183245457598
-123279144315
279091448287
-83632057503
128865061834
-47895100850
103342697840
-253692810636
269849732458
138733776520
87467690514
353249070412
491055732758
58156547758
-39975827484
396897457186
349618879825
15805029681
-36645402935
-265610592824
62374169228
-242359925903
23522043669
192260494015
-44688879127
-640078817853
-109802671797
-98255388432
-73422405598
-133970744600
-35251320833
-83018738993
328100293906
-90787736338
-365792278652
-148739166785
154447873367
-335236594631
-40953829217
121919824821
-322667368184
-79485402867
9295154900
-296868384123
-439657252184
108447981518
-118582289736
-243255158210
-35728884784
386095814757
-451995669859
-78964153111
207021022211
-17426485303
10455020174
-68960936385
286284215953
-113503927362
-259368023871
-196231612482
-85455894821
129396626676
-27087394031
-64954036883
-6011327549
72821288672
-358286857858
596870346063
-465970753442
-360384362917
27058036878
18516644807
68071682020
15751585329
-95549135625
12980223157
90983458978
251870982564
-53122769620
-172288698718
196472532558
-259577460233
-89677231785
114765580787
228558073198
-118514605475
76160421160
-97790654605
-250343107642
269640857381
-19497139284
-243055815701
240517114718
-13624663938
-205644334299
364224689844
-454533693234
-30383225007
-436518870229
62195387427
116679623658
295088197074
43946069881
-314025207092
374773090356
-312044195220
-184186221772
-214462129786
-220012798790
69845227936
120569049619
89496189775
-77926917747
55752084974
428556400602
162431102735
-203919622405
295806079031
-238496255888
-199599572264
-349021779465
290137730784
-410582778917
143131155198
-160833642576
81597163606
125863626562
-111828290150
-146432698254
-249035926825
306941194637
-101284232541
-12643190298
181174061717
52663251816
54392432434
-312882979453
-423889086401
-209038715767
216792137904
-537982540398
216955488977
338736108661
-121793370051
281915474764
-143212191483
-383333465730
-120646366542
-6575181140
-72757024259
-352719295230
-31296902193
198579244
92214531280
17660390686
203967340258
24531860297
116932459383
-85654415309
-140259800253
-21643668712
-129044075721
359927306965
159901980242
279369840662
-181276053744
31291089905
211336379629
-358822393604
-513888569618
-397397213106
-80039276739
-93218746674
208341667174
145521812277
-9543534967
101119509108
69323437994
-202567563181
-243435923991
285961364404
16051530359
220416955485
-356656751095
-8521937337
227959731648
6464436531
-88084858547
364259344663
405796997347
-61314268246
-106688155383
362033133458
121310809561
-329748452282
167466403695
-449142575833
22635157924
119898701682
336676619517
-461891216934
-171273602766
243388532423
247208054641
38850750877
137388428711
265820808778
-337868552917
6933764140
-112230070289
202810785824
82561365557
-82264628945
79989125978
23524968701
-151738962736
166922341577
127112481210
324820155846
108510929098
96324868223
-117605805220
-175153748289
161630848411
-402442833706
-226227859920
-18757601450
159473710612
413301484222
410227176572
-295625592782
-223909685297
140171330077
157193672728
390512473186
-13642744439
308817619607
-16871477123
117689622719
-52133154797
-109748590709
-297504064043
-483126923180
27420037729
24079471157
110185125924
250247516558
-75265258917
397955272474
-357758785680
-79636986870
44208465441
94403488471
241128063113
-61671148300
-58995184776
-41110097525
38685878043
-203816588017
-279964193713
-335292352863
276698414607
-254315180277
141645855776
-161277335685
280691539158
-63227594127
-275156126109
-378225015417
-364682855853
-261297654958
-57950792860
209323002164
222927480306
304449544
-119858020984
-13153232867
-155104162867
112824123340
49808838084
425989617990
132516770204
-433901056651
15386432240
-392614899023
490076712600
156406772686
84117357343
-33673476106
186529628184
-3921254961
80456182194
-134191787463
335611449599
152582789580
607182706130
199575430369
26867236107
21829232009
168205609761
154740686475
63661427090
71556177327
-76888364615
430685715374
252696626501
98239239368
293617164980
-131747612132
-153898814943
259741923097
-193746671049
-419283199410
-423382285959
-145986424825
-255610756560
-72934082461
-190113649495
-317207634482
197353415479
-317244113680
-229091816846
-150998432825
83316644217
244340763782
-72829075215
26522424793
1012351600
-334544019399
213878384437
308323645275
-244274796538
-130400204733
-212991690938
-294741780697
-101683778939
-99089730469
297628874958
202840006570
36472270651
93236038558
147542094221
-290980624670
218006395528
132796904855
-55914424086
-451359179571
444925768921
42945973437
30847289037
283649399876
55905307376
-96463689043
-194289149132
47079396790
-5865832
-302378617240
208208492852
311149992400
228182583440
-8042331513
-142236607900
-245519113684
156051612711
-495834127045
178741176919
-133108080819
143932835219
46120463328
-463046987615
-204442749495
235149614556
374270462909
-16102652784
423012714664
-4322543787
-78518784898
-69885719570
-133062510129
-329208747712
45396729889
-40571484089
-157839355544
-156064389701
372193718387
-42557289805
13919634194
96833924572
40866920713
172609518892
18292642337
201557666207
-192711859237
-65535792033
436217268346
231668835163
400022607095
-488013217990
-143502734075
239003507558
8707508218
-97912354652
81966605094
372200778259
-119665971027
48597046503
61365279607
257380634256
200749753891
-213235125902
-103217730852
108505311235
283240590638
89721201283
-445507995995
138678729517
-177284058930
-11224071611
495261358590
23327820738
213238300399
398043062784
133544553499
-3906298187
-407829199838
-368962127930
-135341881054
-182847475417
-140565197751
-373809930756
-212291867011
198017738619
23803076933
205914702850
138642422716
72856099931
222130918403
30071497483
-116628881807
117382353147
-369487191326
-346929080121
2106060871
-215748773968
-154125377670
108549913481
-226971137103
124896379184
195497070738
113292092532
100110220325
-93820791775
-55012198641
5551039091
-499575738766
494161179730
-84545661487
406052397964
-133162974280
58695470550
301470249756
381543265060
59565463226
255166168290
-198036290720
-146440808458
271925940104
26899753766
-72514322643
238413858111
-241462581473
58231043934
-368228398004
-52035044395
186382661802
381804856778
162963890432
-254566598056
337133709243
52990853399
199795213110
-30249454051
8837929646
-362349829023
428500227409
493712055458
166818316162
166398238102
54690157151
-84301521774
-297140400184
-165139831085
142591515759
-265725983695
-76826913367
47565414480
-167841146909
48844235082
-299308101911
-212894672402
537271977421
104417783938
138829030911
-17397800881
-342874935885
183690188000
-225388730923
275289793518
-207068294461
20114479140
-351211994002
131876690674
133217740658
77150777539
211298445346
133905197379
259137396381
-142103256331
265794020519
-45076625459
-78436720041
-177580221514
-112680130077
-136748272774
-219344228819
-233305402118
26318644456
105038567049
253635888135
-30207152517
179616732934
-131146314152
245544126401
-174962712492
-574866383327
-220023647119
399346732225
-410687828781
81234883426
-300015703773
-160970794971
203502733059
202701977822
-28165989714
-389724656500
305578999621
-289393440152
14009903896
-217030013133
-40264573316
282318308547
-19397612713
26981658231
-360634355737
-186639776693
-43465148778
731177740
290933026280
-354480937427
210393315769
80825689531
-41809705852
137880222015
142924030213
-113425020502
54719964263
-244295743998
-306783174687
287002857274
-436346950000
-81411971802
90613376661
-293081668442
-375090224326
117740852211
325672228261
-89914436913
-59177395844
118377321652
90578969358
124130697270
88260963154
-241220658043
527832676616
-217721367006
-255802157624
53955925561
51586665843
194335705594
194588116589
312907083010
369407231815
-264161887855
-44106780016
1954031392
-267830464898
-356907022461
-275916904843
339889484930
210845203881
-258323489724
172774585410
-90327110935
-100436485347
-71196720062
-173258967514
-282339509242
246962578986
347718384923
207294546215
307282963474
69552374381
-104918684446
236258104908
142207472697
142401329502
-261693099905
-240154652941
406551890300
235227045663
90139938271
53709703017
481241494288
75933544096
218222638091
-107284188684
103078279658
-294693455510
-151005345909
-178456842465
275821550878
-145638859899
-60759648278
-485663767193
161106074008
-182525969220
-1801797175
13879088025
142038253420
-5383072547
-184613228156
71983115638
166595799153
285854230731
550796014335
-91299732563
-180776868345
55747412707
-60131823380
381322457416
-188455160408
32570645072
-198907776858
13954371536
82691155264
129639655778
-32568898927
-127076226753
96948484896
-338949286897
-99721069253
699623672689
138906496485
15066110177
-395017352564
275901666140
159759307167
16601057052
-99946178758
-84576848721
-71205889282
-224868927977
-117440769181
-48074227495
-238287039938
287413719369
-94195640791
384278468655
-11058703097
321069848473
553810057291
-157302589870
123530515038
368827147470
84368734092
-9795719632
139098839848
12113389155
140248923999
-514539765884
-94837649056
-74059054078
54578377570
-35323802353
92934875982
-130965001190
-239722093429
-291324573643
-252361710087
247589929353
-245955962085
206965870515
169712256272
-340419863192
11685329645
290156352574
251994451443
166087683342
-227252962313
-114811131082
180860621961
92830886955
215878911379
67738815073
-51696810470
27971366790
-85722720602
-48625337961
-36231668255
-94721751562
-44896563313
660562953522
-73586459259
-79271175048
282475704887
-534629722245
59345841534
25585453813
-7999511750
-312912161004
-89877922684
-181407078595
-182195380825
410359379476
-279454501022
1475187108
-257177184548
-48500552506
-311303565300
-75164846488
-199621834999
-2823345333
-403717483325
248982929692
-304979266002
-227579113527
-72578543871
-180187707776
211991466879
-211964391074
412413693189
-150647531552
-62307618016
-54846794014
-437744301786
271865549165
-387889605865
58287698931
-188742636112
197934798847
-230309000692
-57662333650
163061465912
248602365328
183785849257
53112673158
317617581611
-57971369350
-322859867905
268879137984
373472949158
-376409574640
-60008772510
369311807466
291398217050
-62172194042
32828557974
76672878426
121079156339
274241430405
-289658656419
11263851826
66568133487
145536511179
429453491274
103072254318
297769359837
97765383032
79003496204
264596774508
-181544570189
-433212607903
-298711699942
-42769895997
-34564541176
271017578912
132938775963
-32135363625
31202231854
-256709931359
-65620505319
349905535009
178366101151
167243202645
-408162015909
99438264113
5179751868
235478636030
431405090000
-34986508979
-292985622582
182192043711
-126629041489
352816894641
-295546714567
170253043344
-89001425199
71223111949
-327210847636
217845004243
-95081445517
17119711197
306644694913
-213112985301
33099421086
-198651847658
119376027663
-31966979141
8478414662
-483178759476
-250410680325
-393709572396
134953326048
63751591260
-448173788189
82268366106
107604628810
84616658732
-10438160219
-295431616327
132071484337
-334742011088
-466852887671
538123198250
367672279737
101793635418
15220718926
-132342162322
-209957374111
-41148365204
179837669315
23984126237
-85198281183
-157085487144
-260365003789
33529026132
92343175792
38119960908
135971464616
-95494238874
-165639076911
-330250927450
-243971114146
423997823288
72789650360
-186231841198
92015856565
-33165937074
387185466203
-72015576307
80983474605
-289581572063
-156880084864
286619349216
-98646008571
-314002273607
86579793947
296738802119
-136012286910
487618935458
-503035514412
164115383524
-116631883153
-47887090295
-2807971161
208631424013
88193703122
15494022453
85859606236
-184719242876
-295159255250
-195618800725
261928989679
-265393462248
-59507306178
149031621977
-86972297694
-274890678032
-23817771752
-64400011210
-40233952682
-484264150738
-937559140
91668366490
-158099596652
-231503206510
176806699511
-611331598524
-74304318788
249975276479
298219722164
-143645899231
202813004045
-88054457527
105934817224
157067619377
69409318183
64093271226
-79611267404
-207848033208
32460984673
-384766511106
-182729540895
-351643548163
140252829388
15248794641
77103048271
127740873695
118019791584
375651592645
-235004175915
-354170471383
468968209465
57428634617
-70812233567
184648232062
1874190598
292964653036
50269014923
77955896900
-68265911806
191139919778
107616260341
454063346252
-263547410766
-274245274454
-290026028494
332045412840
-47753257119
-186091535269
-28839576550
-456687318985
-42895779486
-105867843225
-219599970055
