# Packing of N=84 1-dimensional subspaces of R^19; each block is an m x n basis (integers / 10^12)
# m n N 19 1 84
218877508048
310923608481
-116588457439
133474133636
123263517837
-304054813973
-70873257004
-468211246959
-294663796677
68842718566
-155822597827
31759596119
-425465910780
378865173339
138364203607
61160388313
95835055628
106799030568
-85039954513
-297200821740
273098744451
136757881083
-287576265579
26011532823
-114076191780
180981191779
-365485191352
-63643753600
-174089471203
-306331884243
182814303692
121341310147
282754234026
12176431949
297259421812
-247206613392
-324106205574
211431597162
84477415522
191375126759
-227777721652
172739664212
-28935012153
-115873606465
-448743144432
203537455278
60529648295
29672049381
-472765967019
-259242049474
-55104523254
157786419290
-167492445584
-257403843800
256787406687
-288179098801
225758183690
-501310277920
1203921195
-146038386915
260454387273
253376659955
-305664050061
-179441045185
-233048870527
-199437254614
132318098371
3976327267
-141280979080
-165285472245
-113312271476
124407798998
-374017693768
-329969450265
120580057814
138482645826
-141815402505
-55837208072
-364079619951
-449576214038
-68404267019
-279053584458
-155784388354
-285875133578
-469628660795
-200730561160
239701354694
-3069431667
-147948987213
-24669478681
-268178695281
52722196058
25594019434
-61772530046
183239230471
195728357963
-1324537564
-383556232093
-18680890776
-63512779512
162181828999
130714644162
-271179124772
71178970936
-27561337216
113798095939
273521511173
-411988306913
-172866874221
-397386127853
-9923632161
289332068884
-33270709825
-396511569110
-246676463688
428441728875
-191350739995
-315402681883
-5561521735
-325962249879
-36051768538
298484335563
-52226926422
29141276274
137826812373
-54895170690
149925894573
-431052947670
68631510948
-897484219
-370880569130
-159855504483
-145365884305
-68678413079
286900651482
498073520752
-414816652285
58308108028
322341575965
30426357397
-91419888009
840828133
-31640337542
97240709030
-158088247
249294421879
48792661218
24502253448
-470774814500
-246479251973
20717298122
-133556628333
-223884787268
-130703796473
-126080800614
-41023557586
141619238254
31809839879
313114886460
517597118636
340794075235
-65481703370
255254695199
251378399231
-217419471660
270279177335
4220447882
14728497134
63255852739
-38812327649
-391609780386
-32363697477
-78613055223
105650107696
-109267944419
101064999320
-74055993838
228737544384
-205882563833
-13671424614
527754596398
-421783608862
251576189222
123073667934
286062534987
176501086601
-234367435162
-230947880485
314334324754
64480977132
257041835118
411108524800
194321464779
144194345399
-94157091263
-249227709410
37040870281
-21300038387
-146396276605
-227497700236
-394735005586
182851245039
501735959105
82576972270
68925013477
-190629610654
118070972506
-81731209682
-225509095694
-251018804211
185321183616
442399710466
-22743211695
348961184822
-98632695939
-139349824110
-57740047469
91055766688
273050654851
233406899672
-240742557446
179855332294
-452430253907
2200444557
-23707517132
321874848665
-67691545855
105257578827
62198273188
-81821808743
31999220882
-442494338875
-40261904819
228604364885
-74313056512
-208339995431
-93070147811
-77442232453
273876765098
-21220773464
261247506867
-215121564215
458333440183
147368578269
69635416487
-483492775010
121471469880
-71491824854
280962356823
218751472406
-281252460533
122075155196
539823795690
7304042701
-226695770640
-232264539402
-132678108184
24623449215
-233553982916
-288531114116
-1486037003
-169472406830
215220905795
310901300861
37951912384
219408607300
-17696377369
281554479194
117951288487
22189901487
-101038763570
-92165426744
-514808261573
13779526928
180623007935
-29516751124
-189133282270
-113385758591
-43375463624
259292239189
252197261782
41827929007
-441646784275
29102368535
-457819721342
199507628433
147686247626
-203294189548
163050872194
308422792638
-338711061369
367705371705
-142929542688
-309673966414
-276058332086
364712362692
-99781722369
58628049510
-189047573164
14340522807
-296544463247
37508071831
24649283078
-246115530927
-104682009045
39111531825
-171249789433
299229908553
-88793907087
-206429649674
-242712168205
238723347210
-259074542080
-267094341947
483793562552
145754385568
-26482707390
155651788676
114770613006
165543509290
-224002438684
438188965421
-28273046096
105069886379
105532512342
-191144871203
-131922969234
-117469542138
210047525204
-119571436389
-72994121458
-79450504049
-44799043896
18150081709
-154234138815
-219343881078
230523313169
43264071276
-490855919915
-17024003058
568813329177
382098479080
48016855349
-8157111278
-418383926650
-84169901387
47403407792
-193433257358
407666685658
-285136024585
165738264186
104596945482
35086984913
186377279126
-331277923681
-187175104363
289838019830
-91453913919
-216338468440
-339502449897
233984975345
-473957091585
-188374276870
374774774862
-15716503975
55472937675
122799674213
96979100288
-212492624973
195786169176
-31838183354
47233372882
-77534589948
-286930164042
236366352030
547223526615
-108622008808
43252405485
-149543443529
-72033241889
93946338209
24636623180
-236092719997
133192308479
206811719208
-60631556073
-31519423172
-468970260665
343623001071
13945300375
-87840849976
-115634996804
-84891088388
-374880314242
172652849363
63212556520
96346203405
564045228382
-37126941764
63596131191
-38302483206
-83887091215
426204192712
158091228865
347790940557
172219291304
92794919403
-245752968044
-252226612729
52292153192
-499255960240
196816303842
-4860373396
-209197910026
36951289165
-203564904363
169504291480
302516197665
353200793413
142458744679
235013799741
330042146435
-204741994515
91219073697
-116000578804
-21099634525
-194802303298
166839163540
451848934692
-111912402707
376670271938
-105465891618
18607756608
12884392641
-307403708406
-157736686727
-266992644993
298094077491
85753216250
390843514546
114514798612
-255258176265
134747622393
167866203953
-265305201453
81464693032
-241138516699
100800676942
-22207294955
-151608727838
-385414824549
268991664065
-331180993830
356041083435
-5124771523
15412581576
-351771227653
197151706365
-24116158883
33950670105
314664229464
-90083048648
571619575998
-155034527097
-82615264645
271609976215
-150149050560
-265780500860
-258100796072
-123549517748
-78512954304
247430649287
23479694555
62969586580
-224000761665
-18224447700
94095245303
49400790654
-6523830811
231949295761
-183677502506
-238287404504
344083945103
530788983395
-141053944673
175135324282
35124167910
-294908476701
-199091117419
333620806165
-224852146789
-87151709889
45223799696
306543523846
-460131080896
-598370403413
30747404235
151275125212
92861060716
-73963933473
-59209176283
13724394800
105870859066
394873919545
-211640074190
-96997814266
87177727843
-24293192932
-169713309633
-80380379845
267648003860
23729219018
-227218728133
97318204657
-378017755106
-94261156802
170522729175
204035753211
-228054093711
-122640044053
184584596896
-651736603538
-58399843731
-197934334500
137198335301
161851683664
184633482478
-42406714446
-261106750545
155065791383
116519486224
113410729389
-339982149521
2866269547
-193667648052
220059795138
186766372400
4587519468
-37699946708
-532974742804
-137157939263
-260097868516
-157003368098
-62038184428
51040399723
-154165202727
70363988451
15622161525
470636030858
-326847587405
-56811761308
346857257135
28293696963
114734858765
302310356363
-419406501127
-94450872004
224067940669
-290138562952
122822286209
181172704060
-214737560183
411334859659
-14191663294
-241322311100
-58411501995
300910244257
-183985795319
75120992307
-4017084452
-295345319217
365266018716
-130173289784
66433644491
270436972593
181160371262
-27799912410
-171678960788
-194257122641
60192725498
538606984148
150191232476
-211469640818
156362207069
54823146862
118707342014
-149736267167
-363088399363
-165100115740
-387567413532
-115766373207
-97022598240
-207501414150
-18598415779
-155497369095
-6039921864
-235945695502
-150745523005
-327853652998
-83183367060
147346825026
129106581107
222527530666
88049120044
-263538057457
46149618900
374625055104
-508899562808
-280284428589
-197348180634
379822488916
-265685140051
-169639469618
-311899560153
-342107694942
-75394496729
76432129493
-365455843873
-200314051634
-198827285507
78281082680
-157456556508
-106123031005
-189259777282
-7174301446
-340728678995
-75183211131
102803305387
-110820979540
65956699425
216829443595
-33982680003
-83861185844
-30835436412
-286822653939
111007852097
32471817767
-52972985898
-620666006142
265309829018
236957857512
171285904765
-477636427364
67019712507
52735364880
-204164924541
-112141038623
-164689042880
-292768665404
-195165535765
175810836468
225039218232
-143019498215
-193690244821
-231754879912
361799544660
281159945755
5296697601
510220266446
-192108224371
-38018226358
-190812819090
-22190835062
310825427034
33135316307
-61935413400
178235767730
204373523963
395597672538
-244774237580
162258694380
-30511536242
-114149700326
187351835020
-5519119400
21298157579
100291946371
-81097217269
306932148884
-131660336524
-261284221464
-543133134378
-137164677419
346536494752
-346976132794
35491957648
22622010229
16812238422
-99692834878
-25173007471
-380762633012
114191429428
-470049687119
234979196518
-97916458131
-379965409160
-192710888538
-107487430802
162174911314
359315691911
65498343734
-251496394680
-84841159294
-391315167793
-228056251897
-204130873019
87694826602
-189876472083
-219066709311
339428294302
-28489179273
-144651124036
132578173505
428541622343
-369070316292
299893990523
75582962584
58092699649
93602729842
-113096082471
-252346408556
53102681950
-86733011846
-112806439629
-44924893447
284415611740
-325420972661
521778773539
425265884868
133572332796
-145725911584
-4192153034
43120322504
-44402339513
-281314763960
-179049159562
157888900469
146666561940
-73787022148
-321679407061
-168385784634
-200885134500
473816156284
269006354535
140735733309
33862755402
-93239975013
224837235124
42807556625
-531978461128
181313488148
117998535067
180805917952
153390813740
6618430639
-237478281237
-40961267352
-80900451063
204091351586
297343627931
99086564075
-295643737763
48468315142
245562292187
-212643295899
-202400532527
102758397982
-183222139273
-195398269910
-496662906710
-127347271087
-204993129203
162490704187
-159607674628
437403767982
266990223730
-169998211898
15221861440
-152003354430
-221294369397
278137491447
-136204666205
-109207672013
-469436672498
106000334685
39416716282
43819597151
136182546674
100080309099
195274707098
454097582364
476426392877
226187639998
-87207936315
68198667954
-147872025358
81360833102
-127773535935
-231075006713
105469605281
-395393381710
-141423019478
-6675460692
34719617812
363942855615
68330161649
-160005978550
-51032031445
-263628456425
-55996385642
262075253085
77398699763
-323621140649
-539327418242
-167494054279
-115235270149
91196551562
25015054256
-87959353278
-185609154965
-263207278105
-390032648302
-387610795731
62591795355
168936898546
479621461969
-13023154565
134055809633
-7717929094
-17571914153
138538105822
-331921645412
23147671432
68507982129
-214593218581
351985403215
-19590974948
203764287411
93879748835
247510020016
-140177780200
-576826571776
-220374466023
-57953724551
-167335055138
-32150836839
257229703905
158401578774
10917140156
-39919144171
223329908409
572141344
125094402324
-440222571635
319988673318
29306337728
-132103385781
252151867661
-277607077853
6132871116
59165820507
-253571499459
-185048987126
208001468615
-223330140317
235209880975
255471471151
-120280628865
325016820515
-516855354147
188557821770
-272850388090
1645128002
-167291673763
134234904685
-97061212259
383722481312
-47579715543
-106117795273
-324105782304
-149344705179
-38945038978
-216995664589
241601351008
-163579291803
88623051554
-258937375301
-39556566501
-526578003478
195852420745
369605367020
-79005593313
125502249955
98006955419
43832915828
215314109717
-112201721553
95104475441
131064562669
648035161187
211145610151
-276842149132
-266893716569
-126978907038
-59506358444
-8283995611
357893937504
275528241792
-104997664103
128898017575
195032098997
38488754208
8267995664
-262874162893
101113247566
-90354618435
-101487963491
-571230053896
246974655037
7700974271
-37981529089
208989324178
244907777201
-93871749112
-289085723567
37226889631
302602426195
-83678431967
208418860246
383759635820
163199751859
-398288770125
138428784918
-120176927846
415235987789
-25704711904
19194409069
-85533162906
176482788500
-143470972880
109713343154
-358835067448
495701057099
-89527913936
253407182064
265001670135
29027722276
66082980592
-181583792860
-90039973133
38845849050
-377426911765
-376258075778
295654365419
206899624755
327660224460
-140547513819
72746728019
185751117422
96257070560
-316482233830
240439736341
-4332951421
-186750728548
-284930063
-233908699898
-199027977618
60427995079
342390266212
348262227444
16659320641
-89205125721
-266165516608
-257622636671
288053258901
-104918379323
226797598734
-435660566376
-235106618301
-207657181010
-383502595119
52400301479
-140802803133
81712508731
-251657170944
1975797136
-91784541199
-227082237129
98553638003
-437004681567
456275582751
-407672527736
462552696376
62135528842
-18296157656
228007985381
31819935897
109106895303
21202765526
271135970362
11933503048
107836980016
82087973361
18247653603
136712066334
-36922610783
170336085194
-56153166744
-207634319841
1701529866
-131853237894
260418099897
315624808574
83881911166
-95504034764
-170122187661
-640637300951
57562229714
298618505857
-293045187624
-106501296729
34239250592
-265196766917
-135895608836
-182478638918
20566357663
82639331317
-8286841576
-244246980738
-399605201904
-321364087858
67718354559
327572884473
50421465392
-170477673176
119625374475
-180993677348
-278243180487
-24792826010
-82468981828
155592320379
484086953149
-128501675540
148630931473
312944958268
224675212753
193781258933
-12005205303
121382829012
513950722078
149231202657
51615630379
-216191384329
-90804582515
67140959314
18160898656
42076982568
199834042597
274646660596
221132362302
-336405761957
84028113900
-276766179777
430496303338
-165564593045
-112760056100
137768892834
-38038222165
206596985256
144918131704
-40870177739
113646565450
-380549134521
82178910825
180995159849
-159273177055
-133131243985
-330457154944
-584999814138
-189182704181
-216267363473
-97638662968
-300388149135
25780526891
59109994285
-433033633078
267841093366
379583929804
18989020429
157194896363
62843299024
479025251658
127874045863
107722002663
-246559482806
309380372515
-88864546424
-236034717333
-25622004409
201032279417
-201783830115
-64459874185
-217788042606
-373866738833
-107529548870
-208381786748
-467345187836
255480693863
131246826813
-554942424264
187973337495
-139016461523
-45480000648
10355732747
89237059769
-74979289303
-82817581558
-129916037243
-143458332520
42620762003
179954444967
234517726926
-103039120981
-289516815599
-172153685124
274011680627
-175677885252
146755182784
444035494279
39050009369
-390651034861
-257491152369
36749234576
228895034968
-27980451954
159800882688
117491116905
-58652503119
-354353501928
230151235612
98588284926
160986776574
283135233299
-40554126597
537525387379
54030983336
24019593697
-171313403023
323379650004
-530520545649
-21282827063
-199951549076
161305081335
130037371087
109963811848
198802086838
64662000904
2784500650
-188634528802
-86920004981
270285994085
-32523869313
-192022033690
271985480937
316236964078
51903161308
296214843199
-117471625404
126817955104
-361641900861
-105200402732
-387903172727
69252428114
203347031369
-89264537757
-434241494775
-166148952276
156692632089
51998773479
-288848520103
231202505427
-98365214235
-147428678623
-13753659328
-33538344859
-72131317283
104377742299
396282534054
-73745622291
-221329873030
-91553568480
-533612582014
365839660255
-103577151976
-390639181020
6567952203
-98928742167
251271298440
-20270983201
-177201683348
-110866448196
-56524349063
155683144710
-69972005298
254675639421
-174462246693
9987754973
155570329852
171320606346
-513746024580
166620085740
321246983816
-93512145050
465123574900
-230063040243
196397510117
-391029395434
28457383373
428932396846
105181619496
-113710246430
239364522262
339178225501
-61668559670
129272160049
-219571756609
-221334950791
365344957891
12834762337
-75809734560
-355291291038
13476571590
239428127890
49193792949
-150696284055
-14593204215
66521893678
63532796228
157508864783
414946202112
96306102106
36691321920
13364929000
-57830206165
142275471832
-505038046865
118633280767
355486679897
-56910709773
-104107809990
443081543683
278455574083
126335425056
246058844558
-225094573319
-492519610239
183864424455
53380729742
9170003448
-189700582995
429922324171
195032048628
-116529420319
-71553307962
-237436588109
62633492283
-174218837638
-57116040755
-157699851029
76391576132
-461707427244
-25866369689
232378752168
-45366582612
373515186196
22576233547
34971417555
214422989530
-199627610697
50376754461
-262382865566
206415543607
-297524101860
-92408004884
-28838882720
-231753624139
-337226090546
-519189059354
-140003767395
-71525849018
-92585920515
297839058517
-258257226499
-83525739944
93996542795
-122627100811
77639327483
-238957656131
67099482352
-132576603631
13385918719
-180652003815
-163578500055
475433049537
322389599320
-480845991506
290084499203
-137263704699
1787898359
127817686497
277774579685
-10733323359
-264628371236
-81254339450
-202672346372
45284383098
282851843769
-445458928235
-305198807667
-255060145534
259072812397
-113449138737
72325193748
-176182483777
295841774557
3605705850
-334131139518
-96911469746
-307062412423
-156102600760
316872718315
255218892772
134757256084
-438907677572
286507290981
63835523934
-127596998722
-190413472195
-146257686979
460854004807
-32477580988
39702590679
38547033887
-95281742657
-72815459139
374994367946
-227943258738
-27190922467
-198399099567
15495951941
13908016351
244282524787
-128539994518
391906231338
-389748869757
116142558961
14393553808
238908252594
216895903231
152803742373
-265957723264
-94501137941
219183646015
-137691959662
-176217445455
-371824757629
-396962063021
-56208600044
-324675122575
-367696144491
269399951266
294594752803
1084708747
251705457405
-266047508404
-180076197745
-321002388351
-73199282990
205804179812
263690652757
217063197445
-57144776723
-92827420257
246071259482
-107684663214
-141515666920
248990499185
18203521890
119538591082
154566778614
-344161446553
-112839261037
-230565029786
34474597539
452279253198
-136857993221
-319041206736
147700877953
235118259574
-77476908858
-167248425753
-232717628893
-394821617879
293510568090
208864958634
-574734845
-461821727993
314544073438
-372624380209
8376197896
-21257482815
167465857193
-163547166819
12182002902
104315577894
-22261486335
103981145268
-47327423798
170286390638
-92262195546
41664786972
129906080389
61519991966
-48100431124
637825922416
357132502612
-396681249371
-129684377668
292594617920
-76980508161
-103890359870
53472177750
-226409938221
-62258128893
-180264688513
-18518209161
-63328543061
58313744916
-33480561837
-362437180141
-176865958602
-108982665574
-563978765611
63189604688
-1171436921
86734124251
279211995136
66260547982
-75131797936
248552134619
114340694684
139943388968
213519672197
-14348109860
702821582510
-88296031437
92538930867
301835390862
79081462343
-41872232721
222112486835
97282181339
309872943254
-7607307118
104493007745
241900808321
452771964173
-196217864377
-43652996028
-267018721881
406498597250
-197967859232
-181132332581
-234109474335
69868199716
-45269818855
-500470049229
-29769421098
-83693735134
-215738322353
17114623449
98093419066
-202769444677
156380157318
340733930486
-33972742683
-373101286366
24632034889
257495220229
267219912994
21718689189
135607567494
-60945106498
-564857633494
-210845193241
-91468248880
-182304914226
-267174647538
13494553465
11193632433
200668847288
-386387027521
112371053076
-120365339163
-67663800413
-197988963531
93313902629
171366742551
230440811653
195628764202
-178170942827
-404998525679
-364944866702
286663829943
208673167824
113203034264
206690537995
225201536041
-131927091143
-268391258380
426533345969
-154670456509
149762780347
70156383018
145602907075
-324222184760
212064761973
-76234867956
-190721812240
-15485331683
205828895879
-3713980424
206534391956
385929184136
-95954647349
469495466750
-141908723947
32522873269
261287699515
275506593147
37474440361
-90763697722
-82787003154
163153521337
208515512788
187752036511
269136996732
-166865828905
245074748593
20516685257
486931447578
159386992436
-328149451687
100581420404
-337391267913
2984407602
-299253688688
-240396041917
68295939279
151545308554
81033060963
321078111063
-207315189310
-161630501261
520626095198
-89588164992
52629008298
342090601055
104185906237
122014633399
-67014425399
310962549817
-89453877958
-300955223072
283860665117
-275351635625
-113280393324
293940845769
-12350544267
-179725888914
288596256089
302794304437
7138785218
61035457165
125223450421
214442320390
-174984308807
85256291775
-5647914145
-286928242621
-241715366574
-107971453368
258837266350
-564775809703
538077553
-253829076992
