# Packing of N=52 1-dimensional subspaces of R^19; each block is an m x n basis (integers / 10^12)
# m n N 19 1 52
-50312058580
224373245718
-42640088999
206497299747
-1987161492
-164959965503
-57784137475
242297992234
348458400394
199913779784
-738361413955
196390192910
167373375758
20487981110
-6528863524
123720698439
70377574581
-41255367547
133526990528
-57419914556
-224175525312
211788843021
67807709203
382675950681
-130203004691
422327097752
156391927505
312547907596
-305171688392
-249461380544
-38139046072
-116371543744
64871121378
-290470243989
1972457846
173979797822
-341706854634
-164687741312
-45327890770
-99273120716
83348069960
-2430002123
-73806234482
264841274025
-150418530807
-360413294366
-335132462267
242368295363
-269092116649
445225547689
-121595628407
19921551415
-48696744314
371870973633
-272124586116
-109736918531
-263433923840
-211382650816
142713509487
-295559768720
354103651925
-22698425338
-33116449273
-225804163433
-293720410843
423607006687
-202695240695
115043819584
158045211485
260209265580
-105375307500
204832182095
-118633291494
-115939948180
-81354419674
411933248310
243394891957
169042443758
25029680823
88013623398
-448996956680
21360341554
296693856866
100160287537
-312564822
24237336386
230873508735
-449029172758
51744679718
291031961705
279528685097
387068919309
80877582027
131042446272
-95553445029
133415054584
-45677965288
318269588483
149309710673
83410720272
-57014721876
-80723109488
-50529923857
-307295992253
-536826701247
-363443899138
188923629470
190935037250
-255998571572
-33072332272
253212431161
152564435250
-71287396938
302143334574
39749658176
-27531099589
-58483630601
166343480521
262169031329
-42783835376
-316752181117
38599729041
316476680168
-100277394147
333362867407
-201216222830
-94353118906
159795024721
-166805274985
402962804752
438608739416
89200413671
-327689542683
366176112913
86369788001
-559819481580
1494644278
212595121114
-290819110516
-150784753961
66744746531
-48253277327
72658666982
344644067119
-38728586608
-161726404880
60429184297
-116059205826
200686255089
-103125581106
-105357834402
393595985670
347509331734
324774844244
-78222602885
-147158098308
33921373325
343284083212
-160462451313
115386214065
-36233573182
-258766062619
268111651099
308887126383
-108568842617
-277286553976
129649868418
-335853416530
237528851390
-141838232150
239874868133
36374493220
90382488186
279913128865
416843451754
-306215552928
198901957619
232083437888
207668409067
384816913400
-133847808886
186110519937
281103491211
93163983003
-96872902887
-225920071289
129882007124
325655987552
106675692700
158174008519
-191807349750
221561025841
-129267392892
-87073371036
254071239863
-262554316142
422486929649
249776111921
97395994094
16387499263
89772557516
119099211352
151268977626
315889955130
468701409043
137004754374
-268284289074
-146276790655
170196479879
144842715972
121753143530
-446840604485
-27820643922
-106763088794
267191045987
30464605626
-307705425077
49935952989
-57539337508
-405030692508
-38631975105
-367741976933
-337406401998
130614855751
228103807944
52619185576
123550395396
278939309072
133968564530
244185042690
141321968783
57973725030
-191612880032
-106007272931
-261545181954
437785726098
191457441896
-408605388669
24246813583
-11121598257
-95346391950
289738184878
-52097914219
227666507642
-164065571406
-451591232638
91184026896
121243497823
244813273933
-325539198068
-136495702450
369106802838
325841902993
-33071059497
-7157040068
45454138970
62890223866
-364626888267
-81538601620
-64960865178
211519764420
-157624148961
-307888012555
395010886185
36728111200
-292567741059
303825665317
488084824455
149282378358
-97537102932
173205835395
-76325318882
141706735430
-288486175651
-98540802405
505845143882
-139900353845
-88663296585
281193286368
268401845860
-104494086307
101958290800
-165448745386
75550372401
-2410240668
106470860830
-144033760585
-39658035390
32062660417
196250860937
481375471782
-163115990336
472824275498
180030591658
279242712288
-98097504732
23515700370
-305546353109
-234088333243
-211037330460
213676888399
25523607475
-283898679881
68898995426
-18824010734
239572468529
-9936974368
-321405807062
339482065743
153881027922
234608703731
-4393943119
-359681322115
-230166101803
56226259324
287234141935
427659272586
-170121934086
-7691024766
-27179356811
-127934758659
21996999677
-383884566335
168163349957
-238830607330
-298391679203
26691669763
-127336828022
-297590358387
334393670381
176424715135
33323816071
15009399975
-377467576720
-50650907921
-268099783762
125838133444
404354788028
-264989610857
86383734779
255291795191
-191722142124
-76790578064
159457700896
-302654668765
-116989728336
446351975254
-269526171343
87844067413
-74865366960
479276881505
-59394751414
-106601682724
-116618926870
10203533895
-316608507417
-43733027557
78657448065
-265011121014
304193287500
-220878060587
119531161271
-24787405771
61832263231
-59166142641
418837399206
76556554803
-35923154675
153478827612
-358968086415
276870799518
-271717485622
254039754983
-242222064987
184905916438
271137323255
21627708619
158741793173
217702611869
433960477134
-171502252715
-259778863103
-38605744959
-326769259802
-120869191986
-626488959493
1051966675
278635207658
-226336811129
20635338304
-191628346249
140487959221
-40433095644
133414805496
-160606987709
4812923901
149179865984
-239912688376
277343829225
-542146234781
264915382562
-64348994600
-155534595947
92842047871
66107238379
72615438530
-347366446329
-247327868865
62487466451
-245565804992
86956609659
183661241796
47133203207
157066981551
41177705424
365098783123
-310962726996
208292797142
-69998406850
-188961681096
125835764943
-167276021626
147491924227
252863871004
-286526217401
68433366513
112986831925
-280841322058
220476753916
165659880407
315388363969
67440201153
-54262763472
-156606410231
117767054397
648834297889
95232801201
246306458515
77071559519
13275235385
-240858714860
172739067622
-72426839552
-64561560944
-736177656408
239187447917
19979430153
94464784648
97442108467
-121275038791
-156077747727
46314684103
-45920085447
173626132856
-313465172430
-215028736368
-160732369824
-81627592164
-328956346822
490388768991
-31045800035
81186137357
99522729367
-127081975010
-51245826781
-356850859164
-308563645097
267375923621
103742213699
28210630890
-273825421116
-51446398877
-60117332995
351230599972
-269010222936
256928661216
-108475962071
17077045211
-137121824219
-346308616403
-141808255743
87137586200
-164081280740
269287778148
21759039765
-91809769934
234999728271
-34710602877
628168960038
-313213165443
5352460991
216908021761
16526554259
-225108980876
-226580573693
310283905811
222767937018
36357139578
-507111821
-492552665837
38794720729
117438909822
147290059300
-156309217168
56937006756
304523484063
35177389399
-449253028589
233456685663
-106926796640
221357884742
-213111083954
-194967640308
-90551646194
170153802176
-419669917843
128654503589
-104623814040
-82557540519
-315293827518
-74543296407
-202703587446
-93537222688
218678204371
335322662935
55435909751
277304373878
122783190093
-169012081517
80849921831
-373531307840
-409476580780
-77997995134
-224058427948
247365306219
-336761088212
-270556158481
-126667639394
-178909641421
-243527462927
-68747226714
-60749856890
-15976210366
99901491510
-257140410037
112540554
318689692597
359681560799
434633658847
289703787791
3843626788
-407746779410
650228242298
199675260364
208596498059
-148265735446
-13031288111
224110644656
-71067717087
63401265627
-170570108831
-130117143675
-153546785615
-131855255030
-45337075210
-128288822395
93625943073
-323765520574
113952377892
118486372307
-8034305718
49164526830
3875903882
-17022860413
123939178857
-231731688522
55477015219
202593692837
-199034263894
257088849795
255085333784
55854583988
539624862838
-175032894516
71817175977
383808085243
401948512719
186804168944
198437039191
233278625790
351913000568
-124069344867
-34124955806
-304493144942
84546884145
210673024620
315619366664
-3296800630
204724292387
-148900629355
-145189490432
175988216539
-554371288209
-79755376769
-147066259351
75893295530
242942058411
-212306241728
-154405257431
380736327742
-18809009058
-227638840923
42577777708
-161894889640
-38384054876
-53661286960
213255157485
391852780814
53385399505
143163833708
-323860655029
-176292574809
-420924081234
67239502495
379614695541
146618010150
202510537599
225530961368
-43684643318
-223082553422
428059183294
-40437779148
132235223423
396824437623
167039161194
-360071234471
188854776983
311511675970
379803621121
-101667475645
-154487318180
222504452331
45255051634
-110473125854
30164217649
-65215628340
394718171597
-1183478973
-96020797910
118238000855
-74657723499
-192608063091
-452912764405
68064597026
-130470010075
-147604203679
-281407449903
-4765234594
135629050435
292300307726
-72850250830
-517065294033
-60752908616
94520441979
247822197405
-183779459383
-425597574511
-336522319156
-80419142194
-32372108276
5981116162
128404581335
58335796756
328367625141
228654507167
2705305717
498864871568
-86742066709
64993957251
-54619254983
253986570893
-143263955308
266508784271
254221914595
128768958771
64884439422
-288207722115
42090168532
-176107451300
-178240725742
352522460941
-109075948573
-282924787759
-294008305900
98869400930
-25699566586
-129129678495
-128387484637
-191213962476
39847501179
656270471441
-79718760935
-100710831726
156183380750
259247630637
203887402489
452216566352
-246818207252
-454582399426
-216852842105
91120137261
-317163249789
125201987249
-42742853533
142813315972
-156226339642
82559852440
-197870029289
243692769986
102211576004
192070286486
-154417383430
-169260631351
95581800499
11847267360
23560493604
500614120822
-205164561789
57361201263
-26849681615
-404609259144
-155129361151
15558958712
-281332056050
40952405713
127887462135
-521635472600
-32308654303
67246066400
271832523246
167460577434
-64493736075
-226019653074
240465904153
414544091920
366375080899
287500960752
-163938948870
1068210197
91692767843
125083283313
-144705943991
-303306647149
372468180437
112295850296
58569857198
-120288820404
314513756756
-108237459114
233356573352
280996467280
23111889826
-334981840545
133087609595
116951859492
315504112455
224520678209
-118397326010
138897911182
-64448998010
-71014978867
156672597218
372559498238
167441647475
-3973399340
464219064235
150368451383
-393243032698
-17167904495
88997989368
198588035331
-6134069167
-45694402238
44238634287
90559178090
-497897391611
263286220646
-68179856260
-289102325243
-335492541468
132298885469
-164740303988
-168025019425
334858265593
60907590925
-104309791374
263910036264
-391292194813
-24095320921
310260103800
109619596405
-549868545501
-286053115084
467217245958
72490279957
222230128785
61045325507
22197099635
-187463750173
186124383472
121623501298
173838316042
-40506427840
269315168819
25429922572
99530536301
174029128139
-398189732360
83992821182
9289312929
-108027428604
34753913952
179989994466
406732628211
144778747656
-120639740878
-131281728089
178949464634
395215025927
-279440509234
314404791638
-161210683083
-386851691130
131571723982
107441138633
34576104212
392013451131
-2778847048
147927467563
-328009895757
4630241791
-239481120684
68972945833
40106432648
392116379570
-91352387574
18389120704
276447173613
486350502867
-153897183075
-206529573559
-72776627294
-177647304315
-142163417193
233031099031
13479500155
10426306876
-288034497332
-247482142672
4495806682
-84415518565
-434722082492
276418186349
-44176883672
262392150631
-76277781529
104160363971
300017077065
68546099293
-508222450602
143880881473
-159322600138
152204448142
-270633390594
21257671016
377127312096
204444985391
56794266129
540224646663
-55811542837
-72460414009
61434057003
-88138166887
109219600821
290362161789
151192933699
-485671192145
43753907069
-4330316067
13491813486
-251462721123
-126259293870
-253543214941
348840227883
-35373573808
364754945661
176183276257
35925888803
-4922517474
159937337030
39748903656
149712069597
466010468293
-72239504858
166363650344
-191271572426
-50960134405
-68680645320
-564575924078
160607171480
-144641550854
-51596449073
-255887824369
173374631103
-333603964986
-259166002962
-329063807769
194033121852
-118349837705
158749747898
-221679192267
-26803308769
72715938414
-411568652009
-182638521956
-114276568246
-305683355683
-210754252908
-24879152954
-264023629754
248444160303
478511282666
87473322635
40816864918
-407452828371
293841688088
-22380215649
152775450376
-77674257087
47381975121
-523612317890
-44027628552
-113714210127
-164494192648
293729655995
145978210327
107016960029
-36954823029
192564049181
60378404339
-272616940016
-73961359320
-167751280826
-178362729985
-29405614075
-16972595744
-61196400494
471550391758
50754035865
69507272666
-162154993675
-353315088292
258163718785
-15557483315
270028957709
110571948269
247578815046
-338727805595
-382624199131
-110113046806
488575580513
286617141353
88763856921
-35047425910
34762507158
-252969763604
28518158967
262844466842
95175919566
71057758468
79280366322
-43099021483
456039009893
384637462967
-186759997835
295726290122
147732277715
21985813356
