# Packing of N=67 1-dimensional subspaces of R^19; each block is an m x n basis (integers / 10^12)
# m n N 19 1 67
-411734882547
-546882490413
-8231038838
83834094743
133724961383
22638590303
-57133413895
20865927742
-267003638857
-164255752369
99589350896
118676862868
-237693493759
210199764685
-256444321239
334759503723
-102240641848
-253322456638
163692506360
42684534806
-199888796384
119592361315
-323421071331
188296716137
547195457212
-1833052497
-333671758230
32443209444
304303054203
72063500150
-255583853839
309369322292
64213297715
267379713199
-162039218950
43098324067
156272014961
-71213308884
165848590224
-51354286025
-332874720430
-176603977558
-446409633173
-295037668723
157421336420
400124123991
61261092178
480564477947
-31608708675
19071653239
-202133142743
210180623715
75733181835
-42115686517
-22419512626
112562808434
-121979154657
150242131673
-132757845313
414232683456
112620748429
-407890744130
117625262036
212353517306
6386742954
-68229391234
-201668120847
266768407087
25347360218
-315822737677
72620671507
-395839611006
-89562134212
-263547813828
-175143279124
-251378660938
44814694564
-321652113624
104065198404
209389398401
47107520338
212620913151
-58877979941
-63154619061
-29605881984
700521082799
-9847718888
68582791240
-248099253471
-143171640878
-216158743788
88284615671
-222881839439
136552547496
-289268495276
357050763154
53718257781
61141026428
156607944607
219550048148
91129671809
-146424173566
136683879164
-262537920379
276792298709
-108594668619
-477794361397
408721932447
-292193197537
-160792257974
217893639342
164148759451
-68659958232
-41155795473
151461046466
274345351400
-27145834670
-444633547170
4810001349
2885229988
-385664010969
-46967608881
-114413109415
319179447019
205587584097
276779643941
-78135664519
179280609890
324003123040
-184262189722
-271999379291
18981251053
258889538093
-149062036684
-64555583940
55329090175
-42075715392
-621891099
-80185933288
172700510263
-61236470037
205771686269
178120009328
-134018156382
130385305292
-458193211817
40207504081
-227246657519
-123659511338
478594535251
-558728503897
5029896245
-68291515603
68964020895
193567442102
-407868752192
-467483262557
187618229936
-85099960783
-7313176270
-171585740234
140182113379
-304936794138
-114633346898
268515228889
-21034381794
-253734569844
153332554515
-32586757092
35675431240
-455772660115
303135433474
-321358052196
8933197683
-30955751833
-222303973832
-364509905903
114116632619
89758272094
-461273276198
-233738258034
-167498607826
-317379741524
-15878468886
104382474762
129562121114
327184695670
-170028091522
-89200287445
-179976771481
208991645417
101087527858
-123441234716
184518163812
274613594464
32028328319
135833282842
-613489117166
-155105731098
81415459638
279179909435
-106451201488
-98870182742
103733352396
-89708631056
323067404165
73669269265
403064210786
-68974800783
33907492191
505039547185
193989358787
377736588067
77492036784
102298066150
29054913788
238601483394
232430231941
84226845150
394900342154
-281471772812
-180029647550
62030931573
-98943311928
190857914912
115179882088
-311377534154
-15354153831
104770579417
125465078131
-271291129972
138349855177
-328346742977
79586869963
39107127311
-242642068693
-148817714362
31159097470
-20357683442
285979446788
287895644466
542240396803
358274584104
-69232368485
240535540161
177121996883
-37198235936
-244364259117
344792744778
-102325058936
129133363178
239367669187
35340398906
305937202176
120957431690
-227520883881
396211622446
61877931675
435118278605
-305883069376
157180413303
240776766992
203412980635
60163981979
-1849828825
-65836020587
-117476779138
-37547652959
443748319919
554569361199
-96631667867
-59338126018
-288971044749
161836647531
-337305037524
54856068998
-3215896950
-86260406586
-27410262350
-195330266118
181077954772
32399408790
-351335233753
-154649903679
115945143851
162374345739
259698901022
-199924238878
9950540595
-182620037241
-78721457466
-347310048478
-44400563943
-279704669002
138104975351
-345779369325
117433169433
-287676508196
-399818820834
209895116908
322499336734
-106219298890
228209254643
-138856963294
-496923070301
-269957543708
-152176125285
-164000709612
60109534275
-156390100991
-8287064157
-393104136829
329133621215
271001731850
-94246596000
-135454654242
303538829110
-162619737477
-271041091110
48675003337
-42512871720
-180075964815
-99078421676
258016851870
-15217573488
-207348425375
-105894430998
42801580821
-156911983254
378815027609
-125482085267
-138261053486
-159996143640
378533263050
-76227207316
78128996381
-220443901486
-349609725226
275840152725
119962229014
-430973142065
215250348368
-196674161490
-15859018632
-105701242777
145273841570
232397240417
-43226190503
93548310810
-434953709336
177353469592
-181519043150
-493434318003
-249446022204
-160320097176
443512982354
-45449744302
-161680266134
95554911813
81219371371
196299650320
-175738202272
-161194040937
214608074560
-141293208921
244088270155
-151897203516
-50528342084
-530896041362
-275112838829
134001213741
-108702894754
-26756988568
-370550040903
-82417542663
431148982392
13233635615
-93838624343
-238832590623
-88711315753
-306118176299
-91538200515
-290953420886
-40821714386
-107529801959
34000650001
-6613871488
172063842313
284009341681
-299338134574
-403755652477
89732166928
245367689270
274631937408
104314702835
452546917686
-239553424406
41661178007
-132131821990
118186002539
259450466564
116173880461
95063164366
11559297927
-352203385656
-20998989867
-217048031859
342231873451
-360470252220
33203108656
-319135379253
-243496524972
1213618505
224436383509
27866770888
-495210263133
15503835887
-136115225217
387413893300
165624707199
-393064206609
-152341219643
93521900651
-74050426971
-485191318046
234042081762
214645480459
-58531076511
111993899510
-55363882533
-210124068618
-254754472007
-102600791536
-109168591836
279950619680
-236895150049
96233041442
221008644695
-357801659641
-92909031315
-70377401130
411920112662
-353207036224
-14510217707
358407942268
75064782189
-14061896073
-394140699158
51753696074
153844911403
238517006900
-328947393487
20447254014
148530109372
-83778186592
65780134436
277984187849
-79020005263
244686801628
261558644929
-164731058391
250325849402
-19081850639
124699886280
-51077576489
-221047909174
-162638891438
151853192975
303996318184
291101282792
-57317510407
295396387728
162387233496
-523204186175
117005854058
14431233062
223631193242
-75683189204
-89965340072
97059669052
-28184238358
548892455113
-173589844080
-130141352934
367982865556
-34405576169
-457387660960
-69974471491
67024500061
-90755140629
-128675969588
-91874408824
-223148022295
-373060041424
262014606995
-84197606715
-252463267432
87962204310
-24350173317
-79187426869
4901634688
286988908757
-218070720956
-65215162115
-204036026379
-45007091931
-9466964668
-338702391517
-289175352288
-436769649318
-197544164608
67904126718
-485011249152
-133916793267
22537826091
-76758383639
34399345549
65637523237
-519246019042
2862657983
-186713903395
-10165183317
48980435515
-232158561142
143334627844
-66544884246
200842440905
-18111441671
108790534466
204465331888
167162018113
-679753509338
-140981474372
95290701818
-119023237681
-376885470990
-220685854818
-234227687700
-328915792041
16545235589
165812509546
-126757796624
397548204561
-129307463220
-70420328698
46713649537
-322154741345
465142548493
-130845782446
197656797504
31826265290
242062607320
-211564126576
327505441740
-246969109626
135790933001
-21770380758
-235899314303
-231118339982
45509468366
-254728512748
31095655722
119796002112
56033978138
643045521224
-35684077791
113703806616
-193144725652
149026126267
-166663673772
-139807299973
-185227772360
179562474440
67697931691
350408545281
-94966513635
-434902569447
-79951030168
-8448424139
268212056923
138432292663
-249090008279
113202078108
159787673506
-270473215507
-97413504956
-122908418628
303234052341
448011107165
174162183570
-145657212112
-484807352647
-123591628056
235138029177
257952411447
151887189938
-156683674879
-83021981634
-413885046998
-75837841296
-364259988395
-141928072934
-329851635648
270839469467
-8050157200
-84753827767
43741933181
24461179288
-264403840371
175483007402
66219507178
90799903045
-15998431321
-399901394305
-8427847826
-68230476646
-414033123921
-60084421530
477536228460
-203398502376
-136320482448
480927112471
98668249782
-121327995704
-52933960292
13481806433
1994948328
-195167227127
-524077325520
94835477202
183607767106
-65188943888
-402059574658
-54038148105
300892012319
295160376458
-32202858414
249997220231
44598149763
95311296536
-19777258074
-14648728453
-58229277361
-331866511434
220262947415
-246603861188
44039672011
-78688441735
190229445670
-191837848940
-34431759513
-153865071728
11516503717
-264329126599
178945535603
-153669819535
73984005075
-153447684501
264809582535
-433761220446
360663440268
473090110432
216363572867
135758519544
-248902622180
-169150587794
-506459271361
-154727211806
80437176419
-196783851496
179934714903
55466274234
195594129576
-72511745911
138534336618
65841662871
41739047231
16274266785
-78186249707
702973264723
167114668061
26255532172
-63273423280
91356153194
184922522841
116749935824
212927323315
-179830153525
120257495343
437628248185
171616695205
22010673753
-63051668317
-2352835544
8614522394
-52024531126
-161086061266
-9850037909
99134461543
643310483443
-406955286944
-75700000675
-103693814170
-17332459948
221958345760
78366587549
54902811055
-157626666068
-167927158749
537498310215
-89919556048
477074208952
197089951705
125572886277
194984514505
-67283160203
-247400727539
-242980486444
272533373646
-150692034423
210947621422
-68963268159
192455621730
139495592097
-134644536286
-48376511691
126674997976
-399210631345
-64499212452
-125168389460
-252953114037
11274306675
-329648741689
-205646215521
54356737862
-223092336596
-32951539915
-298565962665
-299550211508
-264770491224
458183746295
150990337264
-250664269935
120909977498
511178270468
-199748131393
139796770072
51092439144
-279121267142
152441662673
162468933974
277447416877
150746804659
485831754816
-261100499639
-18396593337
-57249557074
114365013282
105787647417
130601476774
-50928224436
53754236322
-334878251769
620489985234
142580372212
577331376748
-205748745595
80115127381
-47058943707
9770194952
-128723284655
1873058514
-37003608396
29645061872
42203470362
216554729074
39227013567
130055506068
81928657112
275518170101
10006875255
-444906256900
194183468401
61349037424
-170334242938
-265873565931
-195314094127
405922277628
146943184958
-145073976373
290611429149
4506214752
134605684773
-150640142932
-72024132385
-329819364954
314625120546
32735841894
-9463550473
-59751754814
78396904631
141697080130
150720625638
-164221952472
155876581060
467972622789
7167257413
-66296641245
-109556216367
-667086148169
-60517066165
63768497917
193903289689
-341266035893
17897109911
205563968156
106371527895
158322148387
121395036160
-211004638151
-78350772523
193736160824
253296107064
-184703653808
213159292437
175674990887
335022725989
-99693475763
233169454989
220164682201
287638247351
40856119419
-110957733143
-14297369675
-342452210448
-508148468476
51330920542
208350497956
261681751044
-255409066333
275767289299
-322933510793
-94974671623
18623101127
-528484952527
-74933842234
4065822320
263186668506
194667758885
-1577773532
-82556680578
390930137772
126233588297
140556024740
207647105247
-575076990506
40607783205
-146645338904
-61883234683
11604283559
319857076902
-69105412479
394549570629
-85314557775
251673889741
240618580334
-310849522016
103998270935
67934455884
-31727434172
31296102178
-339593160351
-15158251435
-145951365340
-87839393376
143714080824
-11150253932
151121681460
333151730166
79180402738
-451227914736
83780686914
-73488924276
-173153890774
352517893820
293981872502
-365271718113
-10322407585
-116394238640
-36340819126
-305282067538
58446543742
-360131191559
22241569341
-121579183718
224535231377
19203244208
-254499243670
-303292988732
-274318409436
-100832742029
468712299166
392901576733
-79100405575
-39434978329
-212435103488
-335202826862
236711404228
-62380004879
19981224888
-2782405860
303429782441
218613185828
-227082751967
-67532960322
471974921485
198853204713
-231156524600
-217231673773
-333385658364
-20180838613
50129228084
113218123135
-182203340850
-61369617
176853877049
-243721771779
-138132196857
-64542501160
-452802473835
-232634076461
117022681057
160338964163
45007022707
234073559038
-311666170794
-39646618476
-362398512228
-139521811662
-338442511147
-338947790172
250507970801
-16310709930
80959924590
-96087560225
-205248363848
88481282345
464537867910
45072616567
-279740992324
133722764764
-215752621586
554837790522
-205482707467
-73428256575
153594436874
-33494017999
80669233431
-206204399086
129216158059
-495086845937
38509393742
-324790097283
85996154254
-128433476382
9736401303
-5608643713
29177691534
335739263910
-188884747113
240716665897
-104702098054
434061788267
-431120187387
-199239718926
-128538766448
-136772927017
90665109086
250352806164
-105882428642
-473032512627
149742943875
104806245914
-115564814785
110731545678
-42094299355
279913341080
-34652550043
-332394893332
-31946329264
-305398434468
-6055090934
-221711006817
-278605302072
162483676164
81506732613
-122828853947
138961979453
213461127401
296950004252
374645314158
39289554882
-25055755343
67368453316
-254914065493
40396863797
503530274482
574154552814
10894148911
87459228898
-132554225790
-35212760054
66260297678
353728346228
-27697132185
-204419410171
282234175851
-66332097914
291021330328
338940544608
126798634995
-244428374935
-71819312207
-319049004938
43094990348
58641489580
277306528963
-470019773824
-382416261578
-82048490114
-144781368887
159589589241
-132679922814
-66648021022
-112316249926
-71399257790
594103654435
89585323026
-97923349325
160808776945
-67271450906
-193282357726
-33753495968
145560113483
48738716769
-308394832983
-130852568091
430499124009
84928351099
-95259475514
-38274369013
37881617581
-64645389244
-57787684618
-55368227142
-94487755885
450257968985
-146980708786
-538973565146
-38847363545
-182401214886
193204896303
143960140012
-236815401544
168313857124
-424448043554
-230195250854
-28566726440
-186193069682
49986655454
-382726433909
-251321308959
109487171983
172403602995
-214927760316
-143938357789
-100641490585
204701400394
-33465122121
414290958626
395532389774
10870332872
-30413592043
20550601966
-193266411068
-182839042954
288672543283
427709718147
-203213055704
204229368702
-95870790891
-153031716456
-2615786172
-144373057368
295157481817
203399215964
-363114366679
59393898907
302532806668
-382083669553
-89229827129
-129297498157
-267068782477
297949966897
-61644645123
142403343462
157334082595
27917447012
-224230311096
-332506816079
-492228300547
319292230818
-57728660012
121153364164
335642694598
-76129171261
-80692205718
-283516240876
-113111129464
65599015334
-211563732171
-187677814539
57622611022
182805907472
-361602464801
353060361843
-9354468914
-256660479749
327377892846
54270602877
-203780370232
111040769244
-60659506563
356630756655
-118838060098
-84144762355
-235538364387
255946098513
241915614633
-333335775897
184311710623
204131921865
171938850833
-118501812724
266569695603
-205263435507
-176838413539
74862661177
463996939737
15419270052
143496381170
104021198742
529783756089
-102752521530
-33400536989
147600007157
-241816482415
-257973286056
211155750832
91898543574
-3325679553
369925935503
126595457280
-36375885990
-122971895272
-227351763372
-10169242392
196302121106
-153209383434
353530193574
196342866297
83168575081
83681423541
536928693022
-302281053289
172077015187
-253230866442
-239938498929
108980208012
-242016287350
134496215328
118201388608
313316643315
349125535204
239745922289
57993261990
142395228592
-242943552512
-28555063448
86594509623
-190126218728
8940052717
-245093291793
-236312058924
-170889045491
588028909057
43107968079
-377308763820
46963772044
-234795091350
-395440121108
-143518197694
203428856649
-136199210301
-111575740916
-243334054585
-304494019958
106554498545
38346810291
-103302077074
-277835082865
-387621738347
-335359329086
30576854946
-167879559762
80620648129
146935201447
-204640731025
-73337965198
29947172464
88727295798
-285784189212
580484644577
152269554964
-245544780167
-38692444336
257227494222
153472483892
149505993908
-110213926247
189541943647
-90565455584
310240646039
378184368173
-105613179217
15546386799
261636080033
61499795703
260082060533
-426734436262
209632156590
18792237043
-147421101584
-97170621998
-406808743234
-473400005364
187017801539
106761935306
-86158541516
-133234986390
-210875426210
-238533457914
143946779103
138082998597
-29862062576
-165062908421
-103734981426
-174610539463
-140372509790
145747074395
44116549404
-216064594260
-95209348484
-209049236356
130490268839
28251768438
307608714459
97553297856
219630219189
-142176417978
-589452993461
-487853923539
-111337254764
