# Packing of N=72 1-dimensional subspaces of R^19; each block is an m x n basis (integers / 10^12)
# m n N 19 1 72
-25847108280
440032007297
-174498459740
225302002410
-97961839554
70910743878
-369961275382
-185696584971
127519751732
276788715126
89011441347
-254711356527
-276972160732
-40057462826
193873716516
-12084943238
-204607089782
-456689971148
79739623881
331093573934
39753354224
80177816523
96428760287
-60871393940
-3209885109
-97272315416
59331394498
-363594161772
-289511736212
-383532186595
282158459803
-244533159367
-285204656049
-156070758501
-276855077115
188863123963
-349528935234
-116872376962
83904430706
-461076690828
-417667255811
182728291601
-333181862719
-100595645177
-87550401841
-360638363324
247353739575
378064437830
-63686163287
47883316096
-57325322848
52548504964
-78684403025
-88564623830
99178008712
-92977582287
254261916186
198161722349
-348478488250
70668632834
-280338600467
-160155236039
416910960003
-157663190165
-124273029161
-143990913006
128645765327
389990902752
-160299858325
-48992997563
325582795994
-273713326609
-55986133161
171787685925
271599314597
105535815280
-52230569102
-288038000986
41633208942
215190062423
94566481179
43026626999
87996559761
356671640106
-171240871855
-170894057526
626239475094
129110089712
-35378613382
-425327166429
115003471674
34165303036
194699434187
32592958227
132748765982
-328682968760
-183026391211
185735147309
386423730771
54923715530
-130328034045
-326781773635
-16532301873
-170608109994
442486813966
112957378337
99429173884
99016504542
-200533256610
-59964899340
236975062579
-291890292665
-6054152981
324085926789
-166738261500
-52377474790
-158526257686
-459862351152
-326524439105
94521421035
319039504086
419237878651
117425725459
139320305722
48969302974
-119456037020
-109055838145
164207309378
-331164008744
125620307546
66095103623
-336523485274
89226117063
-372687502385
-251877962366
-283603938176
-106772187876
-142039743229
-98493107376
25785264753
213161724706
352163472601
-139116207984
-27419063976
174751036275
382774534259
-385800550772
-86370684433
-53510535184
-202000630784
71877251489
321771045915
-44357206764
131523935120
-225012917623
-308407712346
-11514747972
-240741897361
-126707997317
212947531190
-386221800464
-131710403278
372767719946
51446448384
31899251114
21400927937
-160234465285
18327156052
-321059496784
455451501459
263396514211
-104258277455
210769501081
267904043806
96595853334
-375341852685
329950286546
129131614655
-213692113997
75182687474
246455460838
13635012023
327153104956
96528045976
260602212693
-179709198257
-83458763969
-128086199398
-274444020299
411934182567
809096740
40137883882
-466850996497
-148410397614
232294532214
-254209143277
-137082663951
327710646326
68872785321
492750739993
337928135877
144787364383
212419065898
10862289647
49436403757
-132967510706
170532650906
-169817914564
87490575081
174943801268
-204574057151
495817821551
114709436497
-158769920241
-260506570840
82319975545
5631180628
397969714703
-128687165866
45487092025
282000386017
-201655871076
-202308563297
145906790658
-339797906913
-3259447333
-82153269117
295012022422
31831655542
392547166193
-37790533955
-364163828231
-51114584634
-172616032124
318526149837
-36031646540
-186859371316
82353941552
-111358599163
242971809779
547020262804
-167566285632
-324322642435
-41561875168
-108538137205
-115448468725
-56728850389
78605307663
-412431270433
254986550227
-102291711611
209272256966
-278198962811
-194242384816
-262569895679
-200112406040
372654050008
172619864611
116677163650
-86723568376
-267262265014
-67741803408
-182857709076
294893367533
-117346575395
-283446331073
67319869940
-499167421419
70418815411
127829333630
-183646681951
311146598847
314166049599
364803487642
75641860321
307897294277
7393038440
175445802162
-31456313742
69593047332
220245410630
-3036669514
-372953171589
148986439775
125224871096
-95972322426
250676769503
88083640933
27791697321
90312595885
379089970699
-242982443861
262180088177
-24846939641
144355068914
99790905254
79127692122
238912401491
-126231112149
391874838613
-339790488728
-34957714492
229727329315
453945119778
36793683565
-310576168760
-29164191461
-8098878710
216497205223
114423600586
-396134056318
10364923150
-164137482091
131216427316
-101958894790
-56545769475
-16396808587
347746570581
-276003919958
169937269025
65532418881
-622406990097
92676149244
170279850994
153933024357
79972172933
-33300299597
93359609874
421628076304
32228019100
122428026969
347186979335
-102622061957
-339467586199
72661578550
150305019045
-325293066085
-123704212166
-349532528024
-407446110165
22639731298
-230858394274
-374767247202
-162041589400
21702468897
-64407107943
-204103364076
-192150241062
170696782613
166380542721
-218722995582
104630549413
-376836765969
-209212283640
79392277432
-143501808559
-120151766929
-39699462615
-447852932685
233106285056
-388446612718
313637223373
-4824285411
-476351047918
-297958952053
-67654317580
-185686112479
33923528730
-105535267177
146716787106
-132316842750
150125378291
-452727310391
259554052133
-47889427981
613773257
65471044761
-372572658774
-231301247527
42204535188
-69103876222
200166480469
-113426838824
-190368002700
-288975779817
34710209288
-99380704986
-101085650952
-38515438186
290629944334
235773280149
-367277989472
145986840954
-459126647435
-153739069973
159653194090
280313529714
73678850525
399469503308
-121516557703
178736035171
24087771048
17072430083
486405033911
148979228890
161297011896
-6505582961
48724910596
-231978996322
-144995178281
-256578061872
-543988626488
114536504770
-352962677092
-229110668795
-21746311711
-61300991540
184878813144
-37915818230
-99649271431
225701093544
6181604867
-97753855566
-523375311431
195199354385
54524457727
46786773432
352281195922
43875749600
-91855362321
116495832383
348740851629
124081887436
-84093733945
-343904443484
-447617569169
-12456410299
78557338537
-128194376698
50636291494
-15324223237
-198059150049
348034441765
273680966799
-209386691163
33837089673
171860717810
184295785093
161757789825
-673225802521
-326436836223
-150708392242
58683542711
63786689803
-117253075092
-30286245440
-176354287720
-63519470703
255019862655
-632697941315
-115814746606
-22864381082
-206627648314
-9040794114
208623699641
-296020778306
110278813416
-148474590733
-265200786344
-349933571617
-213978910090
-122810054338
-55291864090
124285801241
-72755787481
183996898689
-33546032568
110603765805
3625043749
668059086315
387064467483
-182255239316
139751217642
88395187796
346406783616
236215859336
-156140311677
-72216299415
-161870824636
-58843632802
214426078602
-53292918739
82949354176
-73047576400
219552096063
-328508696936
-297210955852
-319732742513
-6913249138
187403317227
-212811248780
258358881508
-98830044584
31492992322
98188074382
410799078341
-64300754144
-144585272551
-258636345377
131330914178
-190148657956
-35577812257
-412736577762
133678813744
-12768587680
369111669632
-42693526331
-116081113687
77184622111
-172558962021
145129747752
-63137643399
219442758170
-259894375442
-142305968794
-234640280192
-549124229586
486429776006
107286085417
-81203107735
56872152027
-138367578601
167384281435
-310442881506
308922269609
77242289393
155557848510
68807803640
363758043162
138601780374
270336209722
-368079981315
254240512735
-387908757008
96046299330
261312214592
-48225448347
147919942897
30369621492
-239256853691
100936359721
-357304965847
-254310409477
-6008439316
-91465709609
251088576741
138195030662
178980843354
228494575458
88120278491
-262499466000
-162493430450
108071538165
-290464946024
-137695143503
67889654142
632139392386
-85320774617
-44802375821
35907932458
465818086614
89616849154
-508269593358
32610851578
221548171678
106295177312
-396871525377
174788615958
-101621045626
-66324768707
-211136975932
-18903131233
-174916984106
275583223281
60021961121
-234915531356
-115905719083
109990147688
128905470134
273095464196
-85084625929
407391520141
-134626726646
192413479511
-107072903822
-33664772017
100715066188
98875148051
40462312476
-71566844156
-384357457853
-102637581037
222796783725
104188202091
-299596015361
-346976399668
477810820674
23984873065
-127724865637
-174811588965
64361021204
259333600317
-38288493093
172334210230
1861997170
320390675759
-608407616128
-365933668830
-35145743599
-162302147315
-6681405635
365120820806
-22777021331
-198451200398
51565232052
22537952717
199602911187
-75247226394
-260388266109
-20125507880
84780278070
-138737454921
-204136774560
-694631449763
31504421096
4801923451
-288652835388
96231803934
337320189381
43809448832
80229463253
-205433152002
-185258523511
229513692975
128021010309
119093883148
467356882991
152411768365
405446883326
-125395278781
-290424803942
57752917494
39018216670
224512801070
79525190380
177271898474
424583478960
-65605892849
61134827489
-180835346094
-219480635660
104410107503
-327707061431
-96655820548
-63682331967
-130838512629
1250347634
99568698326
-358395510694
-45451197603
159383765031
-13434155243
-593831204962
223048033956
-228968695688
14174841824
146816529244
449045380986
41616210050
171621479483
-161780536638
171350794953
180737571186
138826040908
273949042937
407613561336
-1455840469
-24373499788
73758851351
288768195263
-66622561579
-61122209781
71730548883
104990554131
195050226486
440471115725
220524634308
343019566167
-32907479976
109899378898
-123752465080
424586237478
-194768707186
-104189007417
-227396096526
129298778469
427382964024
-10042073560
-222240479666
59184046471
191845711835
234466769395
-79463612156
-529426215398
7596682110
33637732251
229226351505
-407150058007
112924551813
5487168540
35507169894
270430995180
376630196728
-98315098139
-20853004043
-336057493588
-271125294936
-583073099882
-197809782058
245046949197
-7384077378
214691601282
-310847051946
-61357485944
-15448074676
-112091082448
-203303984888
-16648032132
65049262184
99075761826
86352150586
-190289818339
45178081409
128713573000
188164815345
147272878893
-130451513502
-12789267737
-116043587307
-294415380712
20454915523
502861361520
-602414667780
-12349462454
-59771187850
-206479882676
-148654584764
-219564880808
-43679562095
-189718984622
-193517860488
-157230576524
-103402415599
-219464177449
-169208886104
92383768567
408787064200
-250454030468
-131823588955
380523785767
8783595657
291115361814
-3592527780
409565482407
138903176731
-103399785284
194257147799
25125228638
-358973083639
-109385931101
10592714350
269835955002
55439596003
-392300080358
-276847576153
-217260280138
-376458271377
79503643085
144326757664
310605660820
127946829363
-334716054050
182806384226
8807356216
5407521475
-258440466395
282853856612
-245389114721
301944319565
30534893285
-117463971183
166766559200
313387726901
-183355247439
52548235299
-278486107040
-89656696575
171226867404
-363932878726
-83507644638
-295831732324
-281059335910
-27523756400
400714427418
254505322774
-12222963698
290862804916
-210350342030
-23659952727
-345901512514
261177970183
89019339507
176860117582
281321054046
426825047506
401675072885
49008227834
10141690236
97494490162
65354471644
63987531408
-126187404000
36078378328
184952086701
193935696862
-442769128036
439415527051
-292421772792
-101738051063
242097007973
167329277941
-414366758174
-94499483699
79690215287
249632260344
-16127428639
291839589385
223623572517
-17521441879
132718438375
-485352103
360853129474
-222615876421
184930949801
88399293990
217741720789
-31429948757
70385693362
143575163991
-161616566365
-151000508009
-85823921510
-202867717008
309238264444
25925118052
-139021609688
-186110790203
95107348767
212384364920
10011262631
246616980924
518949832074
504445465352
-198693510174
-225785585408
183918847671
102071069118
-101173110415
118264842526
-349687058526
-246146631563
211802112658
-166389787250
-32278857917
70176222791
-7785287638
-379980786439
129602766434
351325957175
-554137785500
108643235431
-99173512052
-76104459705
17025397735
-14181059770
-355657660330
33112610007
-385429799415
-58803266856
105757079241
312467966564
-92922043649
241676039355
-80934083890
-512675111004
-12863943966
157141119481
425134670671
-141639308430
160569242488
152136940307
-8332975392
159059651030
251552920555
189118476855
59383033935
-326858369651
-131982908197
27874112397
164667408829
-262053922114
-110092075469
-235193641229
-346323366657
221046238679
29248482216
43412835149
489801599541
143234380077
-389753460653
1149104880
-56124763266
271728990581
161434403113
72643538867
-294783215928
35175179142
183685168084
318294988614
179375653250
16846193576
259310230496
256927114423
-281346500395
171621067560
486754971040
262689444896
67569742282
-218031443964
-190070802567
101226549839
-22955301669
159035867217
72876746101
29875277968
-239649531895
328205655216
-97606195451
-583000975885
47921205764
52518506875
425035359872
-142317257444
-167809975807
161152501982
312634231716
-243119746264
67767642187
-147065578188
90126580245
-125651197322
47775913807
-448493177707
100704209788
-409192569074
-37264791091
178829393324
-29834049138
-419822564311
135721566819
285282944656
138492301616
-17931335014
203760105979
136721191353
125949387162
-434653239433
16273736889
128225835263
153361477395
-99529749266
339181282422
-243403541674
-34536280080
-302519817989
-93022647029
-285934908904
-208337301519
-32715695905
104921308955
204735020581
149971330092
-327468982122
51113685703
-558616361891
-158026879149
-161107666230
30684460742
-179366265164
-39397714858
55780623282
414517760401
125077426287
-36447363587
-238179422169
384517284888
-17465273255
-236154708360
4034749660
42932725324
108286776285
273692887373
20148951368
-405414887979
-188838211596
473125076867
215286776640
-262064222481
-186387425045
-238722486721
96907635226
-183695533879
208236029215
-77348043006
-191724455637
49541924178
-298216944972
136412053866
209114755259
-195664932738
466504276284
-478804047299
-156870827116
17999590164
-13606575593
107383045040
79860611633
189703679296
-264781629362
32399820322
360672556117
-24706202018
233829871541
-394282662409
193244302230
-444111816459
70018474914
-139117222304
-25469581706
-318240177380
197002904593
-195176965734
162623973803
264581158435
-382003187264
-163270010186
-45555311818
-367034699466
520262651381
-12083695640
141695891143
-106158652282
225929602383
3398772946
-21628918607
-154855266076
230474787600
44168317919
-90245700118
-132502283133
-93615004208
-295118731336
-369224782499
-250684126916
364089343368
188608959984
-227747651428
350230371310
27366057501
-92240843923
-172609183228
-117435786975
347769471832
-120175004674
211998071631
165342646468
132453669959
336643199112
329202541677
154515590892
-244510894988
105241706680
413891347570
-223735392551
263818090163
-3712435568
30070408982
117947954588
-221885857162
570573085873
52511224144
66681445548
24809226353
33265311208
122703946471
162401929319
185901417433
-193353930860
382900194890
-47617871902
-219631650882
144659643786
282945075342
323146886962
-392044724400
-18582423564
-273242136644
345829980517
-101151560906
165418980878
-103670463078
1362664341
95670156880
-199600057989
246425611655
-96366073463
399557474325
-4979130347
205272889984
277723528458
-220769548134
200232029742
-106650739868
-361820348635
-117014918736
244759603331
-231566213513
-169044738602
-240084429088
-338768782104
2757439607
325757990387
-389446800171
393242064745
-1071003025
116382278754
-56732813744
-107063839973
3836962318
-155990530190
-16293735446
-238044992117
136516347916
-44122996211
-146333855838
513503350088
160416027958
-297312459046
257820403554
-87516380033
160386864922
-144796057605
-167758864122
-215586145732
-286420674175
150536586198
152633955624
418914400091
191295035890
-207391074416
-123863998721
206958866715
-126502912310
149562967908
375591228804
-450044436122
-387122642017
-139341599930
105012426786
-251225997445
132053400160
-186146233719
76754167713
-104216396728
406772409492
-19597409806
-46144229811
207932798079
703878408336
88461206061
38288813018
20835719360
35422547487
73695016275
317268349724
217053775910
282679567508
-219334920782
-6805687682
-115412027079
-73281619266
-141110470841
-87509045240
346602092308
21691436992
47019266685
339141496522
348359524234
-416920715923
322189758456
296426586814
-21571047331
215016457648
-113188901995
-14319525760
-48892557969
302713347871
132192765131
-67801011155
-336920610203
-246142384197
-131405574810
-91746315950
-42510450538
-143963190409
87538950421
-182363550747
510890101898
61163183685
134840859713
315789351045
49374278100
-134557522546
-339574879134
185826161591
-90066649225
-91444736981
542225891726
96635609219
32405109051
-78647291994
-185654882800
-111209915589
-179297209080
-579944364744
168124464586
-84363609793
121063398412
-275239211536
-39716104993
-361893636941
63304279297
-150958888474
-314071905471
136361960680
-181258992352
17025184324
-203370752163
338446615389
216745233129
-14267493320
133517229478
-85047108422
-342608850950
123414818452
5380324065
150981215371
-155482797664
-217013621794
-46956913354
2745993888
259435988763
164603186661
-1826610495
133575696845
-165005302865
-176269695500
-541824512482
-425404070705
-26684271522
-289771317585
-203260141846
-135987171550
38842703951
503670524116
-191313142713
209768208393
-198930961569
-67511315008
272643778986
-83210294912
125210817581
183324475409
-62701345745
182759186788
104785258726
-411129672333
-226241514300
209393515582
-57402503715
394169969125
94413752613
237168882810
254910782381
453886224810
-176977236270
117272159835
82619492047
88781386580
121167777401
-417899197432
64720991161
193987443235
497977697015
-91080235414
-154868122243
-101082165459
285663744284
4841252198
-28553165929
166293886199
-226292109327
-18591411590
-157397212481
-480361354021
503990090158
-123674378652
71634791972
31836795239
-345227063120
56464066670
-56517811843
65753846587
-217502519700
229934861782
-19549279795
3941005270
-333251462867
219785818125
-221848352874
-8367344343
171385859054
-68491242962
63802900408
67277298467
-395221642766
195098797388
113677230770
169552534304
-344224946730
18072914877
376652673087
-328554377962
-306645989734
245899758426
279225093652
-6328607621
-266420733924
