# Packing of N=77 1-dimensional subspaces of R^19; each block is an m x n basis (integers / 10^12)
# m n N 19 1 77
-421075853158
-237247693932
83798713950
-83131942198
-223241277129
-45212250213
118845880135
448203432280
337791283332
-51959452743
-70240324951
-1185763360
193843473696
-184304376543
-276774890376
164923059846
-260685965733
346257134576
-25449279348
343432914314
-141644377035
465529659321
-57971716445
-207908864555
-138985569372
287918643961
-38827739632
20696078746
207349927158
227888789658
210387559093
-242958712794
400439251794
159722219072
-4872747941
160236461793
257548620340
-135732363273
377787040997
-172315284113
226548847799
571769514305
85434956294
-22209940761
-95392505059
-291088583572
-278936823740
-18200697304
-40447375443
114206930373
67730567351
89256744084
91742348332
231609664619
-268334515585
275341598044
180189901220
155869134810
-104569620952
-79962805283
39522050148
-85379778975
-74857711757
-139702245950
-205006307565
503298578928
480553025539
-243284826556
155271353385
38392574354
-100990494558
143431937080
48578153357
-174060631814
498549888647
37204635833
-258433182069
84079128010
415921692245
-156170061396
-128300289523
-9420461452
39643055227
-17138465086
443113137394
117041490634
-221542921095
494797388517
17859299712
96491820630
123269086057
-4340822599
-160815839357
-245514143110
-308887828579
-154350200063
-443118022559
384000038715
90079248596
92110846383
7462591993
-52013614721
29942886697
266314710924
91286955440
-337702256844
-232407201748
-530987728528
106245518547
-197524516089
67410619043
127165826129
102935125939
-35132540924
84295216564
507283041506
-213565301520
-161780437746
123955529518
-332716511557
-54012245086
-99593608706
102558268098
-274792500540
157038560549
166225995042
-160429615079
-95026013892
-282152106288
364511563100
329636294560
-161730674990
67003159281
309719621443
51102688169
-193651937876
619914208981
-71265897048
49150961574
198586192294
39770020816
101105556883
-375035008901
-172875103169
-116584128594
-301073809610
-113889764142
-92787903336
118236426517
105435934259
-312711488814
41140834638
-180656440183
7768470173
-436271295958
-50210402120
293212811768
125036295348
244137672896
29818460554
410133057309
123777344893
98866967465
-323588414647
-291466480687
33540447336
-144853667592
426113045284
-110203127684
69810728761
93188280232
26138066759
61704061799
-171194046988
-269618772519
85049231428
716069717263
45551002809
-166758046133
258404928183
175834056990
-13258298715
277631756055
117843503337
-73456794403
154984469817
-70276636977
16876944284
-260804596124
228349787319
-238729344944
247786700908
31222356617
-238578185872
-245976077973
-335096476539
258008660998
-75097198116
31105509422
-373180588371
113546919691
253274090639
17581596539
417717819024
-237030159715
-309472331873
-91956636677
158832056405
31692262280
222660478628
56514845697
-22718627041
-368431081911
102684975012
-286823337448
-37860460134
-164106831711
-65093931138
-106670922523
227169541614
163282182142
12661821119
21923214264
-2395674194
-130278039034
-6036403709
-103648829953
-753334544936
254390702343
-5571211349
-235762574987
-292143560199
20036510713
-428876401993
-415418214280
382777939087
-333427274967
70603868357
-45873875393
30364393771
-60969637685
-114068297116
295787957114
157069412979
59389502698
-197144529338
20651315583
-393138687327
-172297462184
321439609574
350262925360
194503955998
-205670660236
-202409106
-90894704607
103554665165
146380166039
2361468430
213140019460
344439067449
19994472285
316055052331
-77801560
390037374418
226778106894
35813940042
-104054931745
-469785621843
-81425823106
-355924844868
-15621073433
256961761480
-544722901717
134488675125
47871424164
-85225516343
-8530188104
128684771762
10698016295
34395955050
-268263790508
251504423895
44107833171
-168905920590
-246775200103
51369086356
-180283127518
111473902368
-381089977111
-296871809662
-269403044118
-108155578630
58463732958
219914258887
322379614391
333470814132
-2906503518
-338976685466
-179122172579
-236528756477
238846302162
-29729413263
-66003305641
320391858170
108748427320
229233797052
55000031850
-360874193255
-78010252612
105135601060
-101461634284
-316736914191
347693261308
263033953791
-86979567897
-278920161705
-119821670422
529865829463
-202448944137
-128642964448
137187312498
32872137844
163170796401
-105025516648
-171175402567
-16255266772
125957852182
475660127781
290422363919
118400553275
-291975815476
-202345050773
-246612676271
-186400232598
243568593741
-63240834835
-229808975463
-189020238064
266507836811
358880834070
50296652100
207241027145
180222517732
113463902560
78927208101
-23211258322
81380635767
-298403929969
132893821691
245662083665
88013062532
214850603567
-154037558732
-663952795979
64465314758
-61916440825
-207522685806
61724594501
91132834332
-403584336885
172280847171
-599987378512
-128782505823
-29723313398
48349171773
-240295905608
31424436356
-156687081746
-145415742732
127366698460
460339178964
-94346810159
-309640807057
165652163171
144880834485
7308634442
217241115912
-5139397847
-288481371394
-62797947686
-398665191160
80822938310
-91530322374
-154500089399
-348784734672
-6588831699
-72753961436
-292944643217
8606402010
29873072922
2077960528
-332704841851
-424369852360
-144612462737
-60120380918
-182746053385
-285893378678
396639669161
-27336167381
-81086652708
-126651439658
-31890973900
-172380114571
123270042593
-35161656451
88499181577
-361399924108
318267067939
38249414148
155861402383
88601935929
618245851311
-311383697990
-249112100358
266876714044
89544682911
-111863676596
-154528502935
195835166713
198053056978
287556822491
78534731093
-133819561626
-4311933295
-9541106167
75833844296
238036478522
-327986496591
-577334491573
-233104584933
64811089258
96772969114
-159179072235
-238731039087
-357797544366
126967614025
133692457015
257290808334
-524724650217
-208403599676
160149514524
-52208783947
-71440548833
-202341614005
-19627422939
151721474919
-59179452527
398359926790
-117601574598
-391916611065
-45350320496
177507952055
13736286457
-206410125896
204775163746
-263239923403
-211629910099
408326700692
-200199604778
-74750566967
317163010501
-162976599442
-263977168798
76674190200
-315457224508
339066617515
207460716321
-245911590423
-230850877590
196502444414
-273891816466
-112334483434
-77043359981
-59500737064
-181903611718
-238205146362
232178243460
26014674720
-196278610759
-17206223948
36361014238
-370604607096
87670092713
217528630414
-178953534041
-444172039236
164376611689
-178679074038
154301294764
282630750738
211669889041
335691759019
286793982518
156482729625
-597654875039
13421644684
127995811451
27567946850
119665486961
-125024149386
357519945016
-124024504687
37395625774
-412704591005
-290714773029
-106060035344
-113091143709
-18511830450
266720804255
176909583605
-212623034336
-97830322371
120400177067
-233605635046
-288224722657
681581370497
-31013217202
40023741890
-20658586493
-117885240322
-151247474358
-40263736798
-293255585123
427842826599
20294744802
-17927727300
-116688485150
-46375595294
106744113055
-190792558367
13997484226
-151250857046
398178008006
-311334203081
204474970269
-505292383862
249801222274
188037445363
189697416638
222583089591
383211783391
60972363545
92258259872
-228206620208
66033428573
-92512000048
-36368580145
-47631974583
-87211407479
92443844789
-142432452584
-51329990310
-277459622092
-519880493088
-26295935751
219469786824
11114508637
-26248939655
60742311910
110630777557
-449075955374
42739957456
134558867479
-78488831307
81141419471
434054601538
-174603028284
255272986763
-176268902069
187175831056
-193928781469
-241113337086
54865118025
-40917814478
-241158496846
-125332767721
148109650226
-518348503820
162053565891
113520371416
345092038007
117339466397
-26028033879
44821584743
349144548990
-356795505185
-87444394474
-207491521380
245943573430
4822244014
53578875940
-34938049973
-95256377347
92688578776
315508275896
-103524506204
384024472615
-51328020215
376094213
186826458610
-257446520894
471963572425
365353684917
-330092641218
-145507895638
-272920797791
-15411634643
235744329810
134167350755
-245347443282
122434393926
-182096555388
-27314724723
272264558454
-212011471318
-185426876592
-82320383964
-26702500383
-45372047094
125644901912
140960980421
-493842677471
-383581877581
-236543807816
-296724294683
262363210942
265320618595
45238087403
-45543802563
-24390431067
-133887471429
223366890286
-186846745689
-185281979331
-141123562952
-309039339424
-357918476268
81746609854
-263314620987
14114911017
-27649975188
295608169938
-398769396543
-536158525611
-55794473412
27143602754
169027045195
-127659861842
-290873974936
348576515088
-199868487640
-389988693221
-188654178198
-246121940759
75396789689
-12672946396
-142033365906
-275080821049
384217332184
-193376883315
344749903247
-141077531914
92472070296
-123359460249
-107632530680
99891369231
37090411230
261977672335
-57575063353
161547723947
-151196970043
-366553930437
412534082177
345395903533
-267349369466
316457461704
7901009224
-187001110296
348936562312
-107347927889
-196130283929
246143692988
-69709093315
-7059446616
378773173873
340305202534
58841031550
140470987369
-318727538679
-71423859084
-169072693229
2934756453
262414150887
28057098245
12393314764
443121787672
-79245490637
189892193653
105883179212
-42942661810
-80216595777
-155335751121
479717704158
241211646755
173454939678
78689254934
3407622468
-152364814090
226903174117
-7343778492
-321432242541
253458841337
25655948034
243903838310
-488946550150
221137014826
-166215839718
161311527203
176049584692
-397935675890
19685588420
267791173363
171291149740
-389246670282
-13603825212
-273129106552
290594498283
-466176334105
-327293481040
-420092774866
11248582714
-78525628960
-22575815488
-28704179384
-40332384810
27126810459
-97169125338
-115150043801
265123207964
176852730539
157288769332
-14904354359
72342392759
-294888838943
-208502209411
58305555000
356341424113
355926372805
-42484245402
-90664798847
5569884963
408410503377
-189780742742
-128959126912
373650274541
246056220623
-312414832109
-74520276714
172997759139
-210486168550
-154291257235
21150638896
50834285990
63781706733
450709778232
6985877787
-216863854930
118128112867
317338587034
130014292309
182507180880
235763233072
-247047963919
-489303937810
-251990188901
-23215268427
38660930250
165764792507
-323975295679
85233777241
257816142377
90788584807
282568569438
93435679322
156244494478
-215795568251
-74298925936
-37512633043
-286084155799
66782239509
404733920103
135240856095
34612266185
-494284947635
21995751454
-358788894209
-259758698242
-202320346141
125841188190
-56395511180
57587976296
-358179399289
8178550294
217732709993
233184351127
161618852001
-380242061220
509809519919
-212630721350
-35804232712
-19635554288
214675722702
56250336068
76489694183
77181216217
-336633107171
-309283601229
139912875118
170976849867
270384194233
-93440291988
608714556688
-200855292010
298045668274
-225950088140
-98127902440
-168433131322
52558766880
-176305998039
184932367396
291671748629
-269625907521
157036772926
-153840847015
69075993729
-40952172678
91023844272
-184293864606
-312478756288
513173198594
-286142148530
-64189714848
248036674611
279624833761
113437572387
-21377820728
274669062374
183653123926
260913616273
328795805531
23145601140
-158406233966
65262644881
198560409281
55298106979
-33145440614
19959555450
-377882840304
34753726055
-72728588364
21980600615
325595185672
18265207274
318849609596
-127532448521
-110082137877
227440264498
5576161695
-319857945739
59598750191
-514589077509
-400683912682
32269617450
-168289903275
-328963778615
241689606785
63380131901
86999097036
43420194262
-233965402567
-50399621095
306150370274
-72017156259
342814938237
-508240432610
-105077029589
-44632554431
-334178352252
245126132651
-171600866030
-107986490313
102556609959
-226830028384
-245162464552
162676905724
238011440031
228748995769
234645849531
-352235718849
-13132352694
-306193036357
118001107886
-110543903983
-144221195747
-83768521742
-58536052696
-62677266557
-204432009125
-493987470681
155408155102
-355262488107
-184134433342
122384606859
-303338665534
51572772699
-27427917368
30242458562
2695836239
239506534406
368027133759
-67796181295
-378338369975
-114258780687
134427345691
-47916586882
446203641192
42510613423
153625906903
-423874178298
-64009210227
-326245478951
10571284454
-333657480299
59753585067
187422384585
-490328533529
260618376898
208361628745
55220437567
-446676643252
-126201102137
9467916438
38451544566
-247535959606
-34356233324
-378897100409
53134014109
82103437008
204540122518
-143604455183
-82914731161
-463854144363
-121483016469
68306201938
150568153591
-69026874638
-114140489709
190903281633
442635326020
308225413636
-39105446442
89348535081
175721305742
-56686514205
-236943336267
-381160658881
81772955029
-261383405509
265832017154
-108391378542
-274140852629
96446218527
42441087081
140030610850
-303412039529
582502196814
125740701852
239608619241
-229865925950
320680116459
745362530
-159947565323
-182882615281
-165040230884
-38665236184
360752828158
-9818622064
64183515504
-88967427487
-15441544741
253147543468
-261559423399
32632670868
-63587602900
291484523306
524782591827
569205821
-75687309291
91362693343
215373445844
109679748913
-20854233148
365250436757
-309973015640
-168212333433
-145212177598
376937202562
360976418111
-247952298594
138710396167
209595768402
135033157404
-136938790715
321825603040
-23968970655
-86339055729
207062046338
-427349951030
-44392253753
213524158489
-203217174550
-262065498649
-242158743914
280812796672
240661922132
-134169943146
320412389384
125789880787
75143323296
358882232732
348285499134
120364094443
104931755680
124310836929
317010159435
363125187231
-111484084775
-11260390704
-188001288658
306858163143
-45670135529
-244898291515
-236596367117
-125426559339
-276817294606
123421366637
-215829595105
-330328172817
-265574330331
-250887052395
-53180014395
-194677859491
201035789810
-117707292800
-278201335326
-246964808099
-99534986780
144450480520
101691555212
49765126542
-309622350022
63298521685
501585414249
-259146501222
-296391941735
186689418257
-104509453475
342142311429
143378759806
-202349887721
63528023657
-196879665162
125246695950
108633880140
286142850174
10343334875
170679181695
37908189653
165632577167
189107442400
-492678513318
186812633498
-405150460721
-200776314436
-170422505120
236522936142
33848426298
311570826871
102407725678
-219172317964
-168965828852
-88698334056
-120050313757
-207714850238
288458674366
7476695867
575552634470
30524953896
-206832646186
-112298525250
-186789489762
343865794405
-95142192586
-24786189722
-378336787213
53684744272
2256920859
-428115588717
-349945507409
-20549942330
326262315844
-84484438224
-294467910186
124606488064
-313378892319
265721773376
-167764742092
126418100
-313576171451
-144168537733
-79017580967
188254573756
148336682247
362543681927
192616653793
113058919640
-157821169528
50881086353
362131880560
355330565053
-99280786085
4429974876
-53430302433
-254322627108
-170188006407
367444426406
400527053921
-214283630135
169050790414
5593610649
-149029771261
295879800686
487215087664
14092872024
-565601513345
-16863082381
94213438630
-28199716397
208668516717
-183009651283
36855833329
-259513727960
-176418116114
-51098432437
95356831336
16681151063
316683476655
-154540093921
98943551052
271324585429
9151161979
94877558357
-121126321212
-54503305871
-17072209629
-190431457110
11854787478
221882419484
-280793779164
268816254534
52469297046
9325599952
-556208365864
87376014388
-190427540663
5098584416
-552481665341
35398681284
42659817112
66919183940
-67832693455
-3916619318
-32910304828
-667599591460
142066133694
-144467218314
-79523553852
524418978730
-3438383702
279966966333
237864331678
185534046573
-128465543116
6497542697
28222112487
-181165376077
19015235001
-84646443830
27487647600
294172786332
-218844585794
-85034801329
68316900031
-154857409160
275696137034
6661321776
-242118413630
-176194670648
-301472799870
535367542432
-98594805136
333317606245
223003315896
-72542040801
-216435981615
-236406631708
-283363311007
-262815748282
267107219219
16750300029
145956344869
-222149506167
70778490962
-52916490814
-617041240744
280679100198
13393433597
-34577419308
-194348909564
-204933182989
-47692831141
-183958668880
4129682176
-54747847593
347488633706
212023080678
151539621191
379856582456
54267513232
179906395864
16529712251
-343584299446
-138393104883
47619911503
89466484115
26011358342
-433919657189
24644925078
1495640927
279649263477
-225075875556
150589331411
401381430839
-320175215338
74621757082
448687431389
-90926279650
329795253332
383101100644
321758050048
-122545563106
98596005729
67031704415
72110285234
346334880912
134414882304
4265446363
170753765423
130845059443
162491652619
213772740466
323556772637
173926046161
300089341813
210373162160
161978740927
-175465238485
-102878565522
-347803189687
33392487083
199675440947
193823417413
-37103294062
76451494751
-87526233364
499706614139
56918453832
-24031085835
134827154816
250845456163
425774493250
260323813250
228457979231
197622897127
111571825450
-137426638381
-11996458343
135555403758
14500274518
-37893318427
-187133555029
413907436990
277533924242
208979881038
-318644320073
-372042716863
346849864728
-147577274526
-376151837796
65786067939
-48626773786
-33514746006
295064114321
-56489930782
208741574762
-201689551382
-167026106459
-1585856936
484485052281
-139481923287
-9728715779
73596996194
74495567959
-43722227986
-321899302874
-475118450115
-378449954302
52098916110
-11195753623
232156818714
257482272371
-118537589224
73502881943
155997501451
-506566345309
-71003888910
-71478513245
-95323148155
-63491715049
69181482938
164554835247
151992208470
51226631571
22246285800
98621462731
517802997746
-102226956163
-420621805032
-294502417373
344122202521
-2274542684
22637395936
-379073289786
-121399467039
-16847189066
58676558914
-275074824573
-89980997003
-55125197882
-442817342181
437183401198
51471308597
181425995507
-298239425324
305058462890
-39535547671
150977093719
-54349120636
172321240139
119389675731
-184887146235
-285122504130
-6227788660
46569368538
369269062663
-458408537009
84482774274
-436862806991
-198516890910
-359936742671
46432867841
-170722704840
-791800740
-162079021918
255345162588
10998717994
-44982198102
-118695160502
358325556328
-68428696932
-140162925065
111676730833
-316576933988
-53805261195
76861827334
-199450260888
29385173585
-104446021913
167365150467
-19959588039
-99117587481
-85474838542
239362807193
-522073725857
311501730792
433254292608
345154744252
-250733089249
-66700182571
-98729450645
269766359174
-116093645222
245419300010
-142913216422
89284218772
106872058037
-356375259757
10121364991
-334953194584
-64931634734
217530075084
28795149219
-302806383542
-210929789128
435497240347
-92857780012
195452020741
-139242957266
-299967732475
337110228119
12898262599
504579300278
137374960885
85246067813
40127512613
-107783127999
326610106844
133199677280
-119170532636
295041113605
220723286318
137334121200
294827076741
-236349190216
-96520909929
-463012310484
-67485954587
46459128334
172441014775
-383199260485
32919575434
101858217976
10715092519
-39366517943
293136253098
-193604840272
312894308632
121795373103
174259251998
358772011511
-230721816697
-102675804354
347681496276
