# Packing of N=40 1-dimensional subspaces of R^19; each block is an m x n basis (integers / 10^12)
# m n N 19 1 40
287427356065
-160297269319
156202892114
69397892977
562958937431
-382214875792
152172348374
269081516356
96412538999
-349525667100
169948476248
261924142703
-37763609405
61307842057
-70942180798
158158793227
36322275717
58165268867
187131160601
77416272454
242639496507
348755760065
-255259764569
-139311809921
348328221212
78482679635
220307746985
-180121924095
-140257008033
-531357438795
302002079621
43115859657
-188759778497
120997703109
79272965045
153020256919
-1455023666
-213110743859
-324713712966
-349260712516
-223484241528
-155723868497
203318180660
148376494608
115523608544
194439034743
246038437578
-126088264534
-133441785432
287952433098
161295228297
-137625862955
361598163385
403013974233
-52470805903
234715582999
-103658715679
39120016773
322999309553
-253369030928
222214445110
475537368363
133771767077
237620541879
82315558349
232144226406
80861708822
-331515727513
329411234767
338625003321
9720618881
45186185461
-214303491438
50995903368
-169257287637
21774474768
-99412305428
376878156342
-312533410656
-72536459310
-164520897583
-291361773386
56831228798
296903684754
-28404714029
-282931857934
-124276141029
275492218198
167807146201
-333374161934
-189561802492
77973811166
15188826785
341251313948
267598346713
269821496336
-55769332625
186371137827
14050880184
-268998155942
-317616581502
-34467736072
416733892338
-128426493304
227588636045
-348858263397
149830948528
-178819636286
309568532734
-284151469097
183493844120
-238240531208
117995840071
125359252965
104831306508
-81232567584
9777328247
52942291889
-40955948532
-122566640513
185761799774
126688489058
-765943949264
-265983355303
93734048000
109124524531
247640978168
151625211094
69164839475
136315072470
-85845083271
247695436978
-240291575525
-195117723796
17178620008
33598987359
-212644069923
38635930428
113173260454
384446289572
121622686633
41456460616
-346442975475
291196853837
-385000318130
142566983804
255097623650
93021063315
68652401141
35499595204
390851465292
361721023587
76477979920
-41395848913
-125993587662
-44768010207
367366221253
209254684907
94349547027
-184137386653
133069319046
450911876185
-147940457548
-376111235484
100425325851
-124391495779
190769343918
-81454700070
-277836230827
468559264153
57471776868
-529442755627
-10784894362
-237836444259
-55209062120
153337749188
-63527490303
-38609986965
-186758277154
-356189885664
15186501396
-354576886980
104233508237
213980353519
-23682823222
-322210312914
233027852687
295321714934
-159618768732
-123239561259
-283458265359
-19700472739
287392497560
248666245235
48116033047
363882484130
-109892301994
-473107560151
-101991796416
-307762690854
-222004134220
-59151577610
-90012169521
112229569876
45679066323
240727366069
-108478658126
388658625782
-52337910547
-329626603144
68069588556
-19487430999
-25052702578
-422112534819
-82922861262
142440647246
22156033288
16610061781
77651848054
581321025352
319603573473
303496411832
-33739946615
270744441552
-60129936385
-249596659143
31914084938
-337153858
259688761804
303608212216
168739722860
294187929998
-50250110615
66728211411
-172352887261
263036583595
74426097435
-251472584568
197950087615
-269856907302
75005955825
43196324018
-370371751800
420126670503
62729021279
218177453717
-256901119026
176305803415
312311539341
-102823642572
-176167225421
-39588079054
75114192690
123243610706
-400882554656
-99637553569
-164045509013
256284389533
-300209052897
48197271838
105413824701
49257481982
221584658342
-586213314167
-124149085899
-173202520882
159885389992
-251311753110
100869416831
54574895649
91079307746
-133332513255
81725357112
-516621988001
-54999631175
14515757194
-74267070034
387486168118
312345121167
379800132050
-355920727082
-61320601850
-252740778656
-49373878768
31871983728
-258128380012
218767829829
-32131667324
457636661357
210048808878
-222869668416
10554882986
100736095665
-197747281008
-545214210073
-141881185765
-372042007466
42941555072
-39635281921
31152053775
-148647057325
-71602661983
-191119006375
89181083357
9123892076
193820381511
-34208059659
-255888546757
-233268240940
-255996199876
366739084007
63216662626
-111142001407
184367872348
-21672031808
-49732484775
-234957184622
72513995794
94087434279
-454308672193
136730324630
486172502406
-239168006071
-10898431990
-339552283129
-64254840550
372974871058
-173583834560
-108116302466
-492407877262
165019283317
314724451818
-18443738380
-294252877019
-323972959896
3508897069
86543644687
240839387017
47836100129
-145681458169
138707354820
-175035558423
-329359143033
122041815955
-66730296473
-434183599852
-170926576939
-4071656912
-317506889665
28577123158
99722849745
-531685769286
-93271635841
28594866261
-110925895926
123451177727
253023442598
-284310697518
-233233701851
88848218856
-126326767325
94290829449
72484918187
213605825699
-211283770560
28465677846
-33758928293
-276483499056
-167413219423
-107184570007
-328483743015
-11710861285
-32922978855
-122996749294
-251056036242
175055043380
-75547259661
321499023184
-65033507828
668173245981
-20289210857
342500976411
537057882298
-102621527450
118159288663
-296551626513
-50331181513
24504645544
81152762921
68265591703
-74227513035
178495512105
101439333100
89432147295
264950624493
-25909919680
-336511241784
-452686349391
149471091528
-20252606200
18714098008
-287844491581
-31349912272
-180998306796
-194775493520
558950493356
-146309275826
146338448368
81110522473
-383876669311
-375310864498
86615694377
66538468500
-310407152739
-73730680502
-123775603192
-160043895121
200015247117
326092701488
248428121981
-118338814104
-75993506408
-153591701468
594266456741
-69120234250
-57604660099
109604592294
-86029230863
-163912785212
36985471944
105984168023
141853036148
-327025854834
-34017086532
-174346548813
150754451709
432548089060
229941274034
-320552985913
32661163852
-10085986364
-222766902234
-362378076840
94901092218
-357119270422
-104836343160
33104945153
-447071875254
71851122619
64222969485
-318112448321
147516756684
209046686678
179013531136
324715246277
18189380306
-151106581644
-373987542468
184563843918
106154682185
-37083928307
-225232225532
130298079453
321224427822
-6627443690
101171634402
9481968616
-195290408450
103979851667
-464876686610
80198105843
44536477775
-345567921951
-15104604916
464983231145
32791365085
163247325982
112033857278
-319199973346
-2255606668
-357386792999
-224102621458
140856729493
-176058837780
72328703726
-298365361236
-419292899763
303651284983
-289932465389
-167642554880
-80486415225
-215659254306
29956722308
-317382879050
174061780944
263809786178
-347348786754
-202043698064
347413440573
-295151443746
-262783532940
-175059065801
153480326146
156480734363
104254660512
-45376912638
-10546701093
-241361795733
80581547378
514953593426
185812513675
3304551187
-74683628892
517267068352
-141257655232
-277833047849
-124249832368
-121693319218
54261720040
-226680738276
-28134643447
152721329136
-355889338012
76446964435
182304645776
480273105042
-189404992953
51680531789
-41975728854
-65029061533
12891642663
-292400498054
372406032491
-63936541732
-380431862361
-243285074720
-109967158375
-215081569559
23337393570
-244168188441
54836335630
-220774591231
13640337132
233737989685
-580987172184
-39509989983
-218861165937
-91633376032
-139024066187
-17297854341
114871076141
10915486976
-495507928956
-23067779191
-108047903038
276495073994
-12101705349
-241545600861
31307704433
-386411343471
-204938934565
186121102637
-38609332359
-24022442259
-233512796278
-315758961851
-397609793155
6701266958
-251019948848
-53121672760
48164943165
-235252311550
209794078243
40530705952
239162474616
-49824772039
265372800863
-205078355252
341265889516
-292495663235
-275046381045
6817978850
-118178779921
-329581415632
34119681676
-235668929531
-395759032275
-90896274660
-320350668009
-309576762524
88949396380
-159000054322
367659215226
-259802530892
-54693273756
176849937317
-225639152492
125972492088
-59528710228
145541127263
-11666330590
-311469580041
-478368436173
-195359731022
376306508339
-96506518108
-132285256385
-99762976709
321236047878
-135906498859
-35812752411
245019264920
-92842361263
-1592520266
424245346213
270619516616
121522705021
-229907264647
-113294492271
-201569674853
90415234948
262709856272
277075462646
-25493616739
444498415114
-125176649819
-257346666020
133574499625
-187659508492
84180899342
-30553477661
217659482089
467728562184
196361818758
242175120005
-251254936791
35126360520
90428333975
51333307366
-471244446371
-168544135866
-140651555358
270835159765
-380454733599
92791563637
-58523837995
48653912215
155404540998
127024951835
91793923093
-50441407033
315693993087
52464331018
200879888696
137658279046
213425945964
195604410204
95599483954
147234613098
-576725839022
-336768594345
-390053419864
-18282274235
176791378598
-200680834003
-153759316607
26956092468
-510899693895
68911860242
395376752218
-165231391687
-268527197536
321458824834
-298470897465
127500206247
-125225282896
107220117487
-313931400108
161089371389
102100830543
-138298351391
-139503793603
203540026929
-57749464296
-297034665723
-325322140068
-53013780687
-258831405710
-257502835149
-10361188146
-188835825913
251617448383
336005919416
-49132590068
75380731816
-32082573123
360480497329
130537950960
-541469010805
16651524060
-65200613865
21889830027
59483211680
-199210155016
266715760081
181121714571
447141540851
-6080113145
-281797170042
-161282891870
-11520034991
332082221973
-89190163509
69390835205
350954112059
-240383086905
170042253652
-189729983211
-279860847627
-152223475610
262534662383
-107303925575
35630171412
-101368413537
-196531882578
547072100962
-60905665851
133488747170
-278691130796
-202823275676
-316373432207
86259663721
10790910868
157930405319
324511511622
-189574488691
158412437294
-292005627602
-41464763723
174829169624
306143108649
-111311346177
-50142244224
413675607514
-189085551552
351663233566
-152630912906
-109759488481
-282837637871
100523983298
138705268986
238188105641
-150819051754
72671096399
40169771586
-347244792877
-76713919116
395652595961
359477398166
-106110110832
