# Packing of N=100 1-dimensional subspaces of R^19; each block is an m x n basis (integers / 10^12)
# m n N 19 1 100
-247451734656
-347208793
287959612433
174655246008
979774883
-249119427870
-177969976796
199557273202
199157695916
112380099657
-19614700418
-147489148918
-241095527945
-1694655352
-336796844248
-378504054256
-524421591459
24453995574
164043394856
230944049185
13053976888
-306941116692
-241265474329
46259439653
51044830535
31918620953
211530029846
57267340998
-536845580680
-30252568423
9132839464
-252222430105
-157196521406
-34536444686
-396343801635
398148054050
194707008913
-89672620072
-11116008722
119452299797
-611990637909
172945458849
12355286416
284797586430
243201495009
-241406001500
-46766670243
242971276074
191140546976
-256358958372
191635391781
-60870183745
-175064097426
-98172435312
26417015361
-220110281191
298564930200
335574811276
-125657766580
30879728425
137231162552
-447354644984
-414925348593
-85616460012
-294433888894
12669278618
333131334008
264117674401
119285852915
53491910295
-128351868883
-54464182230
149909459955
237058081799
-219950808971
-202556353079
-520327450707
-83162222699
-3911711064
-93852532724
-182685409481
64807457746
112738719989
461833045317
-43659166550
-186804070488
136804158810
-60038680792
-559279714645
-46360793663
-46727975791
-18005874886
1336241583
-90729191654
-255224860031
274140335577
124374601649
-74532637140
1348072040
-264295118786
138289293345
349936554183
129061275231
154052505299
636198944804
-100419198104
-171161586918
313075053538
115183687094
46847019514
-31043722805
-26598048495
154751028163
-262248585628
163115985520
-236805780856
468560714656
-81196781563
-309318996928
28477716454
-13668740582
-199012032398
357462280370
91024315909
58872639831
-327463493159
-68297598777
457117497361
-252747067066
119993118985
-17988292301
105940361016
-68424559608
98610606337
-33802283120
-164058644097
82359523863
544918447339
159903561127
375161388268
-194184746228
-173270873434
-275787605852
-47340569093
3393529404
-177606799672
-200364936108
-484246099275
94610534355
7594115538
-79853219291
-156753964608
-25864424614
440874272591
141580258762
-447095199551
110225291327
2129809015
144326309913
205787343081
-55265731174
114298194102
202013589530
-241823938834
-131455317123
-311355648543
432487522620
201321341675
159082899331
163069526044
-24183665344
-326780851466
-28426049883
-102516165014
423312497099
-331004229376
-150972214459
338345532129
-94407218984
142595312744
-342219751155
404579952926
173476973684
43068172484
-126582054718
-101261904183
238469304692
27848077116
-150494561329
85473937733
-10575901
318948435186
177874355896
-13841922809
337540930640
62103954109
-176497854596
-475584502891
-253893860490
23959543497
-68287963428
-396690882870
-181559217930
224712662400
68495008230
334504368647
212476008444
-68115446450
120104227001
402992772421
-294756039183
203809207725
119207527273
378722381735
147600692770
68239494492
343956559932
99022009328
-21644927338
-277882041138
334165730867
71525005335
-251740651354
-23410646935
-8716609393
204440768435
214740346648
224957851177
-6085238766
-591615988912
-455524837819
128938086126
207099916338
-129069122292
133069527017
46317794976
-163068666647
248527959636
-124656224211
-86107497193
328017184188
-125919622696
84196673307
107811119282
-44082523106
-68552921738
-293779180761
418686719003
-59005086736
340235202847
377720980424
-246830683570
279638986587
-41592845851
-43514936688
-23389035531
336336825796
41394131364
119211286320
-113516204603
-4550905433
88340811993
-415443407158
-75093571192
-175110251528
246655458271
19305461619
-380433516585
48942552901
-411608954276
31804660908
92895566421
60603240608
564057152056
-184861597755
-75605471135
40606751226
-92482871969
200479285934
86872305860
355696758028
-127123292507
229988611969
-236099853505
49566530293
39992482125
-178234289224
-40505867985
-18110080200
-344896958323
-27804230279
151993137396
-363199409639
-150271930693
-158829746
-554125853562
-328372974861
-167363647412
-200985420142
-242021342191
322336961075
-40538613703
-114287842578
82882508582
164113750117
311695328133
207920879895
299641954738
262424007445
168422066068
449442213211
-57315883001
92207754497
300328066608
311352736096
204012827877
-31383945976
50328620439
-38745179176
274984712615
294606582559
-64063803578
177726335229
-58692877652
3581473070
6780527879
392746904322
90944198783
257570914162
-75814864459
-116775653830
-454652856645
472551918110
-265927545613
45169352501
102277110214
48250221483
-300459599093
-4052471932
273997149125
258284792360
24684434253
-93990286843
177569000118
51547068499
-49772787603
-296365541495
-117531206644
314760349194
-171103005276
-243147000792
-469104636950
-290156139193
381260826213
-196212420088
-145581475152
-71869430923
-233099446314
-264286071732
-10419044194
-163170625329
82750778334
-225991859282
61775554828
251747646981
-160843475762
-32892084853
-220260577337
153363777990
25746113031
126244633524
-175587451608
-282142104154
-66212745155
241440427881
148765100078
-345939210709
384201592367
-132597484517
-528382400606
-311752842782
-16680397223
-212515879528
-71886167252
-101400703478
314165207893
189251863226
-253421206538
67677101688
-178510762772
-46013064047
86874776789
-307013160326
409944083095
-329680945226
200730409667
299999756667
224624672581
212886329420
-301141623744
-222399958470
97383937
-174911745273
100388379004
-222632476738
373403315294
-315876717314
-60880597655
-198912396414
77876439462
-195655063048
-80774912637
-164810293002
171562560191
-188340796273
390317776491
-401242093312
-175648134160
302346903443
22014658532
205264105004
-353195043027
188940259541
-7625430460
-75793213640
-559358336767
167478166260
-160888984110
-118091177442
56301822110
-251663292036
-475312416949
115303770328
-56068736570
1415480136
61606949990
-79351578463
-7640489339
20817373991
91718717309
-32875854690
-357640128466
223085698832
-278241700192
312164343806
-204680693090
-328027741358
-222150479134
-318402877655
13464993271
91932795977
56933708490
362603653920
320317788345
291928878684
77891156707
-10848635307
-456610867381
387202241289
-73015116319
-134343699300
244633399590
42274061630
76635879803
-258933968527
314039420286
12552219926
-321668082083
-183640806523
-266681511862
215278593481
109342289004
-157677970918
166831664088
-255820161263
-166994663979
-381608690499
-29133475150
-200647128837
-181341536851
-188155598864
135391406744
321279514698
24784770106
304460207960
-321095820782
-197365967650
-149871040224
111805221457
-216740236855
-166226053848
228473112445
407052741976
180869284770
30232992679
299539519127
-197138720815
219663338291
11751579731
52226139343
-178688077976
-28900433358
-121670158316
-132828938358
478088124194
-178183155884
85090553618
82092458799
-400098418836
168745780130
434102762693
147450856836
-284835013520
213151878071
-233318069884
-466252202767
144598301716
-136664866077
-165527760104
-403923485016
85684875984
3731875333
-173746644466
309790409658
47066634026
248145937184
-129570308954
162486374677
149519495071
-203653597835
-81272465092
376385974396
395747633640
291131179629
-53668691340
-98950852419
187130200922
-407235983790
135162515196
185999242207
249064931675
-31266127556
207992343416
293972779695
-25407746208
-287943307657
-229294819831
179873192325
-31548836527
229533653796
-278156852909
87321660928
-398436153206
-255179524087
-198661335115
408711824267
293594438911
-51383102971
-248979409126
393270017441
-177984935811
-31339242830
114909772246
31035785674
182831715527
164142628032
-113802526030
125662154539
-263032569724
226668686189
-168760268703
-44345939540
46380296511
175940202633
210747753894
-12401140347
34633577588
-383684352008
-13157570644
17683024138
-198414759545
-618099946384
280844885679
-98400859789
-176741252908
-352483437040
-114036149154
142629726171
-210185335600
-174541019379
-173335008946
429952572316
-141914079205
-229635185713
-213498487130
73962345749
-52546226391
-173539763758
-84003271224
319325617363
292079042132
28043270967
376910183939
-26418597851
-228841645617
-108756562583
-417140221054
147466630599
-72861255183
-325611697381
209657846629
-41487636282
258979018510
303787189446
-102709597234
-107310076399
-384038353035
-91114688579
-8871426391
267978907896
100471918075
-173578326623
-24047933263
-560515570438
12303933645
-96505595916
-263525357915
-237363416110
-208906898821
130482922360
547767151730
276896403281
186762973014
107301379930
-323337529490
45659804263
24649992616
-237989090764
59986195270
-93153288859
-406993123776
305473114073
132057540341
28488495343
-80007625793
10617893283
-272536373517
-119861383499
-248811585221
40712639467
229238866721
161040952358
-145009784900
-81471209979
-365865790642
181242957384
206046473392
249388969426
-200702722776
247872869516
-83648430433
203425542106
170331381878
-502393590906
-196905969547
-4025119406
150667410915
-440710984646
-364537024698
24179910103
-237797169844
-205669576560
-193264882819
143898943096
239035683142
112776809162
-50564160934
318864037810
-154933618821
196680972025
-351718800270
256284587779
59897323776
-250855052878
161831675944
299611165957
181688308351
-372490771356
55415745483
301801433438
397473562100
9281567015
198063212436
-116380335530
-45870435593
303792772668
384312475730
-143297180332
108541412070
-299760507433
60083397872
-187585673386
64988668412
56673831435
192603717160
-117601422935
-59682256728
-330493953730
-76941610686
68881412773
238616174179
-28776880860
165054695238
118390072679
144624379373
427587636939
-294057047942
-165930426178
68358641481
453541369012
188513954802
399654619433
-31099466085
72836200868
223773289220
-33529589170
-93486905558
12725670387
64010590972
-117648601781
-72790075148
442974568797
71878127473
596216192615
17408438490
-316516339575
285351654676
-82949564305
54888531695
380055667798
-131440924225
132021062146
-272043442746
30702263478
-13044666276
-163529372747
218155029580
-352751402073
169284230113
480343494392
-15633259867
-52694114968
-105177517116
-553791226387
-179898314337
128980524080
23562637366
-7909373915
141144355898
242876510033
72957781969
79126418042
231011559545
375101005893
-221594129354
-407759363510
-66914149471
-381354937566
203338173744
-288031229080
-226360287936
-187351114003
-61713803549
165905312257
280675138110
-127642038782
-355242662
-269111691810
139982421348
358340099310
379812503629
49815719244
-149175079896
-137520446723
-79225499335
-44502658191
-180385186041
20383466678
-266765388776
-319383215395
-247176024995
138690207323
166494259875
6630965087
151131585013
-79008495529
60537832579
-573117855813
464448498823
55465420025
154299439794
183594312398
217920996307
225989213771
340517158630
45269265336
-211874309428
-326313048195
-97481358589
-394884707844
-47206583111
-68965974371
406083924488
-102645449112
9329551308
-83771403563
28229232287
349483968401
-148210606984
-106375620761
13360945419
163736657873
-6940364279
-290434142285
3608208351
-345631272548
25118279742
-109737234807
-222433415405
-6348869066
-354461436152
-142464965744
-60745720847
465003074282
-412070487027
125964877913
-100473096423
-280968098180
-43102547176
-125987727194
18085925880
285522309321
659849800724
175216805056
386150229160
-48223131478
-80876905703
-184832569598
-53217945684
-212470783874
62132254226
297162804096
60500070954
16972023362
95113122074
-22778468215
-159753351641
-123469713592
249964059224
-340448645635
263828800826
-41568467879
40794868679
-55268695874
-29502203172
-157964582874
368408790106
-124112473017
-105501704426
-167819155018
436279093049
-13731812657
147867136577
-525011230996
29471019281
320685664906
94967932981
38531560172
-159629446358
438176851265
-52538572383
128512283541
-402275939881
100748750687
38418757239
105109827897
-163069039778
373596834587
431910498344
-12265681184
-83186186169
81555458957
-313205310089
141614648166
-230279077423
65887753605
309372175662
109469008697
-320309433566
124330555312
-235309004836
-588560894678
-30388505933
20174337111
-43348751560
968170707
-221442011055
-76041628641
-150863114577
-317722544585
40441747413
334183063981
-106629318680
12539668257
187597263668
234209388517
244697388713
-32227367809
-273091241793
121172274724
166575527353
234817661306
-227358650427
237810546915
-328282899281
594329286323
88675930071
-58564840148
164290027271
-30218208398
238583492741
12813932004
128963435157
76124300853
-104282862184
-77621737317
-68793864270
-237598225498
-115056691509
242157588893
-199697935451
75320231434
65469556005
-220434947914
-100663875007
-491262390088
-257873395842
68975492253
-505055226658
-388852352598
-120606493014
-173129733447
60942885126
-232653963242
-82208929122
-146936122880
310448659934
31867796962
-377261366603
161816110322
403233856636
-363068867682
-24867844007
52349438869
-280576969286
374827412398
131307839940
-85725049953
248596538362
-180881451660
-113262849764
-348204432972
293522473999
361786135847
-14237963275
-54288926692
338238161137
434941991926
-30839322321
-5258658310
202737514170
-176065078443
-1780360560
-143453840964
308649080674
-305053952375
-163222919007
-28401744251
-344287292623
96659494577
267616824967
168163611197
-12908371096
-354713229220
-123647842390
-152556016762
-79452006891
-199060218741
82180701118
-121077135767
312834623697
269416997210
-230297934205
93468835897
57845113198
413380346735
365882940623
-107447434971
92082838902
213527600517
186418845355
463209477401
-103484666310
74340934295
-77469914803
547690397820
-317986049110
147402238896
-236390301051
-222953755039
33463299293
44857170926
23192570130
229446856615
268468519058
-77732806562
16195207344
-54007430550
166014633748
-128280169682
79944684428
-210203918018
285125725653
-341116789347
294801817176
-135616882958
-205072586507
385724544991
-57066686583
224034613230
-97889127487
463757353849
14981576333
-318293721438
-169691509579
507280649587
-322716751584
174392422278
-202485440329
-22363457179
-280081184458
394519542110
36533601212
-94035726817
1335110066
-246696894409
-33086064108
78008746758
58730339138
-276995427389
-294188538330
-7423288722
-224248888727
-192955973730
43185779316
-204289944150
-258515306614
-134199395664
79537889804
84879999358
78916370594
-356058025920
232385671113
92967663576
563244147899
18004773345
-285154306456
-10960411945
62272651677
423663728346
-112882548965
151116668267
-210784418708
-303534043510
359280554455
-155024057570
-397517990571
57878477620
-23940235547
-92356117507
-121032522963
-347838743431
63198299142
-174201022591
-145042889507
-179830378937
-200581761335
-460627757259
-250842370782
66207494949
35319353576
199894981719
-649209790798
-4140566898
178727317291
-43697908627
280961014710
-269717222768
-207968817472
163018446055
-281372554081
323917041543
-58159904508
-89218337497
79098412007
-2487434970
234443231796
-141791603305
141963716741
59738972707
-150516116925
-291680415846
56382072145
-305296309955
-265357329856
122936863167
356387401620
129627671474
-474121970193
-12134269907
177289917664
-389932715428
220274583430
164648683295
-45876901671
32632267949
50705768367
-234247724239
69342866571
-199311818451
-441864533662
-196065988027
166913521291
33848690601
73046105408
144976722835
-43758963065
150163408413
-47652252173
-217983636072
-116346164606
534239046068
502727202697
23500366409
143890646489
235964121925
-35154359049
-25594841078
78697627360
33071644643
-35368619974
226606686977
245578284895
-280723430825
-65319017706
-127465388028
-200477325987
90705624156
-222897036444
462163888024
-34922457026
-183786362376
-191505036454
162801147079
-373034737733
-175203447095
244759816414
-383464800520
316442327480
413225717422
-211389720487
77915763099
-280669773025
-249841597083
361185460397
-28164659810
-145905610487
25075301603
358958779586
136972583758
33936679888
33050105531
366682762154
-200193680192
-161199057735
40766894635
178753451550
122921679599
305229936344
84274069989
11437141544
-501128350765
90394646960
366473389241
186770752162
-87613264422
-59168237661
-55718544331
-142786181649
-84335774054
138445781683
-22453679693
83316054106
326069928697
-526158334956
-66678696287
-53586107021
-241903615770
-273509766877
-261012818614
-393830338143
-169831829229
349252775368
-223203318012
82154131810
-215002120464
-123182133172
-38581334126
460982686940
274654721651
92538418403
-40331898491
-7742162447
-6313892575
268450789804
320634575847
-131322004762
-30094310388
-97885307966
270579391007
-23442664112
212800439462
359236150028
-44895043625
874696245
-13968116222
-154596062228
-346600511293
435296350028
-27840884303
374572352389
210361676852
117261474227
-294202884020
48151806315
117810085683
-70850655655
91268825083
-253866557937
345749141575
131441690272
-210881486874
-411170185839
-45793286160
243905889754
61062742977
-508872198136
-403821943754
52595885868
95260149081
158608032282
-2300577276
176950183250
-467063186700
-224185753307
119138961998
-490684671943
-103465349096
215180566962
-43537752683
-106383805549
211703970836
-105012724647
373746707916
-241897810200
111337253666
-79183344458
3126566069
-184572306104
74520928952
289803037314
100384861426
10106951946
-15285498699
163978613522
-614891339376
-79840394027
447461290472
-11196937803
-90379639541
-242710456430
-333923976227
-3211416390
-20432046222
-128653809993
71866098110
-134324668105
247833460660
-149915051479
-281591413556
-77480428412
-163235872988
-56884702529
364587276377
-106108323158
4823448640
-57526254295
258255800646
179383828508
-163435971479
151955941079
-92821451183
259908163581
-34200304339
-583372918725
-240908807984
163093576565
10975037283
-413492372584
-23056119244
179829957422
-240008891014
-65267597026
20851648656
196702958624
-134695343304
-243814520999
-157065787139
-204102231201
181918423614
235703502853
11480596378
-345900245006
6143766307
679019985537
-157914139249
155429602515
-18274612171
61564221205
293096667994
58770043
-174200648779
-209830551299
-22588082730
-125979609311
86345461177
568547688534
-217480994964
-109587037366
-203120820279
-199552227128
-259663189617
-316047133201
-99542968737
134722592472
-331670781464
8921794841
216322002143
-65453145434
-284147966230
98982422573
-160813752401
-424620341908
106880079260
-87774640776
-138284464509
152623629003
-49647181343
-376173456807
408921406300
-45424946313
-118770555595
6617470491
-172228954135
499965005321
-165756986335
54457407019
-220364414218
54256328490
123573572039
35596374186
262854364332
-494584259284
541504992331
389475403485
-35581074844
-164640706239
-81585753275
233080418054
-85975546481
121385154437
91045788579
8605030556
61234751399
35120754710
220239658233
-294107818993
-130098673104
-178655373337
-278908645187
278730893971
44228117666
-229268138215
-116067649738
10633192547
147933356359
71849302133
-340409380008
-83987213293
-419204101106
143931625597
161798520176
-324652148052
-384775305626
122532717202
102982432989
-214736038316
131350902587
-32304833632
-323392299517
65886906629
-246057246577
-505378363224
-171844066427
-132447741985
-47790595548
338228323743
-129037105193
224626564528
215946451369
240087743347
-252781388721
233105971104
216186618108
91014314026
-72103295280
403128116741
127829578565
123538507944
-335375889824
232891018408
29199990291
-7603036614
107156513531
-231146122785
-311349146372
337652814867
-147526158729
94116714697
373430745238
391645482193
74880886564
-140900208063
-89335974642
-301930695143
-75034700596
297807749205
-265570950938
-93945252178
526954527941
-168723570285
-175533340295
292782987739
-73673084834
129156065230
-379498035627
299612041598
188188073845
-21699635585
-11610450256
-38222640974
-105472946081
-383171909897
92250772405
254357282494
258412096177
-257224968941
-21581184272
-93990929088
-117126939008
195210889312
263914074252
60577411730
-370264868529
-205568005372
-254866375135
-209356886650
-38353484314
444894008287
-81649155445
135550501930
-86385899231
-100363560225
-372359877270
-46345220682
-146650066825
-510636839303
-80679718906
249077804132
77293098948
209833194215
-102230198526
-10698765624
-259409514156
83907193426
61233596939
-215879276710
38507468344
-530857270177
149367387743
234955031038
84258987511
4324380176
15416520633
128155572808
329363138769
-83092834595
63131396773
-485192777892
-226289543715
259453790150
121868219549
160216880068
334397070286
-85801533248
-37232760947
167684307165
-230558940
508430953257
236550011577
256223157339
271623792321
94423123011
222199019986
226446944162
-7389526065
-36931083891
519042847141
160469180407
-351070622520
-267231367868
-11400599358
-103138614795
-71562481851
127538520866
-161994203896
-374469104218
72016513023
58202227485
-65349728325
-60012003434
474061445741
129418451414
-182429281389
-70351421384
292272660458
-113036637931
-592905237863
-93754939048
-45522902473
286541865813
-171170191651
-96815549320
28294198024
-119300459925
225871378420
-248189478493
186125201265
368666123472
-342790348313
-283115620176
-223049913938
177863206690
-194615558134
-115113521114
32565660710
-151444045698
-349725358275
-155924009254
-48381095969
-95795800413
376708701559
-56414187213
14517106448
-208387507849
358341293829
-177510876127
294505630607
-275488068985
140741539787
313672225057
-49017715099
258952905010
-41417164673
187155459465
165728729771
-120846156559
-123027091526
87228570019
291370551704
586266642697
56254026759
21167032816
-273248490037
-98819757900
20189816545
-165221439164
-175014595550
-56387521775
-60689683841
371621894684
419116568246
31871827442
56493256333
-212116643848
365687245669
-112742041287
118650650885
369212277651
-86553334161
-267198860554
-33091616347
-99674185241
-430219391151
150075602249
-398624532524
150559260607
-52455128571
140629126922
353048687185
66187042139
127081011422
41212522552
30295946741
137134443262
-192750123402
453145104279
-55012109098
-208896924983
-105255872332
-479546419798
-72932194446
266952677455
-159117859690
-307451934314
-12043710347
31478089801
55666623135
-102072264099
-259658648343
212970375967
162483407896
-108014754816
307359438537
130917910968
42735714567
-533385116354
186497937156
180350047129
435123137925
57776358625
-238203932663
-338426171772
-26263571600
-418398291336
21399859100
-37906160925
-255831164452
217638929759
-198282653212
112673301070
-182611665397
-34728309308
-212304640071
-385942614225
-172509836353
206501784601
-172939768078
-177507406347
293337530169
307496017246
-76544005166
-12114347906
-73827947638
356566768286
-76976109259
662349024827
-123502610252
293171700989
134747430903
-294871682018
29706316627
63519335746
68777916714
-227609547930
-136889542347
-105672569334
194913957916
-277669289450
63346320080
-318177363394
182010393499
548525204751
128354517116
-66067361250
147040377648
-11917194433
248855099394
92958538055
-260118124867
145397151697
-386556971750
279894397193
105190076182
168397448209
9223139131
-153719229640
-183151444989
-195785474770
7445886398
-24573939346
224908682170
-430622633445
371693573655
-231291808972
-72954555860
-75142792660
-36188368397
22949755185
148670228194
250153650399
-9154369173
131633233000
-224859070878
15613590576
625453256294
89597639182
82146870725
97603458194
-137034822513
424484546878
-92666482166
-133279025655
171109486178
-56610003097
-152620791486
116935545732
-116771856069
204732391847
-71779945482
149079910390
-239325544303
296406118605
295835020191
196819450573
-299799751700
501507418747
-291603467802
322148977942
9065009415
515393269001
190522530224
48389139674
175196840019
-51848177375
-248962188833
-161952086493
167562001339
-71625400151
-255542424579
171998801176
-29821759635
-476850475536
98435943010
-132166678989
41421952724
-234244795775
160920595019
-252521429765
252579206312
-205638725680
-114089756779
-383597854269
9518354436
101745194953
6987271538
-316184117514
-115354860565
402808622787
-100545360825
-235302841
302979578255
167894021189
-379441261171
-170657501246
138485638483
71062563054
-50161526818
-26859355531
157963127150
274468716770
-66554577161
-70543497838
450044209926
234867133291
54404699655
46666890778
61907518894
52219986881
-489522307979
-485926960599
159479984701
291592084877
85008845297
-155641239352
370130734953
-176252614108
173348585659
-204527286434
192128096386
263534342911
240651089416
213490918774
309832005073
-366293201022
266738464263
-334712338443
-165889418603
-91208560498
-117751348106
-6609926241
19413864619
250010867396
-32524606659
-274512389979
-49304688471
26576096652
286615322718
-169172157393
57150091124
-262967602997
-258730534293
-303103056649
-592114127418
55589180846
-7241187001
254800297017
149302036039
-76405605128
252041741279
258461713397
-36440565408
209646544325
-553798981083
-53093263870
304989983033
-69055579253
146096994312
176203832783
-266202952816
12183679289
-82702539963
219525982117
-225879126252
16188731261
-59786048007
-41372213258
-131011620616
441311695806
292605872717
127298363901
427276338658
-133103592918
127574835129
-165946636896
297028660469
-180113774771
-292405627950
-60009440016
-22809914859
134635668174
193177507667
53770993379
-262477095604
176915472632
-322641057747
227664497782
-288673160428
-296771493063
244443111783
