# Packing of N=47 1-dimensional subspaces of R^19; each block is an m x n basis (integers / 10^12)
# m n N 19 1 47
-262388137407
203948338817
137868722841
-219770621483
76920225485
82595750316
42923754006
251487392594
-460841785592
-230419509272
-107560425755
-399235839755
174858944191
-389640325071
-168217882096
-234221794666
-181037277496
44952153412
-87459479612
68285401687
-341669143691
256187437245
-66459185073
98527677479
91015434866
87457198925
-41033493895
-241809422220
93046016360
-76618156245
-168584297777
73656994652
-42668754002
155600550466
104103663059
-433115637279
600449715168
298968211937
81409960972
76848002372
237817415617
-24124325713
-199204724002
-23116917895
-6368720132
45410782598
-93700303118
-454274269967
-80485157037
120004829946
-171320302374
-264429556406
535523860150
-155144711428
7572741787
395245510851
-292538067736
-36910464010
-27977518082
17034258957
-405474364916
-95211644948
-529737750940
306632514539
-41604209075
25730236090
-164802693460
-157683276611
363593062432
-81224173263
-2109303651
351186099922
75504400315
133730263320
-294985299776
149308665262
241840527524
-55648780848
89117973215
157032250137
365742652555
3296917242
-136131599334
-474237904678
122082314895
31237341699
564001975385
-76659548316
114358653285
-214640365220
-61077226940
-175156057081
222770150689
-213032464654
13441089234
-494661585026
-118717370865
278944883242
77334514721
194182620678
88615416634
-436004213985
43665617309
-140642330720
49490012378
199227189280
-64993985060
67412274742
56420570002
336674656351
-416078767632
181984885748
139290128528
83634726055
226928794792
308872565176
-160729823413
350569794447
-22099163881
-34141577085
-255832525367
567657773548
238659114412
-21467632586
-118638283889
177570601280
29374345010
58087323561
254066201434
-186039863982
201645100258
160884316085
205087290731
157784044402
533139529002
-32907682529
-92992088962
498996405207
57881618636
137633956415
129722519374
13481514056
-47389888220
-47621861832
78459587116
147094682243
213909638694
-293840004117
-37065018528
-317524447470
288854290832
206875425244
-79801336339
-194785837779
100863334433
24655823756
100694569598
65708831064
-92050175751
-310232923948
-29595830524
-139297514430
-504598921173
390297920026
44865648638
-187273472650
27475244595
573098308523
77185301943
156690853072
-41369923421
53067147283
219604168348
360091631289
206349196857
239411571684
224495747257
47077676679
343276309054
-322556965706
118800282695
-127100171776
-240237518496
235102779897
301231721595
354261673100
266020877481
22969186999
-50051002189
-107706656464
113277352237
240699186355
130427751678
-332853946110
-290566406420
19092174715
-170704057545
35947006113
10318875457
-281044954224
258361008280
292649807686
-438547769830
428216064082
-40821223091
-58652694519
-177592782989
88050722233
186077236800
-62460967475
16061473757
-91548617137
-162366889140
-94005408591
230443729122
-444492376079
-184625347948
-63386999761
331418090188
176685675979
218854977181
-92346970823
-55029768304
103014113770
-224756724623
-404725897598
-480933461934
-82098783744
9019157255
-145307903702
17860094516
482047823144
-16899659152
-454128746684
-112526054631
113503814647
184723780748
41724053417
-342541842910
238758191711
-195918875124
-223164049939
-59919923887
-1614761240
-303103388486
-341133478227
-61839772873
140668358894
-147591250629
57945990509
127078265312
-22364225089
294148373195
324878396524
536901202465
-150836290880
371409971837
48979131852
202769694142
108305547928
-241613911889
-152081762293
-77324888555
-364452968915
-145201296432
27460852763
-340257370649
177313673145
39278462513
-140603089054
29478346089
53123856517
-365553937994
245805242028
210335342906
-39263288479
-205729518125
-46445449759
565631778283
109900945215
-255634025362
193211543413
285335798987
121761044615
-111929051026
-233673281166
-302979663552
-46509864200
120436223378
556166833587
-98043997039
421021108028
22389107238
269699862668
-117895648904
215681473961
176329393120
-28628962504
-52954896744
53215037553
283582750179
-249453932547
-41011915651
158763353373
-90856563813
-47602209171
-30299970512
-272734711581
18903406442
-192007816579
-233930310127
-20560157048
181698015518
182069210160
-520608422165
-302316940202
-217242060584
-388961004414
282797484907
-231697759228
1846397668
99909845066
226021888235
-330168286674
-34739477492
290805483143
-122461793551
234882470106
-40888784940
325895341876
30044573854
-364338314288
334965137598
-44104030519
391527420344
-121883008987
270578285910
-142894322800
45727578819
238736995529
218348557900
104081578763
243542080509
-141862540429
111720741610
50958651551
321920996345
-273120749091
86777379990
-80869153696
9026609649
365564124343
-108103430105
172376018451
352451606848
233143627631
288968441227
-459267571302
-206187002605
-99368373809
112572674609
-73131765345
-6217600188
-270825313795
43377647358
541687268055
-186022028550
-117467277191
167741991883
244021425183
-244183088447
9462178802
-143411674143
-160190936585
-139877331708
-65641318540
-375260686608
53040510950
209019226750
-415611725697
-280641851995
-252843526362
72273586071
334138144106
195957571638
362046516404
112179260846
-86626361131
-215315157928
-279377661552
-57588296063
272946337927
-208278174610
-280106881968
-266469713387
-259278457121
158381249844
-228365925005
-106479352443
555270402508
-230128403857
77740225121
-183377705129
-21355273327
-312028856594
98954776715
46278676417
-365328820977
-239013340898
161948046328
-281639595455
163949132426
87808777436
97077598293
-839599676
144805813814
-152415370679
-323942532488
180543354076
-223116135158
407350669425
-79162774430
259955235045
-360959909374
-38303493745
288578854139
-91297948385
-214095630152
143987525160
119537787697
-178624347157
-205821432965
-224727401537
-316589533915
49734532900
50315631389
378957376507
-45507658347
-111736914914
76788868407
-265555511938
-28342565569
182189060581
104520108532
-154220820130
-29605020065
193807798763
-261164597486
-254464779062
-322454237374
569146991547
215357361960
-191640582083
158846539890
-360129503206
54684302934
177330879320
190505279589
-283328086967
202428849368
-12087650411
107299190468
-92475670505
-32899650146
-196400681543
175825181364
-139524914300
541599966381
-320120301082
33160159081
-138859747846
-95554739259
-135955297715
311459210802
-399938017856
177761717907
-20172575957
-169417346930
94625943803
-178206433061
-491890223825
-193229943770
-77428392841
-245043959944
-116668865678
-206832641817
316983505910
269486568492
325060324370
-337811757643
34234034213
34738561910
158422746729
276575625233
3617909920
413187968033
-202395832384
-8554943506
410334053477
-20345074312
350715812797
-242499233725
-376556949401
-179873017901
66609846703
44108948319
-98687649765
-217247695052
177487895125
234701734544
211711254538
-50502432645
-257299835861
112056300751
-411059086195
-54276930551
-438074608607
-138692162219
153236016395
174999136640
102919146244
-164555724540
5481691636
-393546773093
23348747688
194511713199
-139972239609
-332356860782
-90169194672
374339471303
-92397994587
180182496129
-156574442268
-216651431683
185766983609
-169588520562
123288026395
279506106132
-251168878530
461694133908
101929348145
-16440145954
22832002344
316932437838
-184724674562
62223731301
107630182700
298221634976
220275799619
-388916322338
213976658837
113664966391
143157140908
-214910074668
14787892306
276867872138
-276671763560
-60098693981
288239540157
-65537198831
-288247024539
-96848014466
-372122850072
-460829914183
160928407597
83427801941
274649107548
-94537428927
-209040483259
267877118900
-69550569147
-252497094115
-481266692697
204371050617
172978214332
114567019170
-191712860569
136638764977
-322278531570
30964802135
-39682325968
-48959702929
-69184104946
320168224414
-3571778758
102728351672
564798321321
72024320327
-93343888028
-375852771466
-331448197729
-78178536027
159595709367
-174914995307
166292880367
264753432057
-134813112531
145520683994
-120152540245
187283300390
-53133009397
-321878992413
362400544917
25785931656
-152621465280
-39281728614
436964318755
-214210619049
-221878107653
89645578498
168438234487
235708763331
-95407516127
-127179785090
-82365924268
-337944867361
-261453877716
-361839988674
-70104352505
96594618696
488195514090
-19843625309
262950363795
-36441397662
-161460185721
-379110784133
-141457484084
178566937353
-193712534409
55544933032
-217381956246
234777533938
253962936367
140324626347
-321999298007
623261073890
-18887793221
-288491503680
-228039333190
202245470270
123782699084
-89272100242
-16838988511
-49867689898
197602734327
-84879106647
-558529393632
-204056754059
-351110611403
130786862788
-140077845459
-309481247131
-297830419950
-51334645903
-101180392962
-5587609563
29041597491
-333158153646
97069967769
-41754464887
-50866501056
192533222762
-328105387185
100154492277
93114206195
71370980067
113797897557
-106011501104
-121116714672
197938861810
175894274399
-326381647066
-381304836750
-449618820940
67766225558
-56332264640
-8346231619
-351629878419
-130784792878
-277456438233
31278461219
62546242283
105124676487
436288170944
119790290318
146370176556
38247523966
207740500881
-310686199074
304371868897
230080941325
-61144892275
53256508231
-40636891917
87552602752
-189535343549
10757091216
-508346937354
-14784174209
-275243503980
235192629727
152974205442
460933512231
-143673552985
67889426747
-225567142019
-476183131351
55145601473
352421752036
121412383232
76631705355
131089705586
-430448124734
-12801901441
404448288342
187971664957
-108464150275
-10137967745
20137713692
-238497831792
-91017618780
-265101035618
-399742001067
328639550151
46344612817
-493512084735
273348979293
-289754920419
-173264672420
41087727009
97768900453
154936059989
395120022503
-26342720988
-175294244955
-186186408455
-127370054608
123436546499
27290878041
-71102949347
55521665713
-33373088611
157623113580
-732909810281
82306015567
3073655097
52461703121
139856531135
35807645581
-227083697743
-22068832532
-305935775609
37746960617
71331987576
-130715083541
20895186447
-308585461000
-149474403660
-249694715958
238546653298
145762811792
-383955905553
-405675908499
-79212298033
-343310685369
22605368668
167973325459
360805764743
-14108386189
-268820228955
342536852892
64089996960
71470104213
15173344923
174816967324
177502706270
-11186528521
127979824692
325425442736
229229251483
-202970046477
-141021122360
62427539721
124474009843
57972206588
-180148755450
11486721727
-199328486451
355861560129
322653410035
-109845932398
-130564438923
-210783626116
114532272233
668520904394
-118265255558
-54639091080
-100027406497
336151645354
-250459024754
281948623962
-190402076766
27977137431
265494679409
-244284217242
106981878236
-73311499560
-161296602841
-348379700098
-112296157479
-425206091592
-86824523221
-197919713860
32556549648
-309340352176
-83194203386
-263781582215
389555446495
-298464508653
-128690690127
-368242285641
171154683995
45225131689
-567863852260
5161515811
36090981196
62317932
69988160677
288368385110
156941864006
-82318161840
145085938599
-69269664949
99361468158
309791698201
-26655376067
38557918176
-360803453553
-163429255678
-55202181515
279402996789
157943614075
-172175751210
-135869061633
-137896042757
-460913396606
125475976571
-152509138557
124205119515
396219915721
-143584056058
-292991292172
-297467475085
-101017873605
198574883177
-143241989200
-180363353383
56945568830
74721137131
-240129153096
-329763221872
54490883877
241667350174
-117943255532
200314773513
72544509771
-91217150396
-38527153789
-16051781412
-634206880577
-87372665252
114410371997
69972010907
-461677949087
176288608301
178005661661
349920304054
370395867511
22477462590
166800788715
-190760333886
-145021615690
287804625717
-374623337715
-133737952074
-6539679848
-27643104009
146123966906
-354077793361
169020365495
64862564388
-212672528744
353914743080
