# Packing of N=51 1-dimensional subspaces of R^19; each block is an m x n basis (integers / 10^12)
# m n N 19 1 51
-28962691077
193638960942
4940053267
49729547073
141753060903
-131738663805
-56853670057
298767342383
95778345086
172340130593
201981862123
-321983215719
-119870162079
405648896154
161592123143
429639793712
40586874631
-90197612545
496462268475
-603423516960
-51421917670
-300890639834
-355725790274
106690401770
-302039488536
-64415554220
-100300325373
41442684520
15633996451
61895858580
-258991451090
-25976771499
-305443598776
-120973267765
164310277809
240000149703
-8463984540
-182195871836
184713101370
-38086210504
78275881575
-348893451248
18073096498
343593835997
-69696738385
128967749937
-305061045772
-30660426156
-326008988162
134912450027
-483066468887
35852720801
99321157744
-48616574739
-190546744120
-365681530385
-247627964965
234984074569
-56588420839
103442601522
280033479724
-30618299960
-292757941656
-188501887818
124341311980
-383960542829
-26529729163
222187178789
-203104641997
-312727843275
235379996578
291178992241
-254769875147
377927598832
171851606827
-28582305713
53386015815
-23298110975
148061312568
212733519038
288232789678
182761457537
210874496409
-125779843606
100277459195
241373104607
-304874603255
-15241145222
233759443161
251245126857
-598037864680
-201104531358
67994860154
260299850355
-54077077468
-283553787540
242515296083
-308967763357
34986197924
-267584030992
378961616096
141550257601
-149474613703
-219054502017
459884759909
117866460895
126894749599
-5295399120
-255574591854
269024070253
41761719685
133386620985
38118614679
-241501843846
-218637912390
-208103248831
-128982144815
79475660262
319493235247
-272260371009
-501463388946
235557483168
-479806511133
90220356832
-303930891852
12520647078
-35607536257
152850635955
-112266779627
131643087749
-120640815025
-44086891885
-28907970917
-36495491828
-8821197816
-107799939647
110709017309
77100734109
-530876309118
232338365285
-161081756814
394581821945
54446645548
124650583713
-51963208831
-269395804062
249825248087
418051319573
-77178381249
-287385196011
103042388123
-145584970352
60713233149
306793264963
-199147404917
83211248161
20683743683
316187296392
-232780904709
-83314738074
115813203371
-539857690573
305851249117
224622425885
214257374993
193973766863
-51960756003
313003451929
-61703223061
61121090021
231240199748
275027918142
-462854460742
96818459694
124760470610
-250699906335
-63669649241
-280443873690
-216362808574
14248494602
3623289893
-393365047180
-288293726376
-174999824426
76256814983
343850127264
263377314943
-168768645023
45579968355
12412672191
402518852784
470178862849
-118330105117
-322954474418
-83399490061
-21172160213
161807311585
21116853791
44989702590
441319537112
131922357771
23616435500
-101685004227
145422525636
-89425881098
201081682804
-385056644738
42250271978
-140915583297
57125846228
241579720270
563197363934
-369535542477
76978000655
-178066023090
243417561785
451260979873
90306668134
-24781497974
20997402286
164161395830
-92067613801
37101747125
342500093434
-122252653662
-25110088672
66260493700
28655440173
-243691694600
-91012880079
-323541724891
-17200127762
189007251855
125119355553
78979018867
83512488123
165896651303
489933453691
224114019642
-374469585868
279332503409
183381770642
-400820189
-277182692729
-311962743094
-137614948604
-3114368869
-58171538422
-82519582248
282482424754
-261876725487
-181985671105
117630656060
-304414271639
-99290734304
234671479561
-7314568035
-536007727147
329893860383
207085929493
332922157700
34029385093
-168626492212
175220101490
-116750055613
114204422085
106612695361
-85390071342
105711123821
-430792136600
-10015983536
-70486257545
-231295901477
-140807778744
304009227710
530360827272
178512809079
-77353096187
191113774191
-125213835278
383033437383
97120873705
245209950451
120324993544
108081828848
268373796017
-392841080848
-79528838373
-19882501224
30788613472
6128458498
-36483298913
-156064052250
-437819331138
273811814192
363357081336
182285289150
183939798300
224943389760
244920971978
123557888825
-188312676128
-170404107828
-290100528665
-456064046146
292408670350
-431027125081
187261555948
-329283487579
-184453621299
-185570721136
139026656982
-47841879079
-92270188466
-52803425061
94792046395
46587804889
370820345797
113168453720
-206270275313
204811271675
-112285054634
131419898726
255692183646
-323342329270
-99640317613
29932753123
8912045526
99516511263
306590982087
-142938957411
256775491403
-131728055777
100541878831
208033131955
-387005047756
343381735613
-126957916876
451175168692
55879907584
-260010458152
8537446457
-280386322925
-297793315769
-19479082865
-174117641915
-177480276302
110094469830
-81162768608
473628993140
-12671965655
202209715467
-80517086858
238366990063
-369384111018
52422053012
104605535643
208191428614
454848409536
131562260143
73816306589
-177952231200
-106339476269
-203374395151
-494525987936
277339831532
386057179649
-52186230646
-284100095963
-210580098747
135395306217
-50357784222
23313010277
-34755824420
414071862786
-71097250364
220957228087
36125561409
214056408683
149308954547
-61761834870
73714363006
-49647190560
273834684169
-40260420461
-150142177573
-63308991940
-259715091816
396287764136
250916840880
45398954669
159731964391
-285284820708
13313957985
-148973838286
-135610246329
593810692507
-61863253060
-302511165645
55975681373
-55687982197
-161539198811
-68219765311
-172576560806
-81861164738
-339149602771
66386249405
630952383352
10523133551
406779605910
-167620708298
-220495012735
-155045232530
-287172315744
94904786681
-216852615526
-53198188638
36581189121
-456722101127
-106477369868
2014865697
-186747437592
-63122387100
165620667238
453917083305
4625337475
-209864879347
-159720731107
236329329860
-221283619558
-376490812663
174581374061
204688423151
-327380217897
52673055964
-82289250556
49949815879
307358162434
-12066411605
256727608979
-287232909776
-334151442579
-103193173913
32326172151
50961449501
-311531219625
-205033450597
485704959931
10055674915
-130133939993
-87036855806
-337280801992
-277153796638
-147630512198
-138001856245
-1593346112
105769432657
417563679643
-182973448741
63844087972
-23163217543
-3351575834
-400998126779
57697225802
-245960152170
-169227429691
177919876289
-73155280344
34421782262
-56954800378
-104842432279
18088519397
129920937702
-245445287547
-627064303085
357705115674
246272358679
-323403334341
-7620548141
160519968437
135638536418
131922516824
-217615142752
62173136272
226217939725
-50760598574
85385239844
331220047888
256193018515
23505302335
-22117626541
367745800628
-405383909846
238665288858
-254121647459
409125342053
204118735028
-22377956257
-149108902247
384386077054
236727991058
156681700042
118030322596
-53456479303
-129817724767
-59611945229
-13083009973
468559600441
-55445888683
292350195671
146078165563
-48507253352
-325805285776
115850041197
202993638907
145748399308
-300371087281
321999164560
-54716394239
55247350680
-150388761107
-179099653229
-361760090068
234240572621
-333587339185
116572967772
-244477269576
134754031489
-29658633198
369800408540
1012652673
378568777056
314621408825
-7661036779
171179207933
51173543979
145311283916
340097741735
-263534890767
296834384934
431367679307
-227645132128
-54125172702
-142241893590
-76282763882
-62389093083
292422503387
133313184807
359486414681
-259350369537
-64342350755
-269534395473
-219373465593
4565091016
274085618864
64937258354
-131319189140
-50817578242
100936347672
155803868256
-276554938323
133018896906
-251100039483
287420995998
104329712568
80289366000
457018110387
-290330365697
-329816607490
-294057258014
-127059685480
42073860756
99662811217
89632221931
-164134271535
-16710380000
-103127413909
-795148125478
-127618490328
-82367715038
154559583618
164628787896
-62632804990
165180220606
351222750955
-80143689537
120971711112
-20164693175
209554568759
263086289299
537918490421
-296201242359
176719396746
397965660228
-212346697068
-92785936958
213804051320
-96177316268
-157057782747
-173183684998
148017227174
-159773176426
-102894244551
289033488447
-103939625005
-120497399691
7597578982
183903336781
-199138251661
-255728700953
-5717137019
153178283267
274066959705
59687005826
93980793202
393421095959
-16206567736
-165996562796
201613753081
193298960357
176307454243
533256751785
129105336867
-96021536813
-86699815669
410442890527
-77569297405
288996354518
-99834522202
-500726923221
-171548853745
-134853426432
284324130363
-524749840602
288462208470
-10402359033
57700048292
-6292027878
18301276890
48559351986
109472096595
208972771096
-193687303582
-109357195959
238197500648
-26899774922
-74505749662
-196748313184
254998842697
181786673240
32821491001
873436126
1326094139
389848041557
-71398705187
129482641277
121985742924
78264767590
21052377346
371840878089
-178330182538
-223285433880
190927381245
-633803566658
-56660320833
-38853985127
-125964657601
-145583971985
109897586315
368858870627
-12449771887
21469408918
56993051162
-97638580788
33405259977
-15844130565
472177632756
-12164650712
-463958162341
52092212387
252424079194
218753392029
-474885114254
-142732438128
263855664762
-152002962196
-238372280827
184257989292
152263356225
388101185353
262353685569
25915596016
-48458397481
-102023280288
-337866249438
-454321157889
-47511400665
-249571504146
115288733275
-369971650054
-22263926968
49952491203
148903334481
141984481073
-168290310123
-283566643855
-382527544817
-468328558586
-275097652280
-117790835479
-16093512281
-41743830939
-115345878562
-61499216471
-18650245391
175014473345
73268833489
-221235503651
300289699818
148633127808
76069053254
439845909136
-253779385506
70703929394
-4348852218
124505090980
-44548271655
59690057239
-208070767824
50379258178
408774999318
3961237941
134225156945
602930889964
-30513027455
-256427551135
312161785459
-246101208254
-77809035846
257817431767
133498489997
267185927651
75465482555
31165303795
-63478204779
-424270981050
-131198190892
127921515268
280035118917
-62597650482
212722610498
50589009496
169869478337
460952255882
206181989951
-61130314593
-189822651788
329440767499
198072125161
-320636666128
-4483593139
135084733646
51497378897
67970238954
139076926913
284071411073
-374617617647
37210426020
-28989788536
380751100169
-79656124373
-506401963972
-362152781797
-126831673845
-147062411358
144530188098
138913990964
311155925577
-135003496309
54624082736
33533238154
-374733094622
77308482240
-226902331827
190929093886
164248426830
315887507795
-82693805394
195932174161
103188207268
186464048317
-214406873581
-180430236512
-139509442341
-61893864172
-231334341754
-358084954549
510475594715
146869878300
-231199007888
-194415039469
-241565032500
-235701695548
-219996290219
-122840235563
-180683472751
221040511730
-197991708178
28663730834
-376163234705
136665078803
101260005808
141026133601
-454394314545
215692385178
-329778861218
-190222701187
182299366246
-447451023632
-175312433368
286054740985
-299953941355
251892593714
194341751781
217964604413
31335745563
-149565931970
90537376614
204736680783
255652721965
-325348060751
103262595096
310491365717
-19173315876
251276034471
6497483059
-150752924484
-249897653720
-467049145207
-189974128179
358322307265
-76639548335
77266041225
89796777182
264367566453
-77348987320
-276257307234
269637018165
-261233766692
120242752651
-177947912562
-405142950622
2746379081
-90012583871
28015544587
-228361435263
70447546804
105654255955
195593329269
-442882874111
512199516900
-278036904197
-87711530192
113249592000
-182049546283
-11840127923
-158104074284
31932841480
-93821819451
110169606774
-251341395017
-316147974446
-306163079269
-7427072535
78223324505
-265470744483
46586898657
234223733688
264454398071
448621916927
-71003410967
-88820179271
49534368621
196869575613
582087168435
65043806596
-99501240438
-315001608
-53232286684
-112085492470
265520253684
55347839925
314829742407
-76409862501
-85699695101
351867828042
385810190743
-334280745465
-144325910983
-359700399494
-96281514992
-64042889162
195589466359
-44362466647
62175364650
-200237770882
6323046791
-414284292705
-69170740846
6233948508
37949261036
420366238247
125336768232
-134119915807
-273149332943
-152288321630
-41670321233
198659200678
102347032597
72992868046
35034114263
-417830996771
170680222383
-175499444899
-168215074329
58952463740
-359656170480
-59097338861
439398848103
408543732226
-226180171941
186185141579
216674156008
-178811508219
424989847492
-386837397629
-172188262887
459682263119
-44743130149
-61832029372
169432204043
-284284395400
-111433146302
-202237971176
87621645488
4171442791
212329486814
158010356187
210556254426
156365503400
248595723874
6745766408
-32951527653
108010720288
280909374213
-53490728103
-329853531829
-325653731779
-55541972071
-70146277036
180946351771
296492838667
-408957460430
195128617144
-267972868441
-85841697528
-249567322314
332106507831
-207471172844
