# Packing of N=85 1-dimensional subspaces of R^19; each block is an m x n basis (integers / 10^12)
# m n N 19 1 85
-198699577498
80620489574
210044281470
-76867098716
154136456372
-256740697903
-155402457601
161574442500
-380145600633
-12960720156
-173836669138
409318506536
-232488056897
-362463058238
-196901475164
-223839149019
231844670961
279776705519
-123656150898
125121316201
25616497904
246063021537
446671201774
-186862990595
-285825847540
-43733104233
-136743718960
-143261652887
355798241892
272464292404
-158047180963
-60099944512
438960704901
134385301475
334238891571
66466681534
58458767946
-78484824067
104692354360
-149701743180
166573005674
151705947040
57883879509
358912209267
169882899673
202682475840
512287946927
45895990571
-52745271832
478043761260
128035637086
61348596005
-180565288143
321762407723
-78966866627
106808214489
209690357081
58189046910
-410330059058
289445951082
-145928450575
230239308111
460924059851
-107288291618
169856963311
203755079669
-364180483876
47310230702
-184768850561
-74478723042
154748205425
298609276050
2247496640
-190446851380
178555195767
-141442461563
-23606518254
-520903167508
45976180286
-289186696704
-271016806392
-51742041830
-47440736927
137219302901
-233773760355
115350611806
351123072062
-105757979305
-4364291762
103533825958
404675411950
32719115820
403714383620
63692482768
-10563928606
-68828669649
648960562929
111461858714
-22564646125
-267683629454
39319130613
95751457414
-335124478848
288424995968
-101902777048
240899485705
-127127050089
-185061801232
-40367206655
142953996748
-197716780877
32486249798
-241179879936
210017544103
69552200029
-219229482174
-489828107536
63840169588
-352598842992
24838842155
194111392802
259035329936
-69090327043
94411430611
83826726394
-369809593753
126779785441
-4564203205
-428985330141
89054163902
121472624246
181712814107
245094145805
116381803199
-252135460630
19963960341
-96328240705
27942083212
-468958966624
-312293555974
-118909991185
-113067978041
-73577488542
99325714757
39010262193
401672906594
193304882822
139006635100
142625569869
-281392889314
-411508496859
-253684368897
-33144735172
313631145468
-425334404673
-117672723094
-84317949440
45857585118
283535322380
-136524840560
-24889380326
-54094806857
-172571455278
244499126067
179417551503
-86524824117
411051729562
54225943035
-213873009234
-423579123169
-260169911034
-260073083649
-289777415796
-343184244777
20031183181
-385403576915
-142213142951
52103318899
-132376268128
254363571305
-250480855761
-236829641239
317062721511
-199760867574
77930635632
-289126252507
53599723002
-189603539244
-196921862411
223572974090
-211230015388
-24838952172
49279226871
306231242125
62085724888
-179463390059
429881564168
-266340151374
149161932623
-232779619231
328484758201
4279417392
-73494215383
-27429592290
-400006560610
309739127238
-71466014500
338931528111
-18066472068
464185534678
-337393235921
-319636341722
-191210566778
130316298146
-237520184549
157874951108
-248510170375
-182218353184
-43731989057
-206212688835
227926635688
-209241604168
-23262410467
-80122634057
-332537166693
22726412761
-226451827572
-170815074086
59314135327
135488758233
110305738063
-213069639112
-246870829624
52301044749
-157573323371
161954301742
506391948168
-109399443123
-440530735513
-275073812802
80411642588
115899473958
-185869608353
-38701558338
171070147180
-2612145605
427164620876
-212308925111
-366039674523
343425715466
-312997964861
-193702331469
44668516621
-157815616319
-258924236963
81421464882
-256947813462
-64643970325
4349922334
376909508820
-170474241703
-236835944932
365787268705
-87753007835
137261932160
95722868282
-88952187562
228229960532
68389065470
230673521282
103886795143
305518815737
-75778959387
52358287580
-484647735605
-2297638534
-138322275937
-282114645309
-95179613722
271471380744
300158002522
114557763739
-461098480420
-183431446135
60412653491
-134008277774
-91311158214
-204342512505
-110532134504
104626324444
155373728395
-249229263045
55643204418
2304356377
-289688352674
234750714571
-175039862730
-610095936638
225945907436
39961680471
-153793195105
158083313107
-190144550575
374295483113
-273848799698
340089292307
-2592284609
-181529473292
138910553345
-222013715230
162331408820
95251347848
-336654920549
-83492393105
116414177808
253745039589
215001843942
-201009251422
33634230658
201961036172
-478688265606
159228454196
301800249089
-284258136141
-312714520549
-14605017930
84099623479
-240038455721
123235674366
196509707929
-24303125091
-29472291804
-91791196927
-198329586918
6379903601
-430700049328
-239154797287
451677184938
-408785292150
-31454253138
-142251138278
-135643356465
138282482124
-148188974047
41729618887
-205805269559
-364171273522
-116875610661
-163024825661
319360803097
-393969147400
-606762069836
-153804055538
4340534461
-25737629121
-53092760273
132086332670
-48454209882
-167876338943
115844204925
167472756500
-181624115595
-435023248648
20381646273
494251040052
-205146193785
-240573713950
-149187962497
78725042806
213582858385
-241206143175
-245399913414
-360955188420
150600580133
49695759639
209511825308
102345982474
-42090888259
152209979202
76714816404
-199849035276
-313813412684
65812725493
18986527650
10584707474
-262818985354
323114029782
-100940592006
-119512250908
-312107742369
-113584053377
554062910890
302700797163
74884992019
320671592008
-66730447740
154914736011
105512845849
43363659298
-324774808511
279877450561
257555733946
-149116690714
79114530506
-41381886374
257560324682
-396138384160
-248406317872
-32815165533
1352851632
-178390267225
445971496124
331192568459
73263772598
162914657014
164465484525
-175704830365
-58036971501
344725322199
160598505498
212380354676
53338281195
190662859750
-645871174350
-338063307235
15158702805
252229035147
294390093437
-171979052079
-101486342193
-83890545925
-165053703974
12565298333
-64151296848
-12170681227
92832175668
-43850324373
203273013588
-285477831116
140041917984
274262031313
62418520917
35434814448
-216856261033
109375957968
216822702713
49552225256
438264303289
-114879173331
139032731436
-383237373721
-112959894043
412404850520
64934017839
-77580196432
-322793316072
-209006848360
265046141872
88610375691
-290771370660
243047373973
-177370414996
236424490794
33849715175
120935794144
121531982171
-139420646121
-401750507245
108538169456
-501340655637
-249482266074
262010544168
188038249019
76717185496
24440935441
-312382771047
-291308982991
-300973716929
203900368182
2806983662
-34320455818
134406365931
-371237625355
-47202039567
-88430377552
-147117698275
-180214475331
304798687237
-274541334769
-293238403878
-94030186609
216148556698
-208540496117
-332931714509
211048916335
-290135831150
-440151828462
-41165552856
-283031789633
41032559352
63669591121
-181028176140
88867809071
-336817529829
138777315398
38909294885
153139897465
-13586833564
163550630844
180931340725
-67403510846
393996495571
-414995378246
33587494462
79045648298
178084554030
-42530759330
45183687104
-135996814485
-202215467546
-178766015160
-364979039777
-83302404598
-24433322705
5787035392
140019403468
373500965383
-67078722640
-147538925792
-324192756849
612921188096
-242460556640
49988473245
-201236740392
-208095413859
-3089798808
-365758583175
166885986333
-287815435145
-97991664936
-249548950291
-12013203364
99537542134
506142970233
191409544922
-492344151956
33527751876
26601870149
131338348913
-180501882988
20274383338
140174820161
-30296210741
-420829139716
-343270478758
204248105116
-192566957375
115977516002
328843605838
345756212041
420255974171
-78901261243
71192333408
141695998329
97469309412
-114683421457
-49227943981
-284489525407
-179816315494
135037230307
306455533245
189089596931
-29042511260
146109328923
-218621387262
251969291044
479197945494
-385280251749
-210748282621
133878974544
91046250450
-305125469788
-40477721936
84840540876
-164089509882
-177045357545
-16329665537
104612588349
-341667554401
65711729667
-35518245350
299322551363
9188751524
34849433158
126169884153
-109557060860
95139871853
307196365841
169291254391
-101205627908
-126402388513
187128679674
-460343160869
235763639383
7140336187
-570040041832
-212407274355
211362502490
229976084207
-49163876963
6486289536
384763623161
275150149250
6270536570
40574144711
-386634242169
325481757456
-174465313313
169877826010
-40410696167
-29628544498
-321800964549
178574767897
-438420959860
8552255506
256954538614
-90703804887
-429871395912
-241136759772
27286265666
-110103127557
256081398317
-220671367240
54049525429
-181540006064
355791992833
149168867909
-312920510392
97521118202
-74863528399
-144785346118
-1571506654
-96194749836
-365654487815
371132381477
-174671539314
-280455059075
255720874603
-217909464225
162124871880
329112962709
188307375349
-56153840653
450437499248
-187468921339
156011713775
40226268429
189367950003
374244561806
-216095227941
-153913376198
97507681823
159913344781
-234208531970
-187133180782
12704654570
-143265566252
434048446125
553148273162
106715301258
55350029509
4862321164
258063816735
13914994845
148769368563
-104111660705
-5159831227
-147783223223
40777170011
-107093425153
-262534554814
-288663072552
3379060003
-428304205475
6024527419
126102025479
133396003053
300401783020
-282427307095
3395601096
-165460137230
313596093175
-24944180436
-6535511122
2754384853
-321680599328
153753840274
-563597043254
-60791196243
-391541055022
258341781031
-23559652117
28314099528
-321328593283
73422444975
-159432871887
523170185096
58639872928
-151610311842
-446604348146
-167783879040
62254987172
75598619527
121746262458
-9201762717
-191940825316
-199463779732
102797635501
-81851611035
-182205486767
-431894669876
-8739366071
-36774566055
244228717539
-74971248505
-126805975328
128088526877
280181873134
-235815098627
-18709821239
-178417973713
-242696598056
-550834178866
304291165741
189958084602
49113704408
142103514142
372168034223
115471718453
256215637804
-59222268765
210993865374
328090218337
-198933260090
67857902524
-111365576150
475978052046
-49835265687
399329414424
73301551328
-133503267153
6924371598
-94725765820
326285484139
194805025741
-29312931972
-339259671130
-227086760917
241570623558
-15646718198
155160865704
-193519514886
65502816328
277958836926
-112986654124
-210461750292
-130014784399
-224831324662
-409613003213
64499416475
-94985694342
-160449092625
-78122628488
-463084462237
-350254830573
91232189467
-395196219514
122876119605
53577717682
428365592920
-43184636293
309054288220
-289015333654
125798063297
217476596821
-253427623096
-152951311572
45608829836
-97134470616
-119388052551
-15443084471
-255546738950
-471494680819
102980137231
166735808944
291068255058
32173217618
216961938782
-82316283998
53429506666
-219129557986
281921208846
26424846102
-283763200014
45540500321
-54910430821
395629834001
146061711405
179694064513
129792584114
-30830378339
281574203631
100030569290
-135772356682
114135023518
257183843718
601435683505
86276295664
289493306247
-69561522956
-53456806932
-273721500938
-395331894916
210645980342
355607436150
-41820628380
103687726636
-51209895052
-304066676306
373124378589
99336788534
446201582148
29179780553
53475529510
23808083436
197413199186
128143471881
249875507975
57388413992
119428825750
-302598250292
-348946129848
165441550141
31081394753
230449336377
-411260717607
-340362257628
-33714442798
-2285083386
113062193839
3602277544
-356040985841
84127188196
85504087038
-410778000734
19074963266
14082466967
-84196215044
-1815525604
-120250624189
120667420938
239468083647
5574198333
-129591334513
-165822711655
392063516152
-468136000495
-255929043147
-417706213496
334602873504
250437853220
-170609007350
147136530474
152903586433
-269235272848
131626082759
-224873422808
-145347756795
610916556195
-445057214666
74529089472
-152809882035
118503841449
-246988147935
227834230387
96406653776
55991841375
63584392353
-103695134335
-217395659101
73413893608
-176134275621
-20952915655
-289249236706
-63033163483
79151038495
74711493142
387381783024
166281271150
242262866873
-268762227878
142990141667
-309865113428
-271384684804
-106090110622
-49742181152
-70525902002
194557282002
225118499352
-52646716507
-33207983448
539124873814
-264298354187
163016779410
170465047674
-234350641801
69020188320
36051845318
-601658331939
-139013748652
10590588529
100663401323
279895997146
-22095144858
13306498580
7416999213
-130977436776
40606508142
516691231859
-175847051120
-161891781409
363503469625
-33074020435
-419692909536
-6707392883
533014737887
360512822047
296294339578
40555298009
42460294503
-105551781811
9694223017
-159864747542
-84946147301
-99510994259
-154682420705
302667271305
76929124259
9258533178
-99115791641
-320411906692
-88612033840
106003138850
-203827160637
-383585953575
29008127565
544842118322
-168791827217
152248441687
435720497258
60201206306
44093726114
60470579636
-91454181216
112302994181
152914324863
-84858176406
67152165726
291637881531
-44556483604
-234010775112
-206803214290
-49716281245
68428770434
399965573367
-56956153877
65119778265
294462146787
243865372508
-151962283789
-191510162221
482310928548
-254272091055
269269035253
54013862443
296849571541
239841503314
39784997419
263275765558
198828470559
-97382624379
-498470739235
204356580930
68886313173
-148169456182
-408732298746
332020417359
-4049594805
-212637878357
-212100070501
217740887642
102095362131
2134266595
-82535589103
-12496214631
26599009564
-362909463522
387952616733
58240594709
27454888885
244044680507
155741165282
41402583440
-176365812198
76501665057
-188936290975
302889625464
-238784018948
369686905233
-257898703797
-44168605781
-57360241983
419994891835
-73277268231
-371336053396
-101629401256
-296836098238
161964626214
-75655363029
183542393682
-16809945652
40536730361
-315002840095
-111611349084
-228902816023
-390345914922
-19856273326
57622384911
362072304626
50113395907
-334913879646
-197938760358
104518452169
-100816847055
467023136950
-436406997090
-272431119741
47358766456
116416106542
-233951150522
176451113819
-146829386942
-75684829782
160217071357
197735635062
-102896396286
264823669363
83254112123
164029394892
246775303803
347083780349
63906703737
-124009201343
-475633137474
77769344970
-94466502990
-280509577936
-192816578148
313086458213
-261293643368
33312935268
168280006215
63399438562
-233968633235
-262810610496
-130809986391
-241301369587
-63980380030
430752623254
-96082644610
316870353657
413097507657
18475756520
-461567332024
8175363588
-137326402103
59570413051
-187607179757
-336604178600
-86100946556
359386127469
257728450182
269967383968
-75530745471
-179367548012
-435047959979
32037960975
-101853730133
13958460954
288576666222
53280939381
-123488925132
544302455432
174089572974
-39337869835
-250662078653
-399528260052
-163632004840
215180542827
-38172924395
188336580374
-120953996178
-26479138894
-22715114634
-21867909195
-238305935032
-280919663613
309601471753
-191337831993
-230745565860
-41017280197
97533802920
-239474594447
-54188515306
-260415216088
240174980066
228095738956
-71626072387
25758806779
-287130573633
130672670896
204573383032
-306005348772
168206492789
515326851547
-279700855355
-299554404665
-18228077369
-204695332922
-88426254733
-259949110450
-11844142373
53714263176
-61627498321
181906884436
250922624
653969988370
176349012502
14703186479
-25417030916
-315919724730
230881064039
-235523950833
51479347376
-272991432719
23978776929
89478632914
-227917719363
-294261260743
-10470946896
451936736255
-135237138303
113300112182
383704603244
-94688994714
-209192577624
-404393881272
-199692215127
69640369938
108069633833
-19136568115
-391638315073
-35327758489
68253919559
246047484578
70366346178
310824139527
151210799343
219248739452
-180009486290
189078323428
262536477588
-39998031956
136566858065
144213703681
-116925786621
-177845705253
-288173308822
-391592150891
-130745579566
13623869857
429914896727
-441715067815
278312521724
10924704136
-90642036720
95401217597
51529603082
-266996303358
433101241790
-96821080036
283146969124
-119675577873
15059248542
-114333521665
-160038508867
-138247728983
-486470872999
-271199685147
266632755692
-85476755707
14299622859
-422177804118
86376516580
36306456856
27720067107
-79300675633
128722343448
88277134117
573010713619
-164090491338
298879496297
277761993591
-74053434377
75055175181
119521016950
-310447854066
97102538435
289211596154
143319533535
202330911168
-239893874995
173141898888
-224689715073
182367584634
348067741822
-131288213616
-39175462609
127485671689
326893300832
328470971240
-176025667401
-193300102187
81400231927
367218874687
-372145453453
-40595572769
-105622205912
253015065953
6589111289
-161364657361
-189616873045
269416339249
263272217291
282248810326
152933933073
-486053052152
258183130768
-234929092866
178570154176
-119191323464
-265637816029
-65634612922
-276829897199
-394129767509
-241468082100
-198232893102
-187804353499
105798700752
-53939420582
66887493453
-31410080157
182958490476
172051669152
-284595872972
-196804429097
-98281511867
299451042372
-345247529349
257529999708
-372142872037
-109100081571
280359613721
146428377809
-345354565240
287102047530
18346880189
104428994651
62898289608
-75802536794
286172108579
104171406532
362731590263
208676554242
-16801845410
-52817859997
-227462902226
1452164812
-401211152
-331583249504
-1677649683
311680827010
-59337888785
358590564220
33102719395
78421637877
406212340298
-115274460734
389933261883
303768513971
-31577978720
246177603899
144163917422
156581739021
426294801534
249167185131
-317960066972
336351123130
-56332615189
-123547787260
-200535677779
-46086220238
-329203394739
49911660116
-194834510033
108816824625
120852344186
6080903302
-432503098690
-113615732394
78696115766
154942592428
-215636536246
338095292245
413826259424
-94454952213
-126683435875
176944872105
253694083435
23319372100
60053127206
90794646123
216560560684
108467790235
425206287614
279250728438
-339353449224
217507336755
-157449210967
146738271628
389869602557
-22667249318
224071869042
-55605350203
-107083951550
140865901878
484141096085
-286081087316
-104168194313
-93354407577
-139119240590
-174741908823
-42507122768
-163838379801
369793283924
-63942768886
340425337024
-265104620544
-78036900413
345281077600
446296534574
-188895032477
-209793767695
-3326050378
-4294057931
-223190647936
191061878889
211026328300
-221189980134
133926218769
-274963588038
154548777305
-304214796484
309995611285
55935556629
249977818634
-210528830579
106165050738
175853082501
388965208706
-18348438974
196919498615
284408556640
188461721465
21992263257
251961504147
-387820996318
203037377999
-127585513194
219194903855
-30861168594
-415388429413
-181787810178
263076628068
-156783460896
-175304241210
168037619240
106941748517
-116000100367
287798098377
36841305838
-33098570227
-114858731414
-467588662716
294801456282
-346358626670
71963348592
322733942699
135302565013
124509098843
1529091763
307001515665
323618003677
-277611690770
-60761990438
53968576168
217274488581
71668428621
-135707770517
-173771269823
-144885655695
-309786678430
36351054913
146774974133
-287044675239
-130912691047
-324251486698
-285635341239
144853042472
382815847843
468389114700
74388401248
-190220855770
-203494814814
-27493319164
33617402235
-470972280817
-140974440934
13041346820
133085846774
-50919575966
-346826217498
-32134015256
-8605043855
245748341766
-64707350916
-143831446051
-2382209262
-53261187140
-314695583359
-648289456902
56800726706
62509684812
-273905963098
-285648712356
-135506039595
-232679468263
10453034852
264041203199
-30871017438
-261559352510
-179471976148
107215439555
-276623201032
-477232109318
-308389617505
98856907851
-42359803006
288597627318
119793735277
262748217060
-101794904834
51620706191
34678821862
-57378650177
3014201554
252885365159
192274495007
-91241655485
197258005359
-63387417944
-380427841302
538615661682
320853898738
84090706877
-139530306471
61514802784
65878007940
270229673542
410141547359
164236333426
-49769519742
39991245908
115290483522
49693403879
-73653149934
-123650588652
-388595345537
-34040928944
633919934478
-181903765417
298584756359
29477638894
-33877013433
300776204528
-238497739224
-73000623330
-310656638807
57470914510
-169360677087
-43508989355
74587663942
-232559208940
612402401844
-127977703188
147946125724
-331767123089
-85414725294
45195641941
164111746237
-53713982527
173653641012
127565477479
-34038162100
-273438042596
48477211328
159041617644
452709739527
-144863133858
-33109147952
-31868831142
-373046118727
164462496407
330448719667
-198687789360
-205360254933
4610699682
-57141254182
178452011227
-288590627503
-291231643200
90309946416
324090052728
54112905636
224941288049
367223972179
-310472293136
199086321169
-263111087097
233622523981
-377802762072
-141598979474
-316330171821
-182316737271
-412415410500
119079997182
80806554203
-67351227372
-231607255213
-185059545689
286487755020
-226410679043
-142277354709
96493409202
-302473588429
71544596732
-193345778508
-297020753302
299009002780
108283480112
-58803694308
-55254366245
346587037792
-192248689914
-445124215552
-209709344134
348482965972
-259168533239
-30904199836
120837756990
-342125920307
13644447327
-258969455137
-75837608073
96552253584
-37411659798
404838622798
-344293916475
214195481666
-91659883833
-166672708635
-277876493410
-4144550034
40311911606
-151873315884
235587349687
-135549649854
205866514108
217681299896
34523231120
-62499065871
56423184792
32496767934
-109560370514
590424361654
