# Packing of N=81 1-dimensional subspaces of R^19; each block is an m x n basis (integers / 10^12)
# m n N 19 1 81
116498143450
112336808357
-707276474322
-7950967075
-114829169367
87008247507
64694749434
71442295654
-450885451075
231872138168
3885094276
-226878544447
-44657915426
86061766715
-67755279323
-25815880648
-447615229
340197603332
67198652441
-183617585478
314500261468
210135039088
441736476529
105538346061
-56653884537
436770290169
4291769157
-222487353117
55982247236
50805328258
361796864256
-26144288655
333484753964
266623906524
-72468692919
1239480249
-184973178161
-119944087619
77350311430
-692580026372
-76403981449
45460988382
-79706587731
212514725199
-46435315275
-159645328448
-104963569027
96510728268
163425463208
117142961944
-96435470744
252662160009
-367135177192
-131401352460
-298801413426
221986390773
52652239351
79454792066
118348512815
-167159584048
-226646798178
-52562570395
243863424118
-89440765155
-90351111485
159566501212
429418139296
-55226385606
-204011238884
403052029549
229918909927
-207931516202
225370015618
-493813747749
-90902108711
-77371447111
-50536093570
109890594943
-36810761828
-194618928170
18738320398
359169723749
-250596402901
-257399025327
162295637048
205137793639
232295050317
32240167724
65051894211
82033621783
-163615578278
-31511061585
693034632456
202932183045
64087614296
-216680531626
140438400513
484975243995
-45769641043
-133173572190
121706334382
-140687761580
-243717193014
75794655263
261637643766
-222669952859
-10910937977
-158272719762
317221389348
60919385336
438406322438
-446609797
371792368834
23901053417
45516215806
-73812755220
-179519964259
-103222855820
-244578662311
-459847673133
-10551115388
-245406688063
-138085325749
-88684832305
204974583569
44354150332
-2159965602
-234565827767
-51803180307
-176883908229
-315204126980
121711554195
586433416341
210045910372
98529753744
462834259470
-80354588748
-206083125693
-144128251392
-107328733200
456756407687
156649926365
176043384075
-132950454207
-475199886785
-122059936780
62652379421
-157101230065
213169634698
-25046624579
-230477448642
-19916240537
80236223748
475139104053
-45402713231
9547525522
-134136692482
184492664725
393051579391
-201275203609
-125149564300
5782456859
-231892582807
-283011721517
-315094366194
-102323517639
-159612414868
364163752407
-248750447626
-105440764443
167972775126
92379651153
-79349243677
52883557901
-220804626314
311656649191
-349793914408
343752743939
116566482054
-88423410164
93843203214
-201529393247
-358118312228
-338096084961
-392527085375
-240803077502
-226724483181
6407251665
86294228278
107826698695
339058424063
-512829565772
-159920570633
-58412042132
-63269310486
-305769050526
68971409916
149538415206
300978830871
-58063315748
57087633172
-191005885150
-331976913616
254206787929
175229845721
-92282238495
139437781332
-140340879155
285570611153
-198686723826
-118375483847
-270371677102
355705371511
5501382902
-334895257638
159440653235
125710736525
359932774501
-378949142668
31702223119
325664448394
109568754748
9037120518
-21796038373
250401347517
71921794336
-72891781602
-357083753076
-156646502577
-232327542122
247963013946
69582409880
206322034985
297652483151
-89174879724
46070535344
74338653010
-124109581961
-348497305685
55920880876
169333737290
-314017780999
33787168745
-110699859703
144245475433
622171629392
140817735991
182301343014
39172709710
-120924226577
67303839743
22937430004
73223120107
318757563385
290114064040
102207644654
26104343017
-187356610493
-500685084347
408741486951
-2776514014
132399762073
-122128072852
-86553523402
7883656347
500426923742
-57868390176
207241873701
108752895423
-502391258945
288583224946
58743831864
221374033297
13873537317
167917904554
271534157065
102839175592
478162939907
-11736107347
-138388245478
-239204377593
-350650817001
17056731017
-61619360784
-94091808021
-463022013198
207715491953
266630452665
-163933378374
153205400959
499677368266
353151719548
-147023466765
203857000521
-94503931486
95313788221
-227678318316
70467750402
222713192880
57193064037
-158937380629
-63934243255
-60967173947
150675607899
-307433965152
-350294187742
304963114999
-272739608747
110003373309
169819795431
-64911966552
281469559351
-128681837616
42603692796
-235681690080
144230686684
-310776136934
311713530557
-151953656122
-176810531600
253380496393
-214088361078
195330002062
-210722543088
18842800120
88925825650
130571524672
-360592364102
-32616571875
2657375582
-184419916098
-92253534310
-333907577810
175005268253
227127800012
96349162096
243178225156
-362613621833
-563082709441
98355005588
-185332845894
-44332247772
-407387349044
-183720102427
-325795041403
-118927427360
-160854931022
-317371796084
-166862961463
-241993316177
-158738968256
-149056891928
104077309567
-243768368977
189243074747
154641896811
-29008989218
-56849390503
-329495775287
119368275751
-403367507948
3845479935
96496297178
32464824949
246217350634
387693202791
376876405739
-127759289359
83950303307
-91599622512
-26072280151
255506668196
-471433676040
40092160739
-20651818585
-391110438414
254110228711
-49897722892
260005314323
164363507421
-385927090764
-392936964100
-141063222152
-254035354283
12622377427
348795561361
7752145707
-110862382196
513737743221
178948916327
-67315725940
270153948715
-32957249748
-92801949586
77159058830
279342061864
-32992230326
9148815780
-98691300714
-117047920644
-49136082279
19391548165
-78617003412
189823664758
244199695231
246687247135
305909224009
-189527379371
-242163841371
254773946985
267068142147
224292267717
235643918989
-421941052512
200878952578
-267860951524
-308359903632
-73287687994
32087874530
144332136261
191347024669
32675841701
165033437990
4660883423
272549637843
-465327341113
176064298344
290094924513
-344841428097
220107810341
274346651822
-198792282303
276621270854
-3653585833
-263828610159
7249039365
280881880980
101750271680
459859255099
46498983748
399489245942
-143570190009
155907267269
-294282127517
160818563503
-88075033566
373539012841
312263730265
-52696956555
-367234622877
-34787230493
168960256163
132857640493
57187610050
49446557585
-153227741758
-246238583789
-219788383655
122898855398
-58295379674
-75032194959
98240729785
196786365326
291790494677
154658596634
211406299595
44795247008
-289733190637
362617479258
-73378180482
-521039223776
-285325181319
88607746505
133152775353
-251985213820
-207351421792
28734747495
-150788947332
-382309830471
-104275677394
-356524438737
180813347320
-144989071719
-24693885686
71816835081
-72381041247
155488494383
163770614096
-423122542283
-36836054409
254343239924
288711342758
415427022870
-180458685716
107304965846
-41040224287
-159025003684
-349808047256
443871787591
18383437315
-235261880428
-364507948957
39686770357
-6851978627
-141225064341
49950914451
195952345308
-155305926808
272408524350
13223210151
64781173466
-407000361031
-350380371130
-148145127935
-45946223327
-164244779794
-177704998785
-77429792388
-216653497862
280544475781
360152943011
20540575071
330654062999
-192136404475
120517843858
-399136438329
269729940540
-175342404117
264855066348
-134470057768
144180468506
-350734395212
179424064363
433066774036
-163210101220
-95939936421
21872631979
-52580251509
396271636033
144766830357
199753669816
-128943849190
258922772375
-17862923363
-347748833098
42044836077
307719576368
-356473449820
-196166116672
185025040748
148731997238
297144624382
21256507501
-197109690266
75277188350
-28935484621
-370414130142
284120587968
133628877136
61125064254
151035614699
21262860340
312862558964
394928310899
351125547439
-181476280931
-283211566070
-243059610502
229727960157
-31197592082
-124975029831
131221062426
-23505237271
-229439813270
413042572153
15445746572
-54700656747
23891126753
148576015763
-575641881950
226620634507
72647036565
-46207182542
-471261975940
-24328237147
110524010368
-260567320538
143093506714
-63930421758
442192109546
-101002814557
-54106098414
-154132949916
243710098046
144577896492
443318786570
-97707422178
482320817196
-76302193030
142367550890
-170283241061
25304060587
-105010564145
-258276720352
224605027709
21639041082
-173888682613
-184273847051
157115504566
41561165165
329089472909
406666997213
327335712631
-407882643193
281025559589
-32723998935
265867989212
30834734954
10373326391
-174037760957
106063145449
93368193701
28477981178
168624663633
240680040825
360209955055
86154639162
187933556855
117617901399
-221293203001
230972039185
171134674730
61982929928
133616887160
-216108402145
-422042952374
-220952416227
170649932801
10696635254
-5309687300
-120983945904
-124327697713
410740896181
444765410943
-211939254379
-230437931897
77271831157
-155226975111
-123238090073
-209349476483
-240452231547
121898285747
-105197411312
85428370910
-202901873765
212816258875
205531861498
146767022785
-261861763418
66141843024
-203244011978
608160758976
139677500152
-82560106414
398991323369
-404631138270
-65777098456
-226014281636
313034206261
-202473598587
-15065954148
-148569859225
81590457595
-99515494804
92010181431
546998395395
45298714226
265239358731
-382040832420
-130344823533
111526762206
183716624444
12857867015
116794450435
389700887545
153001349492
-25471353316
-27078293242
-511640414431
-7070458481
178787725474
83083486803
219234392439
-129903274779
-21530697263
40116895971
-137018681914
161137923577
174015480216
350839247859
420636453373
197678709811
-203753358160
396379206676
-156767528271
361889509406
-65516896455
257582043928
228500118555
-248752009914
46350166562
-196724566059
-194631140091
-56566109673
19719139696
-40749434640
-243114224229
-384137637033
-319034925505
-6700793114
-68188395780
-324791100333
-44775870847
456392015942
-180214567485
-293781368446
289175175207
-79030039810
129189652011
-227110403146
129802392808
-157146981502
163994472124
114774121176
93039829312
472180011191
-14124610438
263543427726
33049359312
208130789422
-292391370784
346891817471
-410362183957
278346230280
-99425543749
16296712065
-332026434545
25295631188
-212252988117
-70686778507
241182909603
168191603283
-389343973064
384064043304
-104099025662
99197242688
-105356553341
-173263322937
-75049555563
-98646223102
-361383124237
-421757958122
235915500510
53561298010
116905684918
-437519382617
-292244989989
191983094933
47210329876
-850440434
134463547514
-90647501016
-300862166366
-134707131436
-41578523144
293714272601
-162035652607
201794120132
116096765229
215866524812
-161258472104
406713630295
-60071577521
91007860070
8741310784
-224944530804
161092137591
-248218577032
415922203695
-11143564440
480139778589
78131644668
159271177659
142857035706
95806841027
-361138912062
-126283044955
-27810486610
612577971044
-88677597836
-45985070216
-173578494561
197009825175
133598784177
-295102657706
189131781033
-138978799700
-56962921244
30280443086
-119040744658
336463861188
387789368236
40591332611
209333808584
232241928919
-32166098455
58712831828
46788631895
174261908979
107736442556
-64769293871
44634424465
32357352691
-268084976474
474164117178
346395552212
120307507093
98503123872
324013485456
241847602569
-41676371918
-291023281876
378750003597
46119644542
329629547279
-59947277089
-466893805297
437070511261
-95822395011
-468388550623
-19636608480
-162459132689
-134487170417
233316735271
-70772122229
83566950321
161534306834
-240689756229
-66495702221
-18712605772
-307951427089
69425270423
-119555415351
52016996638
213695199839
18338032377
-117313106418
-220707148275
151887714053
-56423123296
-178881103308
338704923907
-112738887495
3073884651
268926425476
402389350480
-69962513166
-147928242328
-3387005247
124967964637
-271093282778
317699885182
130489058142
-532353741949
81780094076
216946626930
68814624805
27585759179
-120302870088
366488537470
-221081955281
-273506788835
-207491432041
-422611425151
32978570035
-142360449132
-256671853868
213944546827
182759612679
-231511747279
58792717132
419121732770
-217948726851
99463657414
-113866537514
283472940024
-183941944636
-116880696400
44934506936
183948355077
-82026724782
-98686154411
-124477513560
105467884681
285065020410
158128949445
394469161296
380947297696
-145627433786
165208920437
304490290379
471315082982
146169906450
12065484848
-52464702085
62435503386
140061044917
395950900
109863217246
-647888645198
-76932297827
172302144515
-285302615461
-240358592114
63386346759
42145683617
-406007349041
-70231700620
67734604136
296342049334
-278638821808
-179726263116
-73085927711
91123670237
-321214249348
-375683932843
-40983132393
118340161478
-104618963050
205901184919
-484804980397
97885152319
97045766871
-369799201598
293426409756
-29104329277
201301035857
-338759191684
-19744481020
85494927589
365361749053
-104769782259
-304822997116
-121020138948
-262327037242
158719153191
-65225103098
68535276371
229696839101
515344842954
319152237933
229251141170
106927461761
-200880437078
249063405820
-164468163457
-12823001585
11260059781
176344322708
-128158140689
-185409028733
-273365789244
274064664389
290536498352
-23563908838
100850481012
-257639221866
137868453236
53669222702
247534120425
-210432077428
441357861921
424650844728
-149110889493
-54376501125
191041841150
-267564782811
44681403730
-71839704895
171795063965
21763340004
-20400464405
255490061963
-304721014748
-159738393892
-290758479276
403040857191
-127479253258
-12266420012
-521865304022
-77591740703
106132469830
154406368666
81190821798
-349240681727
-200864681992
187159000604
60925378766
-137098512018
203555127463
329621001683
69887658314
-15242719927
201754686637
-237863368690
-579144295634
169020762128
123755832025
1790399538
-148112923882
-265550233290
154573639864
162825706457
-204207934817
399611164913
38241948439
144110486482
382707655607
-323978697452
86412548809
-2540930592
-152212326975
-165538777871
115821435348
16955234610
302341092734
-421111513274
108853763672
-194255894376
-78860636340
-46873214630
-334399098840
-166264946482
-304191332423
311949804252
307200509622
-165917802931
409112946500
-7081021286
-223047447696
-329183234511
414594671608
-164186377346
-221833101643
-32668388089
-100077917674
227573313573
-112829688802
70469954745
-405994460954
182161208647
38831691716
-153139446562
-31067806642
-175183005292
-17665618570
148083173385
-113724556495
224377174719
-158657656407
49626957344
193619898255
-259482889201
150686868611
115154879842
-482993760472
-54417419100
502860822946
442161860478
-8889049672
67257877144
114328306191
-114348491901
329254682645
-140895747121
2589486401
-66346148933
-52394797981
49227961351
-342990295874
190396379681
395906551033
-108881594919
169113815025
-24142209500
-167588675426
28826561393
288153553980
67990306497
-380147736644
-10366995756
-499297609563
149129721403
-155282657824
203526683163
-472695787877
-57315549690
224670111496
184917912905
228504966513
167311360049
-95155531997
20854826646
-222055765543
38718741686
-249471227226
383546382210
-328376455364
352339021199
-14567213372
-137083979775
-224827068034
-391406854938
-392977847131
310836277784
207831962254
56735181754
-126160978105
124658466067
-266032408819
291575721874
54538023891
113637136796
-241414199963
95745876001
296273397873
155485837711
6327717990
-321208290438
-114189521820
-28913782132
183406122663
430411338253
39497553308
93779500848
-117635664872
105916079539
-79287786228
-15627674908
131417415802
351506685593
-143113987484
-184779714180
233741245487
-289367268058
-152024138480
-518413803576
130804718550
-309087947191
-45525337320
-4272211236
136962242050
-386189494377
-289521101924
-409511931227
-220141616903
-261166172180
-159286272942
-251801684011
9621052208
-273605051933
85833344259
167629386621
47503528694
101328626696
437325916155
-190368754458
150339135636
187348753491
278551611857
316280046392
-100263165384
282247899145
-297089465610
-300989961448
-302949871089
-49405063541
217977766988
162800205080
29830003202
-14488140938
-392980967567
-269355092964
286484962260
71804598451
-75532592110
171593539744
-289162913607
249115758453
141662610309
585383379098
-140981386706
178349300635
-163401087946
-8480597707
413935259742
105709264221
-303191925436
-157159405100
199915922466
-39107420947
-161568675517
-25727770467
125087248852
-92501510512
146701572058
66430455081
-235596346116
213283990623
-52777411406
576091701787
156915750189
-57428710283
-304121277886
206225358265
111342116012
262536181956
16993263093
-425189290141
23156262460
254696341949
-167956859122
12398709614
196558749644
46721509214
164049402674
115944751466
-245263837267
-281884916447
326872860044
107595467027
-73658410006
-295876727190
-81408442020
-292426363335
97463037071
-812303666
-309597468450
166824670076
-431041643568
-133830669384
53312732718
-235037286122
348606229339
49552708200
-209262536572
197571670069
-191697893697
-171303454844
198807811827
321052552068
-21590241963
-86985616098
-13015330933
-166452443279
-92473636735
218722260439
168297909125
385076173394
441329926165
-45909738429
-489350444741
27859455819
-54671243165
-167599450233
-227472108620
-371267540957
300532952675
-355899706367
-275892620792
-204183585545
-24164182330
438219276154
-177993739642
95567047306
9478135487
323920279158
-32954916913
32692046422
58470964907
185702957907
256978026666
-29890931425
-108891831254
43612363488
27279252826
-400062340629
-389541703173
-123708319778
-313529432926
548635969511
263397935780
226299702328
6455205225
21307779034
109364716052
-331457013739
76900290960
36194505503
69452107382
-56982502101
-125395795606
-142552516575
-30340209004
-33034479225
-667403792328
372679310037
174515176573
-408013914825
-56867979199
47172679001
-49482641709
-130730002687
206937073667
-176181210931
57205802415
21530260240
-4588099960
240016800770
143067259519
-233898012375
212439066748
275717265318
-357093783645
-168403674613
-67283771591
-158990839916
-286561756394
10255501924
97229663800
445923558039
19495883476
56816500048
-176036957274
518489832261
-9713363239
-199715058212
40868941692
-53446269073
-194573330695
-200298660819
-295772735461
-143035639277
427035670491
61842671181
367463494051
421648796943
88329965759
11693428632
253111247201
55362958910
-3892573953
52275247757
8126084656
44500332904
337636387597
286233738972
198212822838
147151589085
329142135819
19254783953
-369911775628
-210576832428
-140621184778
-333189158259
157935572193
-120253004800
282420613709
-94188422567
-53818520588
149830883394
135683217089
-6612705361
-265219772613
139610353702
191494081875
-509249660237
-175669605654
-336257811545
-200840439827
173576426287
59361292913
-5851403632
-459849483140
-171106867554
211093744485
-373425739272
-427449165365
90664445674
-294644020306
11686677760
25362425879
-243833473748
-117872981667
-73129807175
-8730572718
135512553140
-47867011113
43265970964
-108298366201
-192411134909
189369625704
-187695822237
343680605918
-294255236418
-179345224465
306044728461
-69201078828
423909745440
-116608204870
39545960588
-166717407711
-404525544440
368798959475
1872453295
-169943877878
155405542345
262277040545
82170072734
66856372337
-255030264069
-32066235640
75183959540
176330483585
323142413703
372172360224
-184308505703
-93713729134
-5761454299
50833552527
-459637058707
293835265735
-283720281635
312631576827
450127260776
-23217008695
97468879666
248126048675
20207066443
-93828751513
-56070833828
-4315961968
98767214414
-238553525030
702258801842
313446276433
-89382503590
88635857044
-129458600813
59239425663
5896415561
44602760095
131101774113
-144319865927
14011893100
37157541965
25819297231
314682624926
-377319338254
-46749802013
-10713640087
-346089469392
-180716961998
113535496104
150149858253
576087064005
11932017184
283415741597
334372413028
-78377615486
-676146206
122757286125
-308582193547
-56912483345
280532908460
-143316053344
-46101280412
-226405807448
96902840664
211725332722
-507331482045
51035773952
121723470536
-50449822809
43783315546
-271157824424
34087759035
-104944193833
102521811193
-424949156813
-372336028873
-18668345575
-102561545152
212657919249
196073780046
-16748302246
392620438118
165599364397
-394664594804
-68176504183
442973175230
304771067890
86911737647
-43604297601
-168960611482
-169432593421
-10540258037
-22387419828
-443367202826
-100966222217
155358998440
276764712149
166614270192
130851482800
156224932446
-181812177466
-265984351073
-173843233417
-27159314649
-148647112100
-424327620758
505467642158
221437152408
183012284811
-93504402066
-76472774603
364731847553
85987498945
4910263459
