# Packing of N=78 1-dimensional subspaces of R^19; each block is an m x n basis (integers / 10^12)
# m n N 19 1 78
170583564383
-14123166324
278429439766
-170795046642
92845091648
135319392540
261846174623
-240836218689
-434907377491
169430011752
267524314556
-111623657918
38996521844
-13533240770
-173508474652
37024530319
-97393053328
-303105996966
523538191989
236909191243
-415012221750
118232170503
184090068476
-156765118912
-347060448307
24313172102
-115876468275
-388849226812
76326866172
-81405387635
-170428894929
403693579438
-88993456268
299226075372
315021866096
64900931503
65769872564
61827357901
-10619327716
107292218357
164862496496
150484735098
-265465732143
28594494409
-232456370884
-537405991129
-226370419581
68973372468
3964216878
95789415851
479835925960
-39681744808
-127738953198
-240649035413
-376684461833
88849870434
58269968533
-101992697733
-370737560077
-78980485660
94446179637
501510556411
177538322255
310513667135
-106876161081
-79207552386
138340878275
47323634655
230498606325
129829939945
235408906856
243057693572
231994170278
191538715948
187393646183
329185474251
-113019774889
-25383539284
27649931916
385559219641
305246549824
166351129013
96915880820
341886303460
-289361615631
189323680653
46569063791
-166175264895
-366470986049
-93454889311
400256688706
-287354085762
-161617744018
56576551981
159826165671
61202072928
353556594435
-396463318546
-48991725387
182255228700
27179894250
152740645742
341284934723
291929856941
188548586025
192620435053
331434083662
110746715792
-133109699480
401435204449
33673190667
-168405444530
129590928064
181002019229
-42132559118
43132286543
381028823375
-97196978560
144194161059
346100779087
38093753416
-23616370500
373758944581
85137405940
277787319111
149282044653
-42476406237
254862123172
462549940796
-29495341481
57402273615
249264721995
-325181982192
-489953743083
-99815216560
-429919516947
-215740686540
28972588721
52855605416
266815497317
-53594230741
-345149745879
80365506130
232389014755
-362200805660
-27409029231
10820230550
271431492834
165765482202
-40719988862
-160803734764
-24348705839
-48148002730
144680576925
26371605821
410851024224
-182164494889
367379676166
334926196688
-180621685625
96379155038
362499227130
224431818099
-247553591503
309871863601
-160226727640
210259123134
239479898541
-39296148851
49037052746
121471087622
78776252552
-92403055132
173012579147
380021268692
-447347856358
-55923080293
458187688786
13637668849
81845562383
-419742893446
61657547175
107883285713
149357139899
-185758911514
-303037444044
-12009580536
-215287052872
-63696015220
-4268837995
116210637595
-105808907313
-140503794221
-3509061508
140929869903
-109237842795
199086216351
-288247918624
59932999278
490417240651
-172508553289
-190457654058
2312522793
-83086184029
-139617804953
292063910031
496686366516
-363896390248
8614577349
-71190424496
493480239424
-123635216114
310490900452
317389300841
-154701176054
277823668365
-126704828700
-24192250342
-105947403128
-173645523326
-189864534597
66411323848
-228684114988
-31094943478
-100635088618
-403149902304
265684072566
-207074582645
242172761219
300267162735
-57834371929
397242988469
-14407768756
-34820199134
274141937075
385932460095
205420979497
346098195267
36492813892
19255043713
27121856347
73694853300
-159641423996
-42944122295
56076991789
-247263430689
-450625475805
130914237998
82271969366
-7366207806
-11109941022
192194423126
64380842144
-309394995268
-239828499995
-99088389490
-116759264255
-100151960493
579334875654
242797944525
-236306860109
352622894367
209077997036
295189757829
91277228828
-184827405299
-173917693722
-140104778681
4530725373
-353194529066
55106873272
501584967437
-179469350985
-199851324786
-93429007856
316802244254
288507256145
191877186575
174696313876
-138427830888
-156865622515
360819469948
-200306518733
29482914587
-154809173976
-2940720570
-6539755115
-86027796139
-122869298281
-336209859105
-10333161187
-160204585402
289710555911
28669306807
-145461088886
362375281017
-205768171784
391050158600
16629739956
-72675558315
396640343157
-255716016655
-46935509687
419137733509
164417651567
37809949267
-96228775636
-26308612864
-359988802119
48939149337
-342187832010
214737494300
-287933942368
-357098781611
-226461680821
-23513240231
264577664648
92357290284
-74712843124
-54731082691
424005660077
357010106586
98916404262
105396791816
47862672340
305913859505
53668976682
351878994276
-133243330376
-299880920527
86838078773
-207120306152
-410400664654
-17943218448
-379335994225
-74066904448
-57247021407
348792458625
68428114313
97590753445
176323748639
-346170458837
-249849323508
-304043440686
-35465396100
-100119151624
28326377991
-225939259762
388089776079
217829229979
466090515272
119773042257
169696566665
-181519801548
459935113639
123081158564
33794300458
131927402731
65380510253
53735398333
-195464805893
-396504818223
-311201061243
-223882478739
122917619013
-330021657874
171112967807
97332971276
12907980489
290956615967
-263974109589
-408406539985
-206247010325
-41114779288
66701986381
-19772540196
233501143620
166530439767
-221678376959
176840707539
41423061012
298369209297
-61525992735
-84899707543
187980151747
-27313032302
-357568218838
-90578981945
197993602481
142193989367
297287516601
164809763376
113388322832
-423138052620
-333152029348
57638571419
250911048388
-121791783583
408848255516
-67473168584
96252151992
-266563516736
26065840855
180304650924
-355043607013
10865777723
262534458083
-238717259502
197844869741
-11034020579
-96002043095
186321215913
-507603678507
147818446509
-201003734926
417621649696
136144577827
-183846360240
-367252198015
-196669532435
259258785619
144676216777
-42375394067
218519117536
236038747260
508871609544
92766403125
147296598474
-126774457680
426393781741
-75557386920
-43550375861
-13501207867
267794982594
-236520256803
86371452724
-54777237892
134145106091
-158467688152
-97459880008
58777416974
200197464639
-75229000368
-112984676770
-192590136759
170380591264
95382185241
168175174341
-383423587071
148018362443
267550487962
388073601959
-42549017090
-531061545768
282492188194
164889842400
-61661642467
373175846279
-158046593001
365353080668
-34736127168
-134552201765
-296996109671
-208325333576
383228878433
248871881705
-276666258399
-229898242287
24596289437
232140118956
-154188163876
8765527181
-156410098357
-238597190762
222760905774
457436248713
388351422316
-258715193812
-37994956289
-154999827318
13888024320
175500153787
-121463571351
123048921853
89884547363
270821472442
-165275679938
-321807162015
-88295711435
-274561599653
357424991176
-185567630720
156390910316
67229650167
67148535186
-260726561409
408903448775
-48502188652
99209564066
3294496692
130747277322
353380864386
-145390297584
475435652713
-127953433049
-181109664152
-10734424569
227109560863
-118482680993
-131736695590
338745699829
326890656011
-71336815420
373398167303
-1838964139
-274990726831
100678644832
-314467530323
129115320161
-52185965356
-49922552942
-66444991248
-156656794264
432154304767
11621475634
355586324640
103931037416
190386538064
43080763679
-68749276076
112412770206
-495459426261
265680127758
88995481856
305302599331
-58655452519
148474957781
197087174275
191722196500
54086391115
-75734115770
-169615292877
-65713103477
-29101940110
393150739804
172697138948
-144261590767
427324602427
-168082072645
511460664694
-83364063719
-80592586380
85720136266
230785442543
-96084545698
116366584144
-451602203361
191880838371
-109881125777
43594773702
135283704137
45016422874
11050548205
274874011589
-3262617730
-425884720355
-508729210101
119331549162
-321501325386
-39766984651
18275742298
21246191719
-114472825743
259537687609
129252455795
-39465163755
-59398579106
55040870927
181368326427
-89793006261
160890830204
-120465341189
194574830255
288841203426
607132034179
153507519791
196506456210
-509771354258
25105157866
94893702271
-140565937322
-213383325951
162823883144
116232127446
-235464563965
156457927247
40471209312
-498775448061
-29921443958
249605866513
69676126744
-73821625828
440528321603
-90556580532
-109953891413
432841355796
-177523096168
-220500576010
150427812283
-242858802876
228804292654
94783893417
114765775548
220490513847
315264261034
184721648477
337675730438
191824498905
91991380142
197911829509
57519896706
-401320142679
135943114525
-330782168167
313950365097
-208961708798
169729646960
-317110675145
59974252014
403798986082
55453304099
-87909955526
-65024810538
-14145549863
-253717881596
-344592470390
172034543389
223722745033
-10185540416
-224732373816
-108239656933
349088509691
46372895391
514074885254
20726328697
61271863227
-177020531118
307443361126
99674609891
185387803430
-277926569767
392228145201
-432913840610
283985399765
32808684307
394326484650
-46970764541
183256303519
89336394774
-134574193858
163087073374
-237054627846
169595519046
10421290107
-24016633895
-13860507414
-407413470139
44058551110
410448502726
97858537159
205012030520
-340825958326
-84909586423
-18660467440
145019202107
-60848938420
188769030313
46723344810
-216978894454
68022540647
151441308739
-271405513301
-389772740608
353993660895
183679730325
-308177935425
-248321567901
-78190555282
283947525258
25839294323
-182635950663
-351939420272
655090575222
-69584468125
-100867152113
98920979825
-270380944480
-9691559189
52507601539
-8743535939
102175438208
5610959207
156683936029
6985125601
189106283520
217482975321
591543376126
336307159264
93245574402
-37627427596
-53163641011
-304906518775
19269421774
-192961395833
-83221280250
271518351824
-37907429466
-213564767065
-75367002515
362900574551
-27186274073
211054000536
-454285241861
185800760358
261898539483
-258068490652
-194710836383
6207902566
849977859
46502502832
97676639339
296357670511
-161682922439
-127149150418
-75832131209
376956423719
19379171221
92987434592
87815256998
-413652526650
-329291783970
-126193029024
21451463793
48999473806
-213804063363
227488948190
-193564056304
11470254838
166567020793
98116114215
-133154598660
587804383374
-97568724141
-77516536314
216933870310
164624596349
-376056463916
198012807185
68710987753
412913967563
117581332448
-143722491244
-121927803746
181830036313
92463613222
-235605127727
263493857473
94915309462
238692346042
121303795344
195199858868
319528727554
-339230651012
400289471148
-151345129048
-160843952980
-175656651834
453304551082
-52696907331
-6298282087
-20216142551
202350053558
453503117916
346135418529
182437398129
-74020421837
260196588018
475421931289
-235179712716
357311669451
-238612824295
22081615577
-55583004609
-165735407116
88609711870
-132142142493
11835014621
64998390813
-402763401344
29832560037
415149893452
-137735853347
-162254845577
400994466125
99480349507
-4294028008
155570403715
-99683111539
116507954370
-64982566901
322702864814
45554882525
-346934239532
-126871501483
245856661995
133448729143
275083956678
34703075772
45078684032
155154544997
-200425009690
-140521043295
209594635251
244972129401
-185558031380
169439167268
-332191668184
510126694984
-230045203669
-192099554685
-39919734241
-49887442591
69909621226
244561530560
-416578728089
-207292541930
88524467084
506564772860
120682312448
-299536719851
-221656989783
-146648565584
-277269189402
81998766438
276355586435
-198006005933
-69485239725
121177584890
-246872586678
196489269077
272862402792
217375018849
200821235783
-42941880850
280188140233
292281024711
-357068024968
296069410266
145175507274
-51987197548
-181866214415
-87288701257
-357031555959
-54755214123
-280901708809
269021776884
238155787237
-155179735348
83759846307
345934473682
-333909021704
-77039965086
-162777160192
-42233287423
375659579197
-127123224011
61178868828
170255460382
256147643470
-234653731901
-315157244912
174841452067
-114942886529
30788793640
27834749375
-137817870310
-254727588175
366027708115
-161986734693
308320898517
42519640371
54482493534
447832173533
408746996157
-368821439588
-350631584378
-80249238739
-365147916101
63184922526
233016448913
24591369970
73069307757
-42171917178
-140720772909
-154054437678
-226555595768
-115891435725
-210527003199
-300939075941
274236963994
8392940046
-222966794154
237547576578
-32811180613
-68263557651
548444240304
-261030574755
-122341778805
-310678515865
-136906182357
91371186812
-192636587488
119542489509
-73137805325
-219640483433
-263137123081
-22475468860
283106064334
395974220283
-103523045595
-89037556827
61973814628
-308708351632
106506776536
64583098813
-300167715348
-274601531442
-120243798330
-168445360999
148932934910
533078921588
147414093274
331082770560
43878272539
-223270303378
-39585911112
-61008354053
114505802434
112158773808
-395662261302
50067855060
-72729938161
-242329979758
64007827576
-89206024862
449625701839
-113563139249
15604681627
-347392048391
271310395776
-219505523166
-132687151145
347516119016
519013028967
-136386475
49643234036
-40656789953
-201946512739
104884362972
-397769429489
79091615312
29590196853
438214886934
53420142730
364108547450
-157370287512
-86277085854
-234342381648
-190818388257
186842499591
117583179036
-196066754425
101180789674
14808965157
74691064992
-85387688190
-166202496985
-495501964128
-31097520590
-22710124559
399199169084
-147756258630
466596913056
247944602616
30449104876
-238597172226
-15096502440
-435067216359
-87278807892
194339466239
99042811265
-258264655652
-218803292401
-120185701585
-239993940779
-183701218409
-123331718472
-400306954584
-145298899807
-2959570801
336199296899
8496537323
-231016332009
190869249369
179365631564
-189936609357
-225366233824
71376213196
-256083417345
-105981954667
-34025523859
-119568187144
238381314615
138917041376
551938084483
136290741463
-57414827516
163793123626
361726951399
-88230033854
85913337838
-44559913212
327033568620
-521922424045
136875040307
-94954436468
-368904705133
-181588766130
259776936737
209787107796
324411744306
-10354513436
90527792363
-21929269872
142078937029
165202514614
234314047938
159327938204
294501898190
-132424757154
275991662261
62030663434
154441579232
-138155416214
-107117476795
499557571517
462723018833
-44597414489
183685295739
-39663449664
192147866719
197914719797
109316053910
254373151526
612001028714
252229641904
-47484070631
-15477372228
76558796242
231871372504
323893275790
90222688036
-281809113751
61390692127
-130589277093
-84856537597
22546632295
8812941698
394172761904
24213694573
345231920474
36053924411
46896217962
7307135274
229716253513
62483858928
-292535042643
275732219195
143223451207
-222254855273
529272212397
45086839975
-184443066316
219101222036
115760565557
432392886772
105224436849
-66626503953
3788188269
197979261525
-175341572390
-248477255960
264017665367
-127540148663
23820217429
276838299925
50407834705
370639606252
-174140306931
-241444255991
57030786300
423137593836
378163146604
-160979914772
-323063026401
209935202977
-172029370331
-241632781506
112523096679
-79803131385
-40170384716
-19554410610
30446806095
-48677422888
242917902974
-417159048120
-264905351042
-252326723870
173624534187
-101802303064
-46463876011
-103921717808
532722981830
140060286058
339836586602
22307613567
36788439357
-162647295257
-338719020776
-118505787445
-290719780370
194980715980
-362759020040
35696985679
-73420376327
29543584092
-237289957940
-334056196375
15518632592
115051246511
422054350040
15893209987
-170564698717
-176782286192
88313369082
-170065880685
-20263608200
526120474965
-65523315808
16884951789
-84700874902
294349713714
-45290639958
84309309441
-408314368796
-336094511050
521057409711
329817575705
281009593803
18236653869
-39560235958
-56048246202
-1745833304
253502306320
-104484691537
-223390842349
-166261248851
-6620277390
495841551756
-177221559374
169368632647
37240170179
-441963634057
202047228983
34753915974
244663663859
-138428442381
350530231176
5562930078
28564278950
-32687893257
-47212601636
88900648616
-93264317830
-456063205568
103704024067
117940796307
-374548951712
153711098897
-484590896671
383453024865
-108227047765
42597993577
36941886794
252956876053
27713671086
-172557840338
188658968887
-72589276523
365650300546
112775023910
-134134484225
-362385345247
37533216034
-53511967112
62692658150
-131489089612
161644779884
-103552559441
129765674842
-228205852247
-195201040224
472039894826
-213640634619
171230463277
-29527806081
26032588052
331752986434
-167947535559
105014407481
246921592632
485887018965
162098122291
-13048771802
-258278025639
-257474136120
-19608359716
49139054418
159116374738
-51106622135
158503056515
-286876456994
-231112268673
104958815058
218279165084
-205110838062
273036568597
-222814664925
297486697265
-291659492978
318446602885
348852891713
347010404385
11379194812
-92332072981
53091793900
178246473835
195242875682
99159690049
-173055370114
-316663931772
-52159683803
-235594651162
461344690546
84302507714
-434430597182
-157823712651
-364457779052
-181253120195
267059214477
-197169140815
58211800279
-87355378278
115270395865
193087965594
490763612497
212194949083
-272688355966
-406593681128
-11431866152
-140463362306
153410195675
71021099224
386430460747
-229104297136
93756370950
348050528847
-50408965349
157393734515
-17554665155
83451573070
-95417890153
16005434666
491316687461
-140586975896
85503970175
-198077429754
29692585929
287602831068
-236518271284
-160141235459
105149634871
223977884759
23535218567
-151877670622
426744451189
271382429800
-321466089336
-240330037496
-141948984625
70762195108
-210333560064
-458929179635
136489065437
94980362926
-376845362431
114095057443
-181138329599
124345124526
92132849163
-48516350621
300626373310
-438942292463
-6651414701
-303992905047
279286355851
-170958116442
-17537719860
90822396142
-109825998068
393784424951
-8029616158
65675616016
-171542247966
-114937075142
230319617554
-245323937440
150217320211
408863808979
118893533781
-94761267857
-571109301236
105994396879
161741541219
46923716422
234721767904
139421072623
-23872389264
-175989660834
172349966176
413933341987
270875402387
174841880144
-162771796200
-347757944207
148319054943
-66178930863
-76449788995
280892103516
-204682812948
212659420837
30476375016
-415707297400
204457130817
55942692170
-93252395027
-286381429134
199887577064
184579788962
114934607803
-232558618155
-39850333478
214953684005
236884578558
28511264191
-180125901844
255711121574
316042095415
-50361042946
94655734334
500276183359
76506027681
-158023843998
-320295302897
271805316989
336154800842
-118895751742
-100622060549
224239335561
-133046802092
-145882255469
-459693352785
133509022095
283958531238
168731982451
-166143220822
-137825561322
86623741850
-62865926103
-231067891943
-404570241296
128362218476
-165689751751
99788393045
138290508801
462846222699
-213996093076
1252544441
90512057602
-411674871761
31252234710
-496844048168
99938045757
178335529432
-188844672789
275448881809
296100383529
200344159071
-96911845293
53158886926
-262739361574
386582397195
91339927779
46259780934
79920744619
817561274
-363352188033
-485461889192
-253523621813
170349334440
-300978503892
-225035880337
-86841801177
-84937313686
92901394662
252983799674
265922346017
427203919881
15843547569
44570370113
-124638261653
-95601431621
-148744490073
90205061829
-214261691774
-88890216799
63434232312
318227592084
-249202405125
-281740337042
-67224820896
-147758221122
384032270643
-61893621324
67948978827
300505825951
285155964138
-52820235812
254835490962
-14653743481
158650164253
213253448846
454892889144
-81969541537
-84710848034
120021915159
-182630568886
-365739823983
-30237963628
-254298087758
-188997914365
269110634208
89080298962
-182219348735
-104223196867
-125013983934
394731305494
70665454329
-571993846153
47448894581
261109949751
69385378448
