# Packing of N=80 1-dimensional subspaces of R^19; each block is an m x n basis (integers / 10^12)
# m n N 19 1 80
202253271303
15259637479
-201899523487
-154436125191
3591963064
-133047851920
-280295170849
109446329440
-295711791387
-81596308743
175495008878
241302580914
-116818500052
472494371303
215494318616
-33675602556
-331181579831
-351765975245
-291495408164
292965499681
19897967409
-310664822198
243042428046
-179495558694
259711914161
9311996512
-90476315251
-213234840393
-53385644298
275313590997
-252277280667
-259140847328
-19035721824
337619532621
67714646701
-397342629632
118308980596
323301962103
50034863002
-355683668934
111719785995
-214419940872
-88862085839
-227250285166
426967649711
184025599148
437235867884
21035083222
-149898585069
-196037537629
22825852618
-215446845525
-259451055864
125410124258
-333977194658
-42877715579
-202346985922
-62283051080
325970120774
328004994436
256829309708
59387715887
-41343319541
101108331191
46992937495
-296116700778
186033770254
-30508337058
292586490520
-555627654656
257869396503
-28791100841
-48314190548
-303814868278
132122363986
40931092001
116875797299
383927724908
-308493266485
-253571188374
-121371810273
-112320016074
162733461471
269170636838
294797966297
-205720156173
-77537142895
-87967332017
126941577108
193170648623
-155725880651
-416552991538
50397328222
-357884770548
-168513803594
230367739645
197245358965
-174952340194
-203614791504
40797594926
85263261263
-172508137728
-297454685215
-99766587937
135823979822
-218549618555
-322852172278
281852139278
54436729509
529629218707
-345897810236
-121932001403
-19785631003
-174845052599
-343957393661
-275404203772
381692191650
237782630944
-137284192225
-177375788510
-19845344351
-221266126945
225038302150
208223467879
-119739513482
-306330422900
-81257139726
398508228716
-191043390887
-92430585300
-42097098224
263047128813
-142692195220
-342894253926
24960846292
190169750880
35287750848
-83953548790
385014996710
-112660457746
-118567526702
306066924680
-75525909577
408029658483
-234964791979
188258948848
-120340597343
-261963618927
363154850041
-157866662781
12087105381
-256475939900
126929708355
368612674911
80516116864
572076209923
-49028168617
-188491660513
110005536597
-1431256713
271935663389
-149064769253
-66178942055
-174305147037
102666512155
290108770081
317703548497
-281712605052
95053608698
82541676708
206016417351
-407543541170
-305418803729
-64436900683
81380519370
-153137348576
-127304209847
-295981789537
-320847610203
-372790161735
-190766548319
-99997683705
-67377583391
362141086572
-31130254567
52004948242
28246703914
-196335303927
-56673833331
-363821541213
394565981330
-131043105612
-18440297456
322297160482
-313711539143
46620073908
436650952108
-269015892043
-16753066580
-306187145381
159610917176
87073239614
194712161529
-301662775717
-145464475051
238066314285
61469057895
-138616864984
49774233109
-481728826375
-194259969576
-316340461094
-240983819427
-448314078288
191317999225
-167731331700
-37179253352
116475326669
-206762712705
23069409454
-148576072702
-253729211386
-125030546333
30358351816
96925445590
49880015517
234267401508
279876412269
-383879705189
-31007026199
56854341643
-177724416965
114183457624
497660897150
164947657803
-383024487466
-384093725454
92420486701
44427801292
-193119008087
-133836453189
97435167440
-32803257683
-304138454938
-108102060466
228329624547
-45781893661
-288603439616
-228123721429
-192793880055
3926005084
-186313898593
16957270269
284783094345
89709089212
-168966275500
505246092714
-477675370953
-155859590413
30280031068
-80383307300
65756763539
-214920758605
88013889645
-176707136552
-264912991838
52465970442
337686825776
-86784854912
22058092802
62356731438
-99808924986
121197641411
-110250074148
411827852019
-308887184451
108425442757
-441996927822
-236268837811
-431154893237
176036103014
156696552474
-44322270117
-248181445588
39411634356
-349161220192
-330824630011
319006108063
-341361746774
85534497989
-13857538664
394191317686
200250089947
88191331565
321069749657
66548883530
26054146448
52210175236
182042081795
254368271894
144626493376
165364050699
71098352315
278383040733
294175038495
-204604648670
-54437990392
400936188366
-13235820753
40103462273
146105970150
-176473984480
322360007779
184056105462
-363601249133
330788943484
-345206690114
62945089884
-149732921171
-25277092541
243463760468
-36418886809
-259618542863
44092451720
61695462068
-456407946900
-402516978267
-52758417880
-137804994135
582214402620
-124301611769
-110004227954
117050295486
127026610595
-292400821264
-19435759798
-152765209616
17363766995
-106056256288
91167201867
132327406595
243312832429
-313454266639
243652680628
-475947648443
72261250025
-302027654210
10134651647
-92491223774
127830791045
-177187741750
223063324329
258828490180
158870928682
76411784436
-51797521890
50159696794
-403876174740
-283901776642
204551210044
-156311122645
227575384738
-389719687814
-44799214047
36828539633
-251567328221
218694944469
-360780070499
-415161850792
-256735417774
50433364830
-315675367139
-230724423568
-193026305632
100291413051
-90712276612
-108510317191
149718764583
-160742505571
205945602986
36146091104
239640487655
-52198746126
300378612226
168377870383
-54910324233
268811046612
166747637808
-271433916573
-232973579388
535330648940
-134397722747
-120429771310
-134935751376
-243122996904
-383427727201
30422568134
-157913860817
139963712104
-272954609565
27087748500
-300366214619
-160260759900
-110152791230
-318685210977
-257019798334
-64388296717
-8838504898
97874996966
487794657867
206145734830
126483900989
94906520709
86929078895
417054710778
319391366558
16604106849
-161490374628
-158401419754
-25945178936
-272180859079
-9218766952
-282760360335
-56572391695
91737097943
-248635896924
-13696426327
115120946249
-62329124578
-95184106173
254609777188
9533963877
-803805858187
-65446278897
-19831219535
-66829068168
11410650215
-42283393151
190161983864
-251769850984
208065089294
21386607439
14918370776
308308415906
-64893872745
135007138043
357852760588
145751699550
380618164708
369149178020
-80985274796
24442915275
-208729170462
464400717185
-155298019259
127461098820
-45643010260
-291944427438
-163918982873
-3781193722
108933066679
284991393593
-131120810214
314262103250
-234694545562
296120918493
96308060202
-123348930017
69996037491
-276119961546
85841513890
-403205975645
159043780682
79249948831
476278576366
3925695736
-192615075594
25511595261
117446164197
107842904780
170981992852
223052981301
-346300395303
298287828501
385695518316
189275480584
-376516533827
226258073772
29252478396
35420793844
-151644821656
-225329018357
-318471570556
306716421621
125793282258
-388842603580
-8247257927
-310595224131
-174332838248
-41711555876
59961404523
-225015335335
-389123018661
-350857853170
355783150201
266831974451
-30389275629
-9120998685
312162307575
-145077722480
127342072202
178315378339
101341829199
-350595020218
-92590065563
-7949830689
270050774121
12663683864
65454780824
-107264036732
-628624511950
264618585227
-222824451550
-22303924156
290872869778
48315350889
117011954387
-104449059702
154216882852
142233945869
-163303352246
286365529034
-11311448419
3971525659
94983513990
187642192238
38302589877
195581909621
101891621756
-322288675098
195572003090
131834620874
484910427799
315190358341
79814820807
411577930344
306721512047
-94050791942
-111331876886
227360332355
-262228429963
101910313252
293892011943
255149672231
-503503964880
-21178808734
-137128995579
146250727765
-140812669230
-28905261333
351740927748
-185857719543
-237671735063
-294267166604
78377671407
-11729148948
48569599670
-161316432563
-432726634787
-7583761849
492573544116
63857547556
-108083949364
289467202066
255868879209
269926031638
-267972170569
-137973403334
175586683370
173452678019
-255935596075
72149340809
310780690208
-123477526075
63156136628
149607985985
7385126466
141420719357
372509611240
352016217563
390527265329
55113545842
41226473453
-360209105940
-320466943278
93315961782
-124425946383
-85851880081
138571901255
335703010572
166876860735
-247723737955
-182819724837
301082823120
-131130918465
150694603743
-85471506131
-249857804822
-280270775724
360929781350
-285578855247
-24158558928
-79703078222
44355092710
210530447980
514634811854
-328067228602
173370612108
-13562548998
-22449733537
-77600600850
314217526712
-76534892683
234588447478
207185046547
-123702993816
171177488967
151220217739
-272459196754
-129250544840
-285531129637
135950884190
261304444988
355323020979
-354127097877
-60787190754
-122478511653
-276540064279
248595824979
250198124978
251785834720
-38940888086
-108154319773
-41233737737
-390061890709
-127333336375
-108576614415
167276716738
196152486475
253002256499
99851374230
141629632428
-14941140551
273276003220
-438600516112
-18533930784
-80909384002
72334262328
287403989963
-338886873192
-412792386142
92732604620
-336963395898
220796470719
-97883893308
22147215845
-97704040212
191700286975
192381805906
11441647094
-69926457903
-181571588300
246823525092
-311453394001
282033814150
-318833174602
-246455662148
164997335024
232044174740
309170761101
170090200931
-327897342927
-265790902011
307578193015
303747407077
-290884503951
264242945261
-272746031866
199202984948
-412680600822
-84587177361
54776088718
109869741555
194847124629
238084226361
207292195096
-350010158428
200735394566
-73032561062
86928327534
50716754181
284115358512
-223807346061
10907845125
-97890338816
-86441339002
20046624466
149817812032
379003182643
-113896809924
188364822693
348908878348
190912838735
-25549745892
235570802105
-262753105285
-143499101294
-100103273115
34205383355
-425836085267
505826418794
-124626811433
32586552767
-51006167607
189295934171
91416377555
-87206471143
342931230316
-141879027239
54806489735
-316076055389
-331520769217
91429000410
-369103193347
-40171127884
-477899106405
160497318345
-60157201848
311625266234
96455395087
-289147626015
-222162391803
-139058250701
-165108511311
-374920335394
355870133823
-70663287441
115577606677
126078362171
-72703660437
-341886448126
-226040777660
43494435070
107841428698
-360482112186
97806271308
-446134105606
-159039446791
130902893132
-186610545416
233647163328
178413696138
-21519793010
-76248304734
-390597923560
28281997148
2676330092
146903034651
193207495900
-369024601200
-235439889922
-83542696545
281477783812
-303305552401
203753852950
23881372755
-274931719462
453373018978
44522603426
-146227721974
67218749760
272008281231
-157920041413
-470088363744
-328849432280
76150066940
-109913229071
450391215498
-63454830179
363005284919
48630767215
304760643796
-18393555268
-61054196539
-173293615971
39740227627
4219510825
242028455029
-180829628713
282934592151
197499596944
-31882857369
-240134286928
76538456329
-411939053356
-366512114741
47705464482
232893418401
-139240247662
-54766140173
30693914226
-128020605152
-124508640808
-47207999759
-503265884862
128916903438
309544326011
-550413326423
-163724195968
-324606871826
252173142404
133325546857
-492561832693
97844582440
134330656106
230968449191
-1809978422
53374305605
-235337523601
57439851735
-61038420488
-58540710924
-92943573353
103619713410
-154605808880
218985567107
-17147683790
-85380551619
284947526027
-57192472148
-380835615984
217045042638
-193947607767
205919601938
-138792285050
-136294289152
-93439844615
259842829539
332541007565
-142305493681
73774797785
285524995984
391971943629
-35490570214
385999010530
-79416626781
-82052417498
451059846901
-29068319978
418453907425
478400753647
149423886040
19258766062
47976147233
-109088864477
221850470421
374104764964
106421325724
-292960861398
-32761461871
-155815296117
99207247474
-128681058219
60932922356
272390568019
-211204986958
398081909083
-150171873030
-226990881161
120542907592
328334133159
-42167890225
-72546585768
232023973550
167703701814
-164251528199
-31303633113
13823081046
-299440424806
-377394837266
396637384900
-70314881162
-121692629717
-76050257366
-352204783781
-217450391323
224540566493
85394294171
-56467987364
379279297216
-307767074448
86836214220
-290324059053
-392723084069
-270319438015
-72275501608
6881414024
362974968948
126085182624
-60083899263
215773838200
-34502162482
-115892541725
189394081596
99241008173
-350501870915
-340454496216
126358475697
435960874253
164124839398
-32339067186
77182251684
-235798053560
508025658809
-2215100780
-175847271719
-218632544506
-188864196700
-125436242542
55163506956
123514661236
-76094854661
50043968372
-213335996660
845908413
-258586174673
74040234764
126878747502
177136052406
88455712001
512966263356
77615618943
23948212107
223465067654
-410101980148
126008757660
481363970633
-225004774562
16611088889
179440016187
-60121933446
239011484637
50596882715
-130065428244
322907907547
239586660942
-141141348620
113787851249
272841966118
1585464203
118739577705
27036523669
418328962409
417614099823
235786932030
239176555859
126572155662
-387437190179
87389951111
120772106531
-127166431086
73040286757
-82341865252
-355878293159
251721790504
65370198508
-220559729871
277513587373
-114216728605
223905425230
136088986535
-430708629269
198737217226
-302778585834
-149908991222
-384873123439
-260012747501
24364270305
192713531390
-20234733589
-246304684819
56185164612
-23506465431
325104026311
49165428938
-36417659417
-478732988719
270357663682
397177193650
-203853956403
412488503478
76881711463
-78740308454
121368274227
58027900531
-175875657352
-236153704016
-1730029634
-391784998412
556423359770
187344846218
38035895806
-433716596493
43784127488
344122311143
-156815433978
-235238002550
35914186652
-45313145692
151239001266
-159153940924
68542783629
-222980338002
22128592166
48589853738
56206153180
413538902224
-237407336714
136030696769
269808193305
109913908897
116608879741
-165817800404
167991689081
32905677665
255092910117
196622741514
-162072997201
-297714435318
-456081875722
-235931045087
106921175848
-146954893831
-288332191247
-19297294161
46296616536
570304135252
151595618068
-94625549261
-376341687692
66334849709
104144637712
-174639665919
-162089936838
-268838048559
-41092776251
-306770786841
-245390771725
98785513551
-275383379928
-16204158714
204179587848
224770276270
143761426133
73751882668
341755004756
131339336966
-99384162926
261908750652
-24412998143
113375484900
-128690777504
97412247556
211004034809
5697073251
-360809524409
27664939522
296415978897
202530885460
397292081029
-208475742488
474450236070
108392433949
-213213447078
193984880539
196550555327
335485512608
263101337282
-195852299003
-222223971277
-157179005862
-107256992608
164352310734
-183028891534
-38722539335
-185026342629
-443196061544
200257910169
-422682255812
23578416923
-238844656292
-59326127983
243193922364
-251942869414
-199897310789
456618342784
143406883079
-95884416026
382411232035
247550583494
-101807509092
293152434222
-22451344532
-225892225821
48415666311
196181150503
-286489561013
57615450817
-82315346182
284061895069
173536390481
144800162382
-30849144129
-118420492081
71176052760
-333391163341
222700956317
157819957552
79261367162
-57236105165
249363965274
-68920895601
-49530892836
-128215301655
130113101390
354831989053
-7030302220
444329070673
579767090800
-38899919294
266693138324
47002524687
331311554477
-189853267977
-249772973145
-325673236089
-204045007250
-195875418550
-155399706040
157426172341
32770692225
-267164790158
293286106860
-282517863834
-216200056322
368489989542
94250872635
153311471857
-173987692123
-111889143264
-222820461982
106299477462
-46971861052
450513769970
-250749406435
300002120964
-343098569570
-89803565871
-136427763378
361508744347
-90251479712
409150648903
74744653730
-235962761472
116189293415
84577653898
189057951996
-13903410014
-353702968934
252209691909
-181234706607
582359978628
-8711770213
-12110411367
202996133753
-263163213468
-214044048807
96174382607
72316316466
-97908808224
-125400872492
-64399178264
-119292102027
203113859385
221156905256
154511978127
-332546982541
-276832714948
-263876609475
-2253732760
357340453970
-517205329741
-284719606838
128250739926
58268646598
-21175934929
57737151423
-38368740555
406727479634
-83444517209
123527105901
379338624506
107872155276
-74536273232
-22367598804
55963504742
-164082324286
-286559434752
-279830323286
97119290643
-158103834165
119510238548
-12698859781
92549369763
120772985238
-117827192862
-146722971014
-156857642921
-160601499483
121075200080
6985539431
495279319779
-34670030385
-611277582033
-141249054174
-179409985552
-33756652347
-109690203485
155839313394
-145567426702
-190056174035
-173989565247
147230182174
427135677433
-82715302987
-86824735756
-89020756836
-18008719799
-95847211973
352512451164
-175615773535
128462794864
123415431884
-648069028706
213038309700
-190984159107
-116257021397
321836978422
-79416575807
-459056931730
-281248161099
-264044615938
-242642420414
230203663121
319419392429
153325677368
220113424298
-69789964391
-97654116362
-173344062526
-118238118752
-58536131013
295746994333
180746915089
-5008594995
204655207911
-69019835089
-328441042887
-189532485888
394683510030
-190467168553
-326312450093
33682975893
71147634251
-113255284009
244576524437
278074384128
-11981049725
-151177905057
-532864839370
106199167760
-62780811369
222934797
199607011096
252429651429
-121162249824
169819679998
-229880656289
303217251338
-348106834238
22054586735
-36013886367
-191311216699
209124913758
318289302005
-277419120125
396475514555
115617531743
-199213157349
-106849339980
323889004960
-228368332702
-42564367366
286478864740
274528384002
19852984911
261642457363
256524117790
56434914781
-357726786919
-502346326432
157265729670
-16714954089
55495613997
354477984852
159649706292
288158150031
-64595401234
-62858938006
6798262526
-345565655366
35400779880
449645649365
34437220081
-83969898438
196159996151
-164112271657
218477580794
141188335523
-120285284230
77988408375
-351529238972
-232006861456
77679666927
-40666531694
-176076217746
139191507194
-400385448348
345703137915
139046258446
-110513543679
150404321273
299076750061
-306964930709
332392891102
185472318592
548598268370
210541417062
39896288948
224777366588
67097711898
313758637520
99995706334
42754065532
-149100247496
-198420237658
-208537970043
-2127321568
86801705839
-49460424061
68242613945
-148987630894
303525983920
147753390374
199809133324
-290268570797
163918427574
428390665566
104604407594
-123566393356
-44175373464
-306904417808
273351000686
222600490374
302817261637
-7760770498
-419827983801
-92868882524
43182728417
33448665769
117639260650
-81684875718
258784920981
292978710891
-48704920299
-95467193988
-56622291059
-3479920070
177233668041
-123435055371
-344181500119
314336070154
36565473929
-516949410043
-246418309471
-455146262975
-59892883974
-340648242266
202313245002
-190520208973
-410939299455
67489863362
-356125694305
26278981855
-12490093540
396210194581
368234504761
-202074762230
-51847188859
-11510446958
337734524871
-77737708867
-129147479391
-73919105987
-153492883768
-93000225156
5675444906
55073073888
-42542831768
-167299244885
504127256477
-275531510310
-96417291584
427129389048
49087816842
-163519448446
73665623107
216879217379
161272420345
-77587349868
-504607607786
219522170941
141849117577
10441954314
269301768749
-448841775528
-566470862092
-73670987237
224026318448
-165955210976
-100933157942
-19976689328
111298564220
-302423277208
47075702006
66087111609
-288697654935
-42156335786
-240335741259
30843037633
-89615205943
-2265219379
221545851991
-31846060406
241235786475
-71723144280
105022632388
-105415307980
-150543746288
-161928060777
-177131210517
-348702258550
259181686507
-375455709469
461959225041
58307380783
-96593494584
-150444016166
310239589787
28588320850
-393747801426
-51349610156
132314891673
-31536937758
-58514156677
-22515678049
100064610744
-206554260355
-357649965197
202919938465
236395273914
29132424491
137512147555
-124165514153
516993999841
248490457750
-259277622413
-124901092332
-358069173973
248404667597
-250933791105
231560780640
-7866573201
69721148266
237769573594
-194631395687
142629019964
32264094474
97715507738
-107848430846
-187366713227
-493122773279
-243155764767
398044879345
303370544767
-175122432740
72414571988
249667987311
55887304221
-339460740009
