# Packing of N=83 2-dimensional subspaces of R^20; each block is an m x n basis (integers / 10^12)
# m n N 20 2 83
-112554540745 261790182702
23884313143 19719630045
-151304406566 456487485067
-62128631718 -171430605304
-304120286874 -14694303828
-301706073257 -134218324083
67977597376 -233828491873
-144520776995 426982024599
-41421343172 -115845842627
-94582694306 291389383262
-352069023690 -48907390584
143002841541 -252390379055
4538251040 72173948322
532024987956 198786522104
121930117743 89301251754
-156955777278 347886813027
86077138034 199576847176
-49966125523 164158903539
124106503422 -2791515730
498035665138 182085236066
-179818974315 384635551404
-163229184772 151386431355
90954305201 -102484852479
288048144816 77639885541
-63712632298 23905492861
237621700186 -308363727511
-433491825423 -260779951108
109869460536 310069815538
-200888667418 -29331059320
-77056515592 72532025144
-272478041249 20439433070
48640741854 -404419385692
23191785936 -264297886469
-136564718509 -49728997389
-332011314715 -398647342441
-512183961795 -3432138736
37997494942 -92805906710
132331915562 -99365808285
10110312096 49557533127
235697858158 -361252149656
92553556889 -150910784702
349607733931 -180402505931
261002863406 178159287707
293941887249 -220374018522
-12840640491 -300720372261
-332064943242 399558232835
-139791152144 102912768330
-189486260205 -129304013950
160468602870 -46320406264
-210260832476 -380897414093
-32617516804 -76201890094
47560606017 -103209904614
-173058035194 -145895266277
-76276514018 -338513107979
56583788449 326608415023
-341010326609 207907290941
-422821689177 -290098593858
-91513895789 77661442373
305190892489 -42805392385
-199920507559 -213312123645
-30997521085 -10689613789
226819559017 155259646201
219486898811 86934311986
-25902362288 268550000123
-134355895551 -223783947953
320381640372 24107199140
29261227891 -139255897826
169356790971 351990729216
276986622490 434249453559
207050543464 -90827909201
-85332304301 -94325108650
-140838555770 -11419237035
-417072462833 28935753919
13330590030 -217809452354
-259789719301 264056043041
-42021003122 117832263540
-318633465423 -150309986027
95225749102 -427147773488
48176801887 -236245251510
-495483913717 321799753669
-268591792784 -191433685409
-98443678316 -197552737371
28909131313 141168052629
18353632096 371069166182
1564957072 178061935423
164728573930 -355486813635
305229649483 63905896283
214967008462 208809370753
-45790247263 375907463233
21712618807 32544912799
-32511749204 -61292139991
442250085864 -145982986204
254984140858 -530621360856
-171393690205 30078054663
-368900674506 -172477241897
-58479807251 -251403250608
-316792378052 -19593857042
-444778114650 -96860420355
-86444435458 -85774124206
-108224431569 31160030635
-28107308855 -36834846476
9133979280 -421586973241
-345719192943 -218689241609
9874403540 -41609303998
224157765536 -14740248884
-416320625486 291137197486
-2856687536 -156829728321
-240387616297 -128670099887
34554559210 321926081509
342511099800 54677374663
-151148879134 452864380321
-491749069322 174374969059
106690831473 -61922016374
-245950469977 -164971820348
266827877393 476528994270
14648587857 -153295235374
86565466674 -62726225896
-9464864665 9992110124
-1981344068 -127715381567
253177794896 -33582955570
-110681032343 257287692540
168063153075 63099124389
-137609602465 177046269144
-156197091942 297592128858
364476186191 -456954245870
-318558908529 -319234950686
129917760136 -119005949000
168557169699 -84861792501
-70688205037 -24815158958
88889128490 297180452496
94812497550 397116292090
-135972756015 37998519834
-353529867226 89506128545
-116051965273 253120326231
228162570872 293726769687
75531005688 -2358390897
-372047934934 -4002985507
-438441028760 -124035067452
67427012086 105984845629
254500527962 211565657202
-327697287338 -336442813213
234239091610 231440459058
-145560881729 147336462965
175057979734 -139413760325
-94129217381 216303702761
-242336472809 338168412830
-97322517585 -487129416015
-18022530044 35937578298
-335405342698 151174945947
217977221857 35100883413
12465994928 279090549168
9381149915 126038587259
-408179612995 -66571588581
-255963504205 164074457537
-126126160450 52122353621
-332078521554 264443451260
17901929674 -345264124202
-352864792882 -208403963317
64741754809 72888073120
-246856008114 -50506386041
-134183340883 20965530999
-44885955098 -635988887927
348538685321 43357049177
73839506656 -6990653418
-29509389947 -290594438980
378919228201 -29073297739
109671297241 66146975271
-19638023009 -73542253700
-79111750951 223965660804
510302595823 149804328827
64842241462 -347237584516
206422624909 -28167480440
208078163772 -214052080987
451807251244 -124269305319
-3924021631 177747682762
181146175421 85922425139
11701704111 -208333641180
54293074498 -332014388772
293910564715 12956524515
113923663830 223749680101
-48768060361 -203341657061
115893326971 27352844364
-303397977216 131406838750
-78311962065 201600492904
-298086512206 222644058950
-332504585050 -14690717925
-434117363451 130802756464
-37855024614 233371189455
241062217327 160266468745
-161932515467 -583954905750
249819937581 190448327782
190592066719 419091152002
-339548018277 -97591848035
137325087240 -289640756090
-110397019531 165905032905
55979751199 123346645189
251566733357 -46020807039
-233853326656 45392564890
211539602824 -221258982779
-37929114776 103684273434
-16167914673 247036736394
-174854295648 19845584319
113701698869 -6662166049
-197888112995 -52419084294
383400169228 163283407011
-282204715236 -113623768124
-215297616385 -303562781034
-152315091283 116213156036
147572785287 -555774602535
-23737727639 63848054230
-248671251802 -343706193331
494876492422 107667951
6442507832 166416791793
295177826107 -108837152356
-235409046713 -104341929479
202508413572 -33392818464
-26921202431 234642995390
-288949756744 329397901371
139061042041 -324790610610
-68220901292 -197158766780
225804490198 63300619006
6051628024 376442504033
310195536291 -33504697729
-158317087699 219857761589
125550494816 -415004294692
-14273139134 -270954497020
268508489711 500292086641
-100243913470 -89578221016
379758202095 -121419902464
54901375386 -149357121463
-351859812767 223266732269
-18133744560 36356405191
217091402263 -82476705481
-443308503476 -5761727906
-259803808582 -215075412430
-125126327794 122139097373
-122324670120 -229832584497
-174191192889 104619231310
-242485513242 57957988543
-165234321904 -278395849676
123235715877 -195227925026
-206653294847 335694098991
-365058172146 -297801172279
-510823252650 -49390021089
-176308705133 -468224904800
-52980669581 54108820458
191780130415 119183464140
-50389556270 -54403904378
9109417544 68999480120
34160062099 -206451249867
-211016653346 -242246107315
29090730526 -387553357896
-231769327860 179367328515
-140086213032 84034724143
-123767296311 -50789060982
-12005556527 359388037837
48459194020 125676449081
-226148543961 223925712577
138865920180 -75174136062
-516222855299 141130330502
134052317151 95542906230
150903431151 286465706704
-384448424974 28717184161
202774024277 -337601264526
-456739108505 -137463169886
-89648722465 266062488549
-396369641425 33149819803
225602037483 178864056964
241223769967 -137944686741
174940234813 -129804993478
218745444843 85452862254
65753350845 -47892541245
60707754274 -252291416117
-25752806774 343410571755
-40727432628 -48711720193
-319037587119 72156952913
-227866970839 -29342115765
121972546000 546140798240
-109841729008 -142518982720
-134399709491 342279769169
227737144658 -121762089645
-316327021328 -97808862895
24167051692 -92539381817
-320064394153 358721079392
-65289896566 -221834579949
43295047220 177042670801
-252672529967 -271676687063
201382420168 2070915956
21741153065 58140764747
107300787849 -172297562323
135183509511 -254138172786
-93818433799 222169560262
-309431663642 -31482365997
-280276473489 -302809964413
-58082396231 -64655584675
-382927217502 315700107645
477001000820 228270783140
175511409845 -233003997230
-112153935185 -406944113621
-15073859397 -261628948281
357291799807 -267390309061
-440411414153 -128131981690
-326392128324 60763275846
104132969759 -271658323109
171789801528 -198989702366
293247891147 151016857088
-221952113367 -173101193533
173635321387 -197594205196
133561733309 229258975125
-131785264399 -209277797320
-84680900963 10819943028
-404898388031 -383560268022
95137058336 -455789271944
-259626504136 369132085363
26801163641 -144598500695
-132204754995 189344741695
-90877685352 46665785943
182862753172 32331698392
-13830140154 -172661787487
-152397460545 -160604002598
30718178812 187696901532
184130518959 168200966619
-141218229080 -258729257673
111564783577 185079662831
-227570380548 36939642647
-67326134832 247285178099
-97625676555 129693190696
-444097989485 -47214873004
-189549333581 254492141932
-265010797943 387600295869
-181951240795 434482420370
-100719854626 101315937219
-484513403755 -270433353346
21209032483 303106562868
327535089348 6743303835
294843744412 -64563044554
107000519350 -272538677520
-268908608422 -206837935480
-84149302321 -196172039400
4535527681 -122124622783
150646077165 -375443475787
-232632648487 -116718487835
-521625046478 -165720674097
146225412263 -145605837613
-18482994966 96825104001
-108628570891 153611894647
165422466398 117346113257
-196428707196 -192287792220
14370586561 294913147973
-48997290616 -11496441140
-185133864865 111800633276
2531488580 136373235773
-363792895766 -279573299450
155666425204 -396909653903
-108178348139 -13847755462
360691288812 155701729191
-35370025968 328537182295
439993450315 -369173465687
-144469749959 -165599292672
-25289859320 251103662690
190126956912 224012774002
347686029655 -127078148490
-278063686857 369889294242
-82457843932 -200107086187
112492580110 -89385169652
187150530899 -168774547372
-268446217504 -161840645592
402437360232 179418006369
237140982603 127291723841
111285228007 -161226619092
-142842497077 -53115758018
-186085030646 484500389191
186809399959 239160686942
102659728616 39359295112
-31727215528 460142645038
-136700686777 -135199745677
361620040648 205093980051
298525784192 37873623155
258676892582 -190036243925
39567528564 -117569798508
-149251394597 108298463649
1634594514 3576524732
-350934122933 -127859437656
-127684466720 -129214955073
26747428414 -143760496975
332253106696 8304164008
307917756269 -5936030890
186084694767 -378690659865
161676393075 698373897250
-213060018904 195083761771
-13015876697 177240098426
170267694305 -77904689657
232031665907 -188984693965
587942347999 -39289511645
-19253290411 -323818713571
92833308040 -113981496438
200650201864 176320051517
76247778143 168789472070
202351923361 -42784776464
-38683202363 -106070008139
10346370472 -320957113087
297993896418 -34367666675
-118076895867 136317752970
-74035748190 -88828472914
122086744495 -127810669652
-18924497567 155625880462
-308685692008 -248031971684
-21410286243 490495533088
199138018502 94528063725
710966055 8566538
603644516525 -314380106819
-446256120022 -238106789545
-85021667163 159274666062
25084197588 315021700245
28920344335 -71643819257
-232591930134 -18928184502
191556112491 -47460460865
-208317321032 19519944569
-98965738955 -475045464205
157465978547 61696746652
52741701988 102652714059
227793209144 134961661497
415562735652 32249398487
-288160875862 216704400671
-100057124684 -468221333107
112304416102 272445981174
107328501427 -126732517697
-238444432150 -220292887928
-274844530029 276481088601
121758255734 -75901171338
281010777234 77805145637
-414278863750 191202316125
-78563414165 -111066353463
-189703601980 -79654114305
-313256926039 177719435569
218418940528 546412114087
110153311242 -42412875112
-235944113243 161251994251
-1336771494 218780999395
-42900311560 126043617209
225500638484 25086540065
-120288001785 -355438948301
-349878656604 108112057505
-157987015452 -101812101521
-35309370688 -131708072354
274176539092 62319612922
-107358855134 411657583735
-237775615087 -384961886849
61659427751 -147565982230
-186197500157 177281026980
-502529595645 301380160297
-118423367927 -233896596828
236306305790 -292756258963
306654324237 58412118942
87531251501 231564924405
-71850046320 -23748907581
190527022113 378909712681
-367142599948 -68485447929
-62154413998 -6045206742
11489627755 147464326984
34826629939 107987910649
53724285160 -32250504131
77680165226 -290854753447
23302887454 -630672677
-4992650400 -228017241451
-279807185319 135222006685
-210898665478 228556512855
-186587977561 266695488083
220245001002 436705622239
338140528544 -156149045811
-277339687082 -169799932932
-207950893846 -169119536863
4566723573 171684275902
95007028445 -153676652476
156058922987 -414800091160
427691668357 -82936410989
-331422299932 -372409084907
128022234295 223516791868
444586319145 7126183008
-92175609790 125713249638
-157632102256 -348747583682
-161869418428 -74364724134
-19502668843 -10144500575
-103442678438 79047998658
360436183317 -207339673648
166063986215 301703637080
190589724173 -42235929591
250750622317 -496114873283
-236150710526 -23559857238
-213760714330 -1477243970
441543161245 504672180887
153742067817 -128854010418
42857241220 285392134470
-273384980208 193524277031
-11725909349 25135481679
117277269532 145440331043
299712464553 -199889907111
-61065540089 -35600234630
380278841362 6326362045
180233100862 -175390590389
-92441799020 4951347544
27559532935 -484939550439
-312736959654 105647067638
-291441324804 -261011999740
223451599532 387943737612
-177971631367 86520313183
45496124529 29111785441
143395808027 172123393470
202024205169 56412606874
-220292929312 92706048194
203054436020 218857396183
36459969861 57490880059
-190007461995 -373892069165
370115791145 105233344994
387758387539 -394412308882
-81820212044 260051625676
346947809457 -125049032916
-78717675535 117940246342
-335708361350 122144626407
-49026167890 124724505825
-208917057411 151464815174
138138986774 -190475803092
-3214260206 -118903456654
96914131943 728588613987
-106568221035 70353335487
-174648520826 -54872718173
265604862970 66749084540
-240309916646 -380319296614
-559381420550 84093829840
225481859331 159128556181
-33913797117 -154366292248
-169385074289 114888650768
65103862996 -73350607677
210993710009 65527049355
350135471524 91709370271
120323836165 -134677193778
-147718588391 190760711477
147066660481 -89459766025
-342558319038 139083561544
-132282659790 263358201668
-152721534363 -303234987352
-196024962914 -143815218289
-103981381936 -137673201462
-54796182293 -167983170715
19870919 -72497528439
-260165846428 -96442664063
251024528339 58979203150
46524368188 -12795951141
-342460546977 299673445839
-42087040598 -213564305827
325213672559 -79872638335
-198518068415 -133401060597
281547595586 5721769799
-346640795496 -182657644038
2443884498 182242383278
-12169035447 -165696982224
-463458495648 38235661398
114052597840 557789403346
210145375510 -396481330588
-236224042915 313929896318
-103735065937 174332714210
166353314464 -116090701923
233865514028 -28893517761
182609511878 -42884640143
-253366714884 -288740009677
-228291313313 -242549554686
223599823144 235781556517
-235316129766 189692371610
269679084366 -59725721829
7986798384 -470020450158
-131099227546 -27668309778
-547773687150 -25466695002
-34066452898 49674427530
201057375409 207601012402
141082144005 270559322538
43431810520 107740371938
236314115222 -541590466260
-369110439946 46615687679
37663979590 -178642559699
-70213710048 189728625241
-321500289461 -375021153267
97244909864 49855835128
211224952512 -33319601193
94671465058 -258770902216
-190355921544 -356067648173
449861726540 -249933830875
411839327141 171654071327
-316177179848 -41180897551
-236562462637 99941507287
-55979385615 28555320859
-222160102492 95163556295
-8748494390 -119393538773
19272427075 -10227264750
84762288457 -358143474685
13278683242 -383332921464
-7647645307 -250751716629
147040825013 23400574206
-75359879487 -101470352728
183636237933 297654615326
-384800378302 310870166791
-72843012186 -309365943898
-45052467194 405195996817
151674613686 -191360756758
-61931186214 -215102326936
261916106130 332760217452
-311824974454 -327539741379
15238620136 -299476124521
73275346340 -20851986896
-189056397419 -2070503497
-258440056461 167551101916
-71137289877 -22222364464
174124889758 3679357515
-139277549967 -7566864258
64376167188 87137063297
572666280620 -136692873621
-66545104462 354367466704
6590337340 14165452662
416449297653 70953193931
204261373797 -400333491811
292164296605 55590007157
-15447273986 -260448621502
-303306318117 -383965199186
-161877905014 6492688314
121006944078 210068600168
-102345909551 -21220014385
58450817265 242957559451
57321677121 181385578452
420306246470 206943809019
-166207137752 -281675971671
-114247915027 232870912444
246478966399 -110495066776
-29085721375 54212147472
-147564239729 -78192494288
-136157757734 11950649882
-366438760198 322614305452
98416120929 -359401270359
231638567203 -272507714951
544719056123 -151565622685
115047165093 -95776830118
-151398814922 -332762473610
174915605969 -666406277283
155369594012 98653891093
-171208471225 85484302997
-362442872286 -187465503322
-405226673 870331566
-82661320648 -406172055132
-43728796588 -77790085605
463214533365 234475038685
-317970126428 163433971842
260659537258 99429519626
129332599884 -391694238999
333658508800 -16237678378
-160544242963 63992810408
344484450919 -34478714125
54238668295 123353999577
-77289220866 -73684081811
189761381051 -131019242578
-2887626505 -193635474038
151001838065 76922715040
-228018932532 -30342648155
57354635635 78307649040
46821349101 140149590049
355081821217 -16015501439
168631608333 124887329898
-43579207472 -217509269676
84606017304 -73547239740
189141835041 261103390102
-487244431534 -69700928079
66547528620 316272712183
-219314735526 -130999714216
187616558531 24505684972
229610853761 217062125597
292320501262 -485527607019
179553741358 -203826488062
-249849715511 294152310859
1853942789 -207248125997
345660427633 283341628220
-319084155828 57832166851
-72764303889 13617007697
102961818483 -420882421941
213339515918 77667904143
71104027754 148278706660
141759055055 -113192891082
10103248208 -73862564262
319716802839 -252352891570
281747966121 -387529392770
101033609527 89170803660
-37393488994 167213232212
-104143579039 -186404634409
262026779937 -113536832639
130633950445 -152268426052
130043744672 284836983345
-33435660314 294923586875
22149317040 330494382939
187291689167 -174607801270
408310207416 43099742734
-70243329759 -67149151437
-370763804490 -186571744710
-333395411930 -513888453973
406926361203 -141540537499
-269739427742 71392608852
-97426297609 -119394581947
29119794093 -169921362580
369205449984 152004249193
-253380802760 510989778404
-54679642386 390634989269
-160913662524 263779816624
169427344577 10004321831
-140251888069 -3755557395
17569379979 118276085445
-9914981788 243575705142
-117383373565 -169585367792
62598875766 132201225370
170056717574 107032338812
-202300329461 196658994071
-93262447902 -420506394747
-174594469171 233577977439
-576035989057 -199527235361
316251261295 54710379634
283133188710 37352313567
-177444119009 337346074140
2356109375 191685371226
46694407522 -66837656206
-282255948976 -54377221263
-180321103224 -40484528756
-72144374932 72267335217
352821697749 122492894516
210724677630 243983721813
-362653405611 -64447999410
-496105803743 113012211306
79644219035 264368205169
-132614534430 -459134691237
-366729047028 458209502450
65719952116 155161556046
18522652609 212148144939
-155271637143 102006796758
250742098253 229716870758
58839168873 -268332611430
121782777311 220557634510
-184542807305 -12424281827
-64367594979 410635003670
80629858300 -236555010418
-92444326889 -142680593875
-47295878657 69121734228
-243290302343 190805556211
-123936014585 30319412054
125572992507 -89786534474
154549480106 28879443540
425399615531 -182098279740
296950015520 476780620591
424937068415 -135130925042
37413143240 125628437538
326712611046 -197295554056
-97273090161 10396586962
140342825228 124570158639
229091185173 30670145887
144217798665 32344012562
437358508038 373818750491
-111456095798 363990191882
-19162371252 284206806327
91413636973 -293256980304
-142319613513 -351578692678
-277160389951 -159863130341
-262914432890 -313583898273
104482961920 -140007986860
355307409728 -252533775615
227563095942 -355751063551
223806335870 -136841967350
-36360502596 52021093780
-167829454434 51951016570
225757995483 -6779084626
-286331894465 71773774391
93001879197 147720749453
208370455898 35949659700
10149445449 -38860878722
127381922440 -279588775076
-480015171867 81833689473
-317065517027 -446237364771
-83716803924 -323114017298
-132742984057 119239291689
38245224366 313962159994
-96181279197 200125775858
72911730063 -316591545848
120067357408 42210693448
13406705702 -16993672519
-537410022674 288024209310
-61105288253 -113326438992
98837796294 -381638293947
-214117869054 13751402113
-253078221269 -18936649133
211333874626 -351930818024
206765548056 167052540930
183969262512 -117629397129
-179484104295 -430596298263
-467251366468 -404540614745
-37692490789 43270505057
264118267835 -3503077999
-333745608110 -18951258323
50457801597 9263566087
-16084532508 -9274112714
37749601144 96350315050
403388682413 -171778239410
-34769744535 -161740375783
16436474508 73808140334
128118766758 174729347718
259338389125 -156573173209
22824598608 -189108905387
-6526270622 -463993832328
264523735391 209575978566
-119913428510 3718146125
32336059368 409362165360
266013263050 41196701209
60226868091 -17260239523
-336405717115 419797035361
97432667536 -1743352493
-457288228749 116280538208
-96546588999 -131751084748
469523889087 304062057285
126808741878 14291067665
112792928144 332001281926
36232023314 151539010942
267592027188 157996958116
-26802646066 -188435787634
413239954444 254836976404
-41053917845 339782878172
274574147242 -152539567966
-219110115999 183186149669
-143261511798 128548966861
504962489850 322115401578
-84295569069 -206283101121
107236507786 -27605642143
-182344501989 -194005706857
-50846803584 351872098892
264199135683 -193149416016
274392789646 -143088822113
-319838289488 464638847269
82992855257 -55566886429
43824996909 112397277080
117246112544 -210905528903
-174971311682 -142907619432
-271305483958 -246387523604
-371067077991 223072238486
-182397840072 394854210251
147674779493 -8921377383
-205601850778 336879244543
228486548335 -75461329062
-11074023424 114761078464
-45311024531 290015407303
-298604787153 270029356082
-51949041660 -80707064185
-215776670234 97570835378
-383580543825 -359497499570
205138182009 56782208634
81419277862 112656862345
133920960490 -227497320589
238447036437 349242736129
-26377021578 -70782479542
68641974877 -251498447284
467713767006 184949496979
-61224591750 -82366202701
-16503476137 94574201196
-252778476785 257040339260
-37151020310 -163115571901
237954695364 368910764469
231928593702 -357796474837
10354399184 174436735869
379015668948 -132972228027
-99790228757 384386500639
204649610399 -227227665073
-214044623787 -364989626175
-439800447635 -335645128733
-321718670658 -15021005552
-222974995646 -134428489327
58343196395 108603150823
204487095060 57447048653
-88563267160 -74079791878
-257976989084 281369594757
101153004250 -96562966306
102758127235 89596959554
-309146560890 74131102817
120969112547 -11118278955
77067100676 -518006915917
-449433528590 -557358893034
-468665812717 205626659036
308586666545 -38189128400
-57455886537 -316869858632
221273353139 73996921237
154210294925 -11632539925
161282437989 -24946146784
339352343230 -229175224113
-102821943311 317660108676
233652759566 -102649174173
196292828027 -87561484088
78931564216 21933765499
-106924410481 -42032170672
201847181366 -121268236315
-211327879515 2635259290
56740142930 -83007800753
166119004356 273908500921
88151865910 -2427651630
-260376933216 -159716448403
-159667180088 53995467212
74330713849 -37989872984
-234227550050 -116076517500
-59661136759 162058449338
-56221674541 110563782072
642074790586 -311447158144
278247734582 199962032537
244354893745 283149381066
64023587525 -108886958562
-208288480306 -74407213570
-11888480027 55562748120
-260634405614 74059607495
179727645239 -540607986726
-59685236010 268007544917
257288001858 390898252783
-59139673163 146327510318
114878486964 331517213915
235804537506 111182449953
17222252571 120353130087
-2653290936 -12603832783
-91672878036 -88688840933
482880303531 7190809133
-508842172965 372518627642
-109437648156 5378648338
-23402400501 186481459126
190586301 -253072367659
-409806398019 -111470004239
11933479836 -250407787617
49531468313 191406534609
-217279977168 240158083016
169426057989 67002476959
180587729544 15347402590
131682523547 -197929156162
45138530243 380335573261
-147936206698 127281030652
-83973423175 -463671145661
361193691887 394382266587
170668989604 88302033993
-1734816205 -42186892452
15899993272 459856366909
-226600272991 142537977445
-123413046587 252211976848
-290709779821 -210366068583
-139514894476 -243520021178
-199345431952 112352095565
-255301673023 149649157133
27931446823 21635880105
210483041305 -156572593601
72237559066 448765135416
-224492448862 188002419223
-124538538573 46113297974
308046106994 4093282457
53032818835 -215032812139
448590341232 196011425032
435401679836 -210305239719
-149495823554 -402784341353
13420566573 -35390449260
-300678298347 -89571808743
-81344929940 42075896453
5744122105 -38506698987
-389642658280 -325211932579
246748932051 123996688827
140994744886 197562352039
-52547313936 -207438508804
-137272201071 354508336531
-345038142958 -194302597842
156574415886 128071924899
444397765128 -411048888533
-337274481248 386695836654
163140915887 245381361160
5048109049 -85484208528
369768060160 207132972001
74869923999 -336717787873
-129199140184 8627508502
-163002917673 72286029098
-108437627129 146568924660
-31472861651 -203413057762
-248130927232 -23266128003
66414637642 66991506128
-474890444219 -316467313681
56348612681 471406774845
-290192782334 78164329410
60362084901 138374625453
524531630 182048866824
-61267766297 9384623177
-8710836631 220671601438
135255630367 139600802078
-246149857996 -65489851408
80004093693 163431400552
418179774258 106037544336
113668198310 -314155613108
133774091116 270262016626
185165324834 -367676291546
-464660751013 353097325237
-232800265924 176968980154
-159340952843 -83472887046
33685881716 -178793413771
-115329839154 -80868217002
210776579770 17849603696
-200436911686 430623936491
65086147425 287602028957
-54734283595 -234032016840
-5803477744 -335718382835
229242116601 -199874415548
-21420364598 225671264627
332736061109 11417450421
110698947694 192522377674
25513200445 185911768371
545684890253 -112563076053
-219173536540 123941822372
-52274939437 -201795062192
-175502476183 -159689855598
-521011403147 -194831456831
-187607089249 6538158286
-84151264064 213113726548
22306056130 149157335933
218600168487 -117473723938
-127041404402 -428216522957
135769629284 68143738854
228878331307 -335401363760
-378337909665 -69044344375
-279916012323 248641182223
-171476510046 -126082783111
-14461899225 -332860697970
-128356786634 85608088027
-77060748976 -179242548483
-136446623889 186192154764
-70795294735 -18204745812
298716348112 248816445999
-167392152456 2641570887
-64141585227 294279083906
114640941931 213403021038
-200894953704 -265961111577
-457769737056 112562585674
-209847312609 115254863448
-270618481744 -56713093663
111079253362 168104720075
-360822573650 52680023895
-79014954630 -542927221014
-313301405109 169659946967
16715816114 66194592982
21579497940 -53317038168
201255931601 176365007360
71834399006 385185753336
88903643381 -245723950569
-119057941092 363207894600
252242824223 252966387414
-280905400425 -348064281437
195316632347 -9906138845
-409673710693 395043873012
-178738262577 -87179294597
-564691270754 -14248971768
69833507734 138724290089
-148359873398 -13533625743
242784584678 -35018653835
171632892316 -60045821276
129231082476 204067939328
-18215952701 -379247226740
41149305192 182715041649
67140433944 -130658038916
242535985965 485858807534
419225085952 -143763992277
-220270781271 -100327308576
-244226342728 -88959905605
16199941401 -14417370974
149785547518 -307963109852
-49311741692 93654148535
265740500014 -253893192258
100340759085 -103795677022
-202589554107 -193512712320
-39399796910 -517346633391
-332638403343 -118988358314
-206950345324 300431028276
142574330235 159070557516
-76379412481 -26519562215
-110422039915 -136855282683
105522789112 -158378404624
232508478484 179956124079
497308583146 -132101777114
127574858364 151245337337
-7522744840 422987662057
-106625002507 68191715594
-380908585181 -61805111552
281851841859 151133178515
-84614062995 83573647711
-103416289669 -38128298660
-80357048471 207263092679
86549132055 -183951507507
-137695258369 -88656162219
173666790959 -82901884897
-100637364924 531539274064
413597907249 -292455058314
-311374475121 -105466180533
-17700851033 320189838894
158389138760 215907299638
415368649327 -163361073145
-312488702842 -233731002911
-133494733167 -48789925945
-274404788158 -234320101677
-131062617332 -228019033885
278354528507 337853968920
212606666514 -23877266764
-294971066827 192383866846
142153758337 37529999053
-3497802562 -109760388954
-96216607895 454459743963
165253181661 264383503572
-66800279552 12748736273
-317153242092 189439245352
-237490917235 -15849154405
189165516640 -148462367382
90572533560 -35820182988
-118352098927 265171990084
-152076468287 83254410352
-155910112404 -447110068826
-109828384710 301646587717
-135122983846 227905962779
-295000074616 79187681391
576298797856 142862559772
-241393558883 347575984226
-151025988395 18125854382
-86960137691 349563725731
21355038045 338018206194
-339962825105 -95805530425
-70099654549 -52741050429
-11262657989 41504806678
44844122230 479461110852
122808511316 96736890876
356886176445 167121914143
100867596568 44520011206
453823150154 111913889987
-285112088911 71521769240
-31095310037 -54086695049
-217457548329 -220425633444
37298795305 -253269266909
-36730491926 397963187093
169793492320 -157904859275
517360166228 -111965962540
-30347419300 -174448597381
-381045125644 264958433514
110415008195 -90796061535
302108159778 52414328176
-22723774617 512166835856
-133404087954 108561387870
47712176589 -164558697001
-449483814945 -9280324120
-111360155902 -152901534969
261780697185 153202675613
238579461841 -251443297421
94657820619 80554748342
-146350087219 234912061692
92386370210 -196458515577
92540526620 229845478242
-338564303096 -385617655799
201112469221 224543021408
57415299296 -178682516813
399095455163 -71714808612
152471816713 -16727462713
-49974397421 -343362190824
291252959059 -11847065438
-63615808647 99562440279
-16569678561 -422680423943
-119346054684 260112567656
-230758768077 44701672980
-179701598658 183385095896
15299697709 187443327410
260762707918 -72303791375
253573129864 -268990608793
-273122954920 -425543562016
313775700386 -59118074353
205853096949 -61354199383
48552524297 312599734073
38281695777 -346550727857
161762387439 102652056020
131496641738 129371369376
-199183957065 343956070144
284029715786 -11579571666
404240789334 138085045733
-363411582865 -156007084244
60062853851 34695948315
196098571666 364257461627
-303671301370 -59105655024
317120998682 148068230315
47143817523 -111567619885
-499920055839 588954043638
263296041789 -50215225060
-121521746796 -80258500413
116508226653 -246959217788
26993876556 -93888979954
-13596190418 23294616247
188848732752 -144948119647
-72420141364 60724750129
-262096025916 44870777099
135147706715 -29514850011
-42877499489 -188408501947
-392535231795 -364660482719
155717286839 -219448643208
-221763201607 -204543685367
239199189773 340614680208
-130787155602 -2057382470
234846167201 -132064165724
-198432286374 324825262291
-116416998742 155371288282
170591123071 -401284959524
-164930347819 -343013651246
-278318567522 112211331602
-157513962995 232491872049
-139133814088 -99030375440
439678013494 165804629828
43419560111 3499411154
130046638207 -22559757842
381849515703 132088401697
206285574582 -116713564884
290618588838 -195684611406
-372333506318 -150447284823
-134797324004 -124069651292
228920606242 207918569918
-7451694314 -476066410839
51782602878 304126661820
507962214069 -256130564357
125543024539 60583349282
257221840784 -385654071527
287271668639 -58984903711
-17450396258 165349492318
28233127973 290231177487
-295968417007 -54113003398
205839095270 -73585637084
-7936499073 -207830643998
-385327270970 -2369852419
56321319031 170084899342
68926710518 -158739489948
-287445156319 -580345024574
-266636764862 -65083813865
61871783047 143945270511
-5149566039 -358388513571
-101596119352 58553342696
117258666368 135009102955
64363007181 -187545572351
322808040843 119358506269
-183745958696 28688758438
248885225227 78429953751
95910381785 295627985337
267254000530 2039585973
301611646326 372462825299
169779266370 -81340090516
-155544561762 -96376482465
-58512023441 -131342066757
34498448546 216936831509
-73572083997 90177157076
-500247249729 -240312170503
121687204846 -290778541874
90021474479 243217009428
-192245969384 515414293240
187914060408 -43301876018
66593647636 -19782910996
-34874191614 259582483830
-92850194195 290901727028
438951665722 -137419385762
342454249037 -195658632685
125422320356 -413447724012
-95602363123 18793301550
-224699093616 -369977103445
-241354521629 67267798278
-114577437788 -26258853718
142409888826 510953352376
-304610016028 -127252754614
334025915220 201325167591
206012318874 108378998157
432989698237 35343264583
1645904728 -38155640092
289032077548 -137615168322
-194873377841 466243147831
-198186724449 -21525663623
9830075954 167608033883
356815240085 -226704907824
14530661743 -84147651685
-326790075100 48244112538
9058327035 -25165735329
58334325203 -167474364982
7076405887 -55085888724
106638635058 -14016299050
-244625889354 331498364778
71611371664 407563828900
1151150793 28090701682
-70369488614 -225344098072
-105924203320 231762225443
390335560777 82630414038
102293112025 446001131370
-14077261048 441277326042
-119158659192 -116179566207
108617619657 138305356757
-229778662370 126159424389
518456669691 159222167388
-259966444513 299900073877
520952278722 17328274558
-157010076087 -8012908332
-107960470576 70848155789
-1421915464 -181786123206
146749723375 -112925849206
-338779975414 66812477573
138651248977 -159422383878
-217515740079 -27034629049
281422966933 131698862315
458352357059 -126587124838
-236922764950 -67316666165
35196613240 -432514057176
-20157029348 -246768560088
39847417235 -123375995858
226844191139 123185820618
242185668832 -58300469347
272631332998 -192072079940
-30469479219 -138500742395
-96631293972 -206227104444
-99620364315 -168833085466
380294715851 268603483175
58206205710 118309800672
-132889669540 -11072646980
295830141118 63519200567
-110554782876 657510562958
410167386143 -179577570615
306525105712 683675724074
-22283762024 -370967607620
-189815953325 -15279322536
-84756659561 -151187139992
-14242862478 -42138067007
144862612717 -85324787896
464854222145 -166345762407
-19325364940 264815752384
-56187688003 57440297113
73164705347 134659971712
143264284404 14591113426
90724801647 -22542009566
101789374335 -292441611369
-189716848001 61777494786
-73836147179 146759845399
-231322934717 -18043447185
-414980360219 7700882845
227166313836 213663157665
300081861325 -231753390206
-35118186978 56137515232
-146153096542 429221253383
-290896455920 235842977059
78818687559 -240722463030
-269672679331 -552697588064
514255294754 -201203069469
168992502092 133244263169
151377585806 53238826010
-62413374975 -55026947203
257620074465 313308140336
-267054699350 -32065825527
204156655055 -137872959721
-312147710760 -95369197070
235933828905 -43731846060
-202931217763 45356632849
-116593826891 -149536799586
16503229513 306481199358
-117243018769 160538682139
-286621620810 -72818058341
103001290399 -225485142480
36689005915 129690890522
393399177900 178903607739
-280268184361 132342181151
374228179143 161778138045
100096789902 679372678661
-15379626593 95823024614
201937840645 -201165112308
280004319093 -364222139128
-134457003112 26608080122
412125268225 -98150031397
-345460666043 -11346168408
-77323654636 -86827927364
95395909586 -330197777339
39298662503 -65167514326
-43316676622 -192576501906
-51083070150 -79820228617
-302411142538 92134788674
-36518385109 -23739459446
-85388274277 -239053587897
-259617099408 -150632328285
195679644366 50522682
5032496637 65906328404
5139812997 64966512893
-173819344146 -174017297984
-261370265162 -284383444492
-339845078026 55648893432
265541538843 46271437094
-93615255112 -378208209255
3674417019 -137583619221
169727895880 41555043820
-182863977499 28308860005
33928279490 44413359997
83552924226 255028244542
-157842613221 -424659285603
133875676768 3965887285
110361936196 94792503601
332583351456 63703681307
-441669262708 -78857169560
458905803971 -662395285695
163316053046 71763828806
391949286993 80619885053
18531686944 -242340201017
297586146889 -352450519028
26978077960 -28458145876
-1290458200 349403787725
267385582294 3332844211
170033581650 132077197264
220850933264 174551881026
409037084291 -37148476005
115737532396 411252094199
25855064163 -408427208368
-480934986415 -63124827025
-141227456013 -224786972702
310715722390 97702210321
-167817963866 305379718087
-100706126104 203488354512
98351427201 129503329316
12360609793 -211978573826
105045125535 -113681737766
138693767488 -170466979092
-225475104753 -297487724122
140258728322 36786372569
-97099324934 343055900488
-153493856463 442232737774
-71876649066 60956648940
-103019943232 -192356894924
275913765856 173601873441
50857913574 41035254298
-144194126633 -131128405501
-116717566734 193279164594
-224845299104 119458433798
443660414007 -297461791068
-8696431944 158860460692
-30890365562 -14399641577
-24554095561 -296863174813
228861864676 -6124054854
628840027122 4291219039
151906613575 67565132318
-134915725948 -257915841126
-171675475909 -427005462689
283744614890 -43690962880
-241451530182 -205850019821
210238123455 -101980112185
53529438154 498426764265
-26141350155 -118142197074
123096051817 -289079354785
149300395607 -210820697919
-325027797791 384480636196
42556285873 133446911381
474833434726 99984876160
-270106639553 -233384482668
60435340426 -309957211994
-125396754576 183566944551
3462181940 -174443742354
-318651879516 -68447153267
272792497749 176267716709
251534754335 215422372979
28308502388 227980519028
-289722421230 146512103397
-163602740324 94948349518
356438524220 -268241083662
-84085289640 -116726512383
49445901429 487146294946
213224355640 -104544486896
-332813025709 246122405925
15221893694 312647729017
240267911541 192094380042
292196008246 248951555697
-293033930207 184808749061
71921975977 114557431740
-72928130675 -42223566328
101267338800 238885981363
-180549623695 -301134163815
-141409060804 143742590072
409412268365 114793438341
384881203063 -254596599565
212542033341 297066493441
90647973672 110447530623
-136740602201 -94852618378
129681484366 -63770947328
-375503637983 314860429567
-206128368351 -122436455243
153665024769 276523957483
146179653567 362391891342
-125606380854 171098633304
1040632742 44178506069
-85335653529 -201424390320
130561002803 -121639128282
-245189116985 -371852067316
3540895909 -214495089193
231157221158 -33928396922
326251754589 -213910125961
-4015310911 190940281329
74126447340 27289187442
12118629051 -84979637467
614510604590 194248424564
-70445064236 378860222588
184199365752 95640150362
-260524994590 318236140897
146184796957 -155500764356
443978959984 -344364597565
239182793332 -76030456831
12689909853 -39978781305
-266300687435 165827195047
407354862339 -70073071015
-226406540129 -320387192763
-125981268871 -170665763066
-193861234173 -125336424446
-332091442473 30972987906
5388636625 41896650232
174990072479 329764088748
5252288111 333914323558
-113104532939 -210129997490
-132332175534 330961382111
-25182829470 122237078382
55376450373 -189938600014
-425042095531 -141703088865
198911076722 82068100518
18272177721 -255757399806
-91746974616 -417430261248
265391311072 -92381543193
-66714886325 284702928805
-147071221272 -224855005962
-283035089584 147925066042
-332284092411 -31248379741
181866602544 158449549548
374197506559 10583168503
-431579519319 -45175553187
8627323916 136893844844
47016388494 595256064145
107766830685 33395500972
-15684955517 207718517452
186205529314 -81177141645
138617040722 -63386541261
-328791280038 278842145898
32224340378 -194421544108
-206027427605 225522893089
1053512303 -128161342888
216119572209 -14400179163
295423219778 445810788220
27781478358 146655859920
-246741862003 -285021230357
19878625339 119354759479
-261892616547 199516009624
139412060719 148868037300
28542966663 78992961856
121798262242 29927200115
288399486437 293204869530
121372035535 388011692310
-117539520301 -13601783093
-326701527336 342076138114
104098196991 23120253197
268736399771 84570776220
-111671757920 51065047300
243617433442 315155360577
-119236981129 370844172680
-476145163243 352722503663
-233012457504 -255218178561
403992267430 -57675272972
-50116709228 -141998793440
493377485583 -133981016481
163475665216 346843370856
-302922255482 -82982158761
107156223470 285824482077
31988572285 -81145086300
-120995241187 579586148743
230974806786 141989063004
-282907588820 290529629173
86671509866 156398139668
279049937998 52047182655
-127577533465 189976182908
266948412701 229102170763
313770488243 -3744919877
52478449114 -208962911402
106109537715 -209870356941
2404544542 214387307683
201163191832 255318689345
-74037001167 75940537719
-91306485532 -72612787103
-371330886460 20780696219
-156312710392 -75077036190
46370344414 -249427615026
158724046289 10953747521
-428111061678 -32944428986
24647694069 -70733285382
-54759902954 -127043816084
-439213265693 246066991047
-130012310084 320409882749
159505035498 191515045582
113638739029 536177866321
-66164142998 298426104452
-268020767130 -352462515605
-115865061658 24545005749
-60896054683 -223149791149
287601402133 -96398362722
-295241843839 93234662143
-51902294241 -16631647222
-55182384932 -285407716298
-74215608104 242358965457
-488564606289 -16758232381
-296585176612 -180326241595
139552842837 370647597199
-81741952742 281245142287
133632457883 -234716376115
174667519604 230664085890
122701473738 72609667086
523086119951 -38999929187
-275693207803 -259457380774
283036073679 -51141404371
86679273417 -149383549848
55791204850 -11496472448
13311281829 261020096031
172994743154 -113007508349
109627240329 -269644043192
-284454548384 -348628946212
77955141260 222697911466
-54126465902 -37910496145
112918729251 147644070858
-435396369012 421522022875
218478935936 -133673247785
-314996294338 55943147484
-70769834794 -44929141676
-293712046979 -44203294084
-85978729710 26711618215
-289300485643 35591387235
-203174291276 180249093921
-182902873056 113532938336
152086717166 -64259836576
-216447626254 28278684923
75981017218 74440279024
351473534122 -173044647606
-78746196531 484088353108
148776126902 345574264610
-260623414447 209819268220
206334343953 -52576608438
-30251265091 -558526830252
496675231246 225435590508
-42299786834 -113454850902
103381359099 337405855226
-213267438941 -122815296877
63216347755 196123242857
-50360042433 -219790754518
-47809332977 403133073620
42427384509 -134830262271
-255787136568 133517716843
229954548060 89682420944
-458936962954 91107294158
14674791504 149350568831
-465839910873 -30830623060
309848025200 -189051773097
17830146106 277584387897
119974437049 -330639261336
-188749970771 -461907774083
289251025667 -40927467400
-94811227834 253026803966
200970566553 -156106626140
-282509177012 -158577811424
1627244976 -251951877862
-207610158234 -214576510180
-202300763041 -122041874992
