# Packing of N=67 2-dimensional subspaces of R^20; each block is an m x n basis (integers / 10^12)
# m n N 20 2 67
286572267137 -186041909370
79027766895 156761932334
-179935735520 -78208013208
-64861968549 -151276374688
181266227018 -538583584793
-104244212412 -241257339856
-132286664444 64889789532
253337288749 166222226659
-172627415380 54034817527
26748167663 -141595760023
37223379840 -154428364387
-86767604167 134846869942
538277764461 63772166341
263260603062 237291291173
55554325177 -207837652858
254036844885 -162472961958
-477078324544 -151421416088
111910491271 -470814552669
-99179897972 -301223823042
183245291841 -37358752276
131116175204 431444113484
210323212709 -62567494529
-79395470979 175421985321
-195907028646 216824037295
-489277821688 -196953175523
-32844330048 192889633578
-199105652930 -462201155705
82451599846 20299584676
-32523983443 71698984082
73863766638 148190727958
-342246427323 86482399740
-87506444443 -35536647944
371909697132 -145776421592
-202825489149 276816723780
393507482878 33746191411
-35073884546 40053010442
177279085614 -213848327139
-179696397988 -377641533046
-263540383092 243758966951
83471217213 -240602426692
-43958870134 231946084053
-93271409764 -497320233855
-190737402388 -360686939318
238147602749 -21902966533
-238269259099 -79833986748
-71077901170 273589999334
-35176471201 -343272604775
-197405956544 121776922402
60906642862 -21855907612
-143953760295 -301100233679
348334401224 -221086710222
343186926 -160774831844
-380010939021 65173357050
436923926923 268010520746
455902487245 -188356779300
-200447190972 33837248242
139722264731 -129424724382
-173864676036 35774903532
41693611767 -158928806155
116817651425 -180421219767
-178446326720 195886233096
485243580228 109827100568
87524047257 -235417418850
31639588632 -412065289264
-19658184416 161408599648
-116830381661 -76396299816
-190100591512 7432413639
-25292673924 -195512847581
329815753720 -385853446765
-119266261923 340268684543
22585291902 457193333935
15460811209 29268079794
-187173215695 -45635079401
-150839469523 47556199775
326044672629 -22674860999
227194294907 -56406577079
462794523584 218399613138
39584791273 248003973464
-336141234571 -173421009635
-70872574920 -179751343439
131075092553 297346070088
272479286530 277605746614
42964000953 69931972416
-195435183299 81302911070
-179583260274 144982097399
220343567528 142536951525
-277224871673 -114171065877
-412679164545 -272423325412
-99862473438 71187555685
-422313243654 43142214761
-261637726293 304568296448
-190086312450 -4479913213
-379706829069 387055635403
113079380401 -317568634235
113282687450 325622787282
-12667743599 -440057035589
58309145094 -127995849734
-179532643089 54881878394
-185581810410 -110829472812
87384743827 -112704773726
-382868384628 -196566914860
-64518701645 137267432064
47214654612 475551174314
-91037419110 193923558319
488731254712 1303948923
340707803386 -70952049018
-203221297141 -95671438337
122478679838 250793796106
409073952238 -333750019170
-142079191155 -490531256732
2071690302 56733801119
214232980113 -96721173245
240783266092 -192278818757
-164036928888 -42531329070
-20564583071 -352664821473
236814596153 95973141365
-11616531656 25664913219
221023620609 60227197833
54762968813 -244533827871
-26267057376 25446323040
-94006053651 -262573365063
-13818149414 179051142989
-308646873860 -509666513884
-311470827075 382882192881
-158477414978 -22114347979
-8281941046 187078794090
-425437646488 399534652323
409019934263 131940988173
-129261502582 -98191344317
-22463408564 283781223649
286970146075 -34240408181
33835027803 68082441336
226244251331 140124981546
-225732642586 -46903326542
44077923933 259263758835
119431482552 186727042687
-32661136521 -216251992175
267449375649 22918862739
-290409300991 35232837368
-221867185035 108079547595
-127041597756 55411268424
-246263042254 97599431059
-118538950074 398936552644
-279483898995 -170368886208
-137755658758 203136586472
319339007874 -17084704117
-69399397574 -97289332004
-174503774406 264140546777
145469767188 -315131857932
7681252485 49086309350
230629354877 410852293308
-268165288931 -31753474685
9371301883 99134116617
-390959057660 -196962474689
388476276700 16371950062
-138902130403 180053092652
300340289664 97957794373
-29824218129 -514345586524
-292436696548 75377187221
-169558102115 213946224901
-2367062918 -180731244418
358256471496 -179146674240
98900078807 220845349998
-26499603024 324398411557
-20852577777 -38596444628
-262778351000 -43854189600
-445616139440 45425404775
-267106534969 -169878515660
-199733534605 -610196716632
311886261076 75548499343
-203956792319 36901983263
394267063591 48099576900
-119794179227 -162502727063
-238799673866 30439909921
-43943054284 -185692291501
-54612240882 -670581643
-244741024449 268263603520
18274308101 -53886353140
-183035990787 469952540084
-132367592457 87392275454
-165154044401 35612194491
-59420683634 239805301238
54911681536 140430993609
127101595504 424556834500
228551584318 -82085130634
-296450507775 -41261332287
212007274157 247891673822
-433285751284 -116316729625
124518733470 -63036188604
-84134110067 -563377777763
-70327432298 11408974711
-100983935753 60978003273
121164645372 -55998413806
241443966737 -279045391289
50586584427 123348044978
-95164004585 -334646264183
-365284493182 220712744163
185162881567 -83242954893
-526598544132 23718451582
-99389945810 261166310083
-273100726197 116987650163
-10999024738 4323378844
-244061858517 582915139840
-185684941352 -86981891170
2525177084 111241741283
-187443753418 64774195655
109167714916 -38908781663
-59609575293 83119667751
16766494398 -392630712563
-39693508713 315946262967
-215375683312 152295698258
-82436536147 54608007652
-11631499762 -79921291057
459083768611 322013145880
464400854937 130117435483
271922199714 100602503056
-109905962022 -228822345934
-137023711247 268253385254
412494240459 116985272914
155206278863 -242183349010
-45437426780 -225749336815
-188229154357 299890052161
8307679772 -306490914251
328301499467 -100613696136
-56765131198 228469704331
121439057300 -181387686722
-155223562510 65411577808
-211393147873 141385188536
58959148884 -103167366359
387833197912 -323733183444
-79884370378 411685035411
-17719130894 34364780435
202221503179 -106584892686
-321723945140 10079551032
-185013944820 41002195920
514084330219 507949473766
-12491597688 87682151369
-29418330105 -93150509603
394436850052 189540098296
88330867941 190043299637
-189796935145 -155503671669
-307988805098 -179384304652
-50089986228 -80454645701
270216040150 59847403329
475311329161 -366600983319
-39967320998 151773136329
-256164443251 64037145348
-153095268443 -23201749163
-132168375617 -201279857349
-101701209939 224399685457
-281110301869 65099722187
457873548714 155558288109
134039940476 81414055274
60623867109 315999780997
-181197950665 111818888932
-76285139353 491016688523
-228863173706 -151803675589
-162610679982 -384670541424
-67095351033 -85428829544
-130070827905 337358550181
-266517703734 346044585037
346123775161 59843243325
9837055911 230545476841
-311048461435 -290948328560
101638501204 46721106738
-98658715212 -322220631736
-371563928021 173813190653
18299485508 -332497525290
-425763525819 -255945447133
26714493934 -235878333896
-201743347577 146689954730
-50194276816 -276898436192
279877895428 177384410269
-100570114135 218363499503
-213038434088 265225117893
-82873034402 -131721076758
83027327911 -21006220947
-109226122114 311070519458
63698348410 70264024380
406289838989 -61416577199
-185712890614 -338776477184
-44064452149 104497393080
-84773652243 222801818463
105521157143 330860713218
-308250315746 -105977634063
92414856311 -214854720520
285626927470 -24153722476
189143557364 290563540269
-275377286105 -54558465726
-17820715605 149028009053
269572782003 -428958326328
42651792635 160509605284
-314127837556 86544889744
-557603598502 -175408830988
-176295188713 198931180902
277797319357 -136721512310
88401757844 253335483049
-11919886482 323601978261
-217610646780 239199722013
23050342598 -123304982462
-83671847674 -224272120952
-128196429249 -332601636560
60782329311 25809368160
-355189881037 -43735397362
-134530820581 16010132647
142938655906 29551235807
114142248308 196855607277
261551285457 -129599524861
79863756323 17531064316
-26954438690 330777512215
-371267750394 97997281878
260957573834 218025743228
-6693025234 -263516122939
80487687622 -442624688396
454153643922 144446205570
424053806227 14402815815
211780518155 -116253389754
-11438357946 -387908439094
-116983153999 314564788668
-249864676940 252177270562
162052128060 103464248720
205558007329 -354878721934
-253653668847 127977853748
250926702747 -41988614635
-48773623277 79094588607
68552327122 -209015946479
-205970894487 122140696893
175458395717 -26032461322
-85908416396 205319968323
342960173418 -260726335302
-419221851588 -307143163425
-103391345444 108039079164
-380481012600 104319826308
322869969259 325709649008
-163744147476 349613009165
-259909259592 63520983964
-52915126290 -33478926435
-166831941203 -301476631464
-110316794085 -321046719782
162097244373 353861221872
-215105133032 44294981763
-238724273710 -82071268234
97472053385 -179531986702
212036116989 -104337011944
448410610764 290039586518
-153714472456 -217107257560
-121552873725 -205043148622
-180159535823 242032230130
925722055 -333555716577
-69310840155 -227923218422
4068833989 57136372513
-399048991625 186308874477
117705561985 -206138863359
276792645801 329491019308
458666929484 -468909505287
122494591369 -78855722593
234631366447 343380184234
46648907864 106360634362
-11515732465 30836882769
-181869331553 -88284579059
210666056012 -408215474373
3417202403 -68895524520
72621584664 91282908421
-269900060250 -91642085370
-42914338418 -281429483097
478765807199 68660022744
-338099108748 56677431433
-57320680164 69805152443
359237183178 -148728369847
-115588005173 238675922924
60468640062 17575435489
-250391370197 2842540352
89822223416 171484162309
-191163999661 -199031198974
-121066331774 -365334161507
175198044207 -499144807122
341658436853 -97364949688
204885736877 327175840626
96827265008 34353392411
249041496362 266718212383
207105178231 -4333902633
120893048742 -68948183643
-33442542614 -182799402404
-173743294235 -21963522719
191006297099 -150169228348
-239537790376 161352223059
221748329850 552902693348
-252343855735 -168220400465
155732699958 138782226506
179128759542 -128098650527
-67630423058 -180978720647
294214705396 -235959081257
172915755147 -28239443941
-28622274138 -313918128966
-2843496859 -355177372064
-530850762237 -238866706551
-96341772881 -44326921433
103064264418 -53883986112
-78322325545 251035132890
467366716933 -322811768747
-315177571574 -412791407372
-187903102694 -48063797799
-190797602960 -59841068908
154180108880 22370799999
-663492321858 216868377633
102894859076 -391837546754
140267435431 -121814203409
384382348165 -8024180180
166111501395 323173978682
73069137314 -236011185927
-779962106 280433517889
-81813046695 -186933417595
-25244402125 72605059089
119624523975 -256078256573
154078819912 166532500928
-202610548121 -25434372186
-32041546251 -345548723799
140414933377 109520984418
187202585557 46084567049
-108598234096 318214096438
-43848302228 229962191094
24701443855 -134335347452
-192106817080 23461256538
-141987334970 4980141280
-122590566190 358268629752
-279647590220 142873701763
77122175573 76026840803
-145748491345 5899067190
-341227786584 243726496040
234626825306 -91459579899
-268469270083 2446431718
-222077233048 -453498082476
15128694816 -396100724089
73000116373 -141454586374
-514366952877 -72391728069
8224462528 -314891836476
190849229988 -10225111417
132289255276 -356947052505
-391482802237 -222612275385
-222976016376 -205191230505
139844232443 -57164479551
282178886003 72177883467
340716786708 -202192041668
216712150166 -103376988181
-139410654300 -132655533311
94816125015 -263485341104
222450946376 -181581095646
28597710825 359521596556
-267050303137 185932872456
198241423777 171022628769
-115411197576 148863415885
-312028606442 -483553108118
304458545167 -180640938089
-130557168333 -89588852555
33374305470 38874276795
-352640483839 -3410739803
-201323307839 -225030321842
5484387210 -526620725189
399729249991 -7018345597
46774117638 -26523981310
110700837698 -90511327150
132124888505 -137972368273
76282392242 51895924808
258716847523 -159348228220
394422715563 21942150119
-174282552734 -468813978560
338553669769 207769533376
346080977017 -278820425062
263332193247 583953280689
-35458689903 206806679816
-174147325643 -172295800335
-281480752830 62835540474
-8871424749 54131257804
124134250826 -259519455691
200332251195 -12564743176
-156218735589 185633239622
-399401625671 222551566308
131958231982 79330403312
38586369352 124177045957
-196448168924 99820429006
-85229575079 -197683985688
187144628258 235028417058
164503438339 107960247970
214003588427 346714713646
35369337368 131688352650
-80419969868 407788873565
-593958446849 162314263412
-53560197063 3780712743
-83126380309 325844767928
-194610108959 198774041495
71234302065 -314081802542
-236574069648 -162873571291
-328039608727 -2966723069
-108624725086 -198595772278
200573756379 -95667775377
-180866292790 -200746537872
-179469701024 -31681535928
198014869511 337250384315
363592839550 -284455990498
140302221441 91672975776
90779108191 352328380656
213434040287 36286135967
-413850366095 138015837689
-484131435268 -308767969247
30785370361 259610980167
-106678471131 392242029056
248563286936 71994258754
-1289790481 349728388255
-185547595989 -121879902537
65021562394 27644991700
174052504071 -244574065077
26601817180 -450262966709
245644898784 -224832951061
-388453985662 169168391353
108169472401 14731923508
-50459760313 -15939211631
-181645878192 81406354413
-279025909235 14512114481
168163959071 109009399702
179343533368 186776621983
-191666899319 375672839720
-250351058926 25887625694
168373905784 -241598727927
-139724044034 226014168990
156400046901 239147019536
-93191811847 -45610324080
152881562562 69653647725
39386904409 -187678489365
-5845407705 -78714023940
169261059223 8559412123
264777961330 -406499449613
-410291243500 -203895245555
-134892960442 -195844030342
366829422814 -154288372188
96889775370 441561422376
-443391126176 -278941725919
-160731476310 187245357233
7681705809 214250713695
184258750568 -89920970884
330042225223 111004430800
-10682460281 38834090788
-268114085550 -112606767786
221279311507 170069252659
-81766965063 -175470040448
33246070876 281303644706
-273574209635 -67169911766
-46139301904 -59111625205
-280244320554 527579929836
-23770860700 -139242388164
25194022856 -339736116292
386668023961 247404348975
350259402020 249959786837
-425327304814 280808498013
-52149604302 112424853654
172505859157 -49680770003
26988217 -266043736952
-371916867372 -185281770896
-21374351730 206649521095
-300161637967 243913010102
9256801135 29241000760
-67189533293 336182361740
64897254484 -103250269873
309338311240 -3191654102
-328382746892 -187730819809
-159464060495 -245904971444
-177160851665 50580141702
440846922235 -101193374190
96432406457 -311127736350
39455239683 -144778785435
-165851346878 142315641830
189681708988 -89778159242
-4361437088 -113324690358
-389625851554 -137123107075
-179530680779 327214074390
-52492027432 -253825970062
73741988323 184855927912
-313386635042 154703206064
-183612844087 305796665037
329942877389 499101726957
-170900376383 133656233672
97336713078 207686306551
-279158731611 -73945874137
-283328644283 361718447866
-95123384273 -89204234901
3135159235 -260469924802
178024314616 -2899598896
59001549390 -35333043977
241244556484 -379027606928
-223172569325 -246512309643
-160005817229 -69560976872
170279510519 -47537254679
-185131204552 -420393010639
-445282885212 97153938459
-214830824913 -528591285541
77651060751 -193269553708
-236998868585 -32915101313
-158279920169 -51682674883
346232955340 -87964173793
370411257034 -90409521183
49514416536 96816717329
-268881834271 -272138423597
283732213456 34214131973
-30014344866 17093782220
109575282357 87491613429
418929361958 -89550399087
171513683095 -82877592446
-162751580098 -49704417607
238874893296 480055531152
-107309569483 70206428326
413295091625 -78541298793
332336006953 38521593803
-10979572430 -258576420309
-235276379283 -185591698825
21798946788 43777613622
262894823772 -126840536175
-103059371205 -207449172446
-263431669478 633971567043
-187670482437 146167538466
21012757622 -128405467921
110922996033 233046397980
-32213876059 -160608152606
71045219201 -12381554618
310026271648 -465319614242
230627764457 -32810975516
-261964966503 58743214943
197900337436 54921167635
15846786198 -69945129514
192993725231 -125446017805
-326632780031 -202562403438
123117043056 -108094330125
176280020586 407000738847
-20385261172 -294270607321
59877472743 413197343708
-149366760325 66858737594
405448937480 77868205911
-196972264699 -124641609232
49139832485 2215450200
47282300948 181084009039
-270752842192 411085577529
488819417618 160646147462
-215299328916 79120435551
115057828581 -72440180033
-334557568786 -301712396073
21506779082 -216770348630
-364893454927 301429757760
445614644096 195055290605
138825732024 178697917760
-28430515476 -180472916952
270894065333 10337557960
-259480752669 418735114634
148439096922 -297870153479
140244888512 -42348031989
-22392352758 -410075187568
202518189724 -161683442032
-249775168158 -296305486644
222363910382 121138010526
130242733376 -183870793099
166774719560 133789443815
-135153231799 182038421696
278222327599 97345611122
16974868623 -30709823673
222663938464 406188271565
172279191555 354133426458
-56829475110 119461884439
99563152064 290860393088
87698693815 266702250206
-72442235194 159309537493
-351372454126 -4808332935
-35999771658 142138102790
113954826967 -312892664841
-715023418996 55459248323
-79360189692 5562376110
62097635874 -104197897913
60326376537 148874021364
88977135951 32482220545
273829349543 75801134215
-287152754192 157070679861
214215988324 -24745290950
-47360874654 185537097923
134488887139 -540844717339
-170010665123 -95295682867
111384163463 -142341532429
-115223466378 -509023154723
321061258141 179924979773
217404500774 22965562936
-94555079003 -209473163021
-173635378076 29917945724
-179469849730 15395769382
-125130073607 -296283962530
5149580936 -273294809593
-29012864738 136242339859
102274351774 -197750777479
-576002713117 -48475352976
-156263415829 -216261702129
-210436383222 111564069952
79506027692 -355539561026
253879190246 -76637721064
116576933469 54092341539
-222068591914 -156881078797
403264087531 -438309286140
-66323094469 -354119057402
-78863152919 193020610219
-57409355028 84624752779
-118353087516 -495774811311
285905551651 167121232102
193829044268 -216240321132
290394488615 -29673400010
75378502338 173499202059
33049934924 292371076477
27286081787 -131056938399
-392444409948 -160987725974
-206521013579 94997435914
99067962033 -75561638542
-46602731750 320638237088
-4694197927 -232525914776
282843475697 -11675105721
-353213196407 -190307027719
-571485211506 279551234088
-143656037091 5838066308
-15966244120 252973794044
268447281709 28939731845
-107553940308 277008415802
95802089570 -240495330297
-88142961114 -573094063907
-279521706587 -128283919351
141527343032 272780026107
-27894747765 -288633240084
-41881754397 -197169032145
9960221145 -43466784496
155529094189 -161173948821
201582914775 -188212722621
509133189522 95332345167
87341553172 91451703843
573846321564 -89792200035
-114213076741 137680779870
-147589452624 53599581487
-145446104037 -134401608300
88127572951 349694617646
-270538688431 223738832708
26795347312 -148528453422
-502661919819 221656939540
-406106313446 -341846798100
-21721223752 -107547418776
-171233232700 38040231588
-62785704252 295695408784
35047758146 600177506692
168552501177 -29868301524
117427165735 179428645123
-273796131972 -39095953340
-178740663549 273573798764
269645797423 194570248729
78578453863 139897820510
2387670867 99888102099
344294030640 -12974910603
178775442894 59072659848
9430326944 2911266296
25293161261 -79467630136
274585050400 -112911864053
-187435480353 -230122941396
-240183575955 347555746213
232167740747 -329843999481
-26902033054 210382293957
-205469389692 222677550055
-125829218040 127965776952
119136590808 280481211432
-229679321577 120019013942
156837653998 -108650535845
316312222565 -16330110172
140205276911 234617694987
257272101341 -65862890717
-150827931343 79050212132
-189760337172 -123602735334
134681798774 405631737595
-175844177429 125789169343
193016406537 146759182493
548854962910 -221350606358
121991631787 180328954382
-67677670765 -315837835726
-128146117327 87363855062
357324147721 451804128838
-546579664082 153051231044
292017831228 239923071696
-101835805116 184101333486
170487829383 108774312973
52197096036 179600276909
-40279873597 78441914815
-202714443370 -131567441301
-3104018607 224855378360
-187816661622 69950911338
-154330550328 498597690165
-131248291508 530457160
-37154691275 -332929656458
302367979286 315329630951
-54533129613 50741983082
-191471227344 191590854010
116383707118 97826964618
-447502891870 102601053906
54018537216 -70807744753
227892917199 -245770772534
-231671233619 -422426155448
283618787155 504613091533
-573685358321 45248325795
131283895531 -322241124158
-56248235651 36466485598
-145663278474 -245150124329
-130229453423 483552497109
-296003493446 280853421748
85928048939 56425153504
287259399196 -82798271005
65418901560 -113909102045
-178528744249 75173667740
178717726182 -46809948933
-16308406 205535020331
52314519041 -158704439545
280843274473 106290829463
184918026037 -89658931055
-187952902021 34161132879
277384887764 346688227900
201221490082 -118101851220
133017472497 111426981857
197260294086 -199890418109
85893881069 265628641216
-57419594791 -328900507723
33996293378 -167782932255
52425306327 -70889448517
-161846916503 -121545099668
-80730771573 492168439909
199860296966 168032370678
-23459309025 -79898855802
382609291907 188485944725
126978856287 -165674901974
592697905758 -238267202114
-137356892242 -502918869482
-200226140552 24656255703
-24590255789 142790107373
-115964419631 -11930200645
368268860933 -27033988490
-375755040883 -15049797355
-98312641396 -246858378298
3122390360 -28322174401
202138247736 279776489037
-75672891951 -318801375570
-72557096048 -40116320748
403995966560 -159164107540
-84583907101 -160591404325
72445580072 -160726007243
-231140515628 161930126691
495341537015 369012497568
-183486816328 -169786333582
125563011187 -110070277334
-180228635782 -323360438267
290590259170 -281563882197
126979335066 -143306706644
-244934923866 -198999842890
-86226919257 239166220180
-200659384252 -117033923938
-356889349695 303775041381
167048837598 -267123144031
-94847450099 110446859355
138918870329 -217906958789
-270942411309 189461888871
587710753528 -210616012996
28089679835 -22005771997
16506970111 322374494505
-258723341010 80392970159
-48646905122 -477788931256
-167387469157 -243145103663
396035286411 207790075267
-76531494109 125485691812
-69395849996 -102041915510
24010682311 217117922510
290603682162 -8853356372
-392768140505 -23499550643
113266733729 -116901026295
64372588100 -294594576640
88822579826 70920852639
-102372349139 -379585179468
79261063042 -37154369619
133406630492 -155023559047
-128720288843 -359700867247
393094717722 -321592955653
211420648892 -95343535133
232750360983 407029157999
-61203625679 163984176056
-136457947653 38534828669
99457720335 548005753365
-170317410866 -71300628574
236815435121 217359128178
71104915146 -177887761296
-473544076132 136300575931
57170604645 -270974765095
-93602873079 -11650261566
248617710444 55184026387
-456884758442 -97507659251
86553336937 159622679551
140514930467 -185043356090
-245480114654 119550989588
55912301499 -262404492034
63726852961 20096875872
-150628756677 -247364442479
182160201719 36356584606
-152200750801 243002825440
-67304916521 162365825454
407279671989 57595085006
100048398320 -336685857281
-358040606822 -86825023175
147630609285 205934706928
-115538475015 -265442194349
243643148722 -11594164044
-207316985071 35712261027
157025552194 422187719828
-22527887364 -174659006958
314032149264 114812225953
-5152283768 131077120872
12565839606 100909802209
20430442080 195023963253
37207526732 -160211873833
-62416816545 -430547695872
507123198411 -45875860463
332746347476 -417494163790
46866047729 -59958811435
-126280731548 166176898083
-6764915334 279830205765
351310604785 -202524500422
-491462077605 365641961904
-93446605698 127900343060
332232821937 583689922325
-70828424423 150603063079
-76608385059 -46137944256
-112615292898 52685520680
269779789147 145320370682
-90155034107 130337126635
90885659537 293602644496
47710551037 258390918715
-237584752763 278017077629
140835642822 -54027957339
-373527290864 -143920041089
282705513305 59860134847
-22567191241 -125803106107
294103996738 140454727630
233946078687 117676858972
11007463453 69607365960
-338881762900 -343826855265
156187882750 393772111498
-158247519311 28407547094
-195287957064 308939833764
53266935108 146812509950
-192258221636 -142709481328
172732645213 -78681660420
-297721824702 49011763467
-72545909601 348898226390
78548337383 347899086107
-315377723708 268941668483
-62607252826 261031517722
-41014520021 -298898547793
-313900615188 96434059244
-535214172126 134212374455
-272085571566 -163967501058
-88365419674 105586593867
-33659010021 -152814893802
-33412119466 -312157912169
-194418138793 -218383791289
-365209887287 111019928848
199988355076 -116184144740
161294431842 -387045439082
-366895636824 -189383025313
-92044713474 -85129559906
78991215646 138172457803
-221908712936 366633131700
265717667157 106766359740
-269100361222 -276507245915
-49584935049 -245296014044
330816700263 243044268267
57619017174 -162341791491
4003273578 -122508786311
-143850855960 205523514479
204205404627 -34707351869
-471370792544 83062200077
137004819949 -209202456463
38975853258 -374225087843
-23179901562 66509695774
185531024421 -313846082674
-311015886366 -86951128635
459789105238 -230040955241
140964004718 404148531527
66949751867 453157920102
138707500270 120457485828
-203155776233 -204332263333
308966635202 -191991393477
-198736546092 -455062492137
179718657059 -40727961086
-223945173476 74560530060
294387730635 -160516779964
-175617073020 -28211154437
-42653933971 107118576579
330250395095 -15756987834
2218682842 -157902071600
217798728444 -40433439632
-226188479463 18671939014
-166251089470 -308685257413
207224783223 258478424955
125047093680 316319753561
-470636372916 -2840131156
243166307825 -72166218188
-57710884242 2848899548
148869864635 71692076297
-345330335085 240885930123
-181273019628 393787557745
209142966255 98311525312
172064290959 244154045552
348539515477 201213740047
113769774969 -72874390573
-205713270223 -223691528265
-98133459366 421411090110
288211709786 -324616610330
218622918347 249001136549
-109460169496 -103732121120
104692115692 51596396204
-109568171782 -167427770195
240123781485 -241124097343
-11313969260 -39844742373
-89643985050 74193289634
-97902829331 -274267561853
89781366850 394614642593
55350353969 86652839413
-185838127682 220077553487
-216197206284 -41492517641
226598723595 -358187151718
219862977150 -303380927789
35551662893 68067507248
-117082148398 -68493501756
239574424051 17645152845
60511094354 -227895673787
-418001680413 237440441324
39328024758 293797057967
-95988820315 149331947889
-203292378991 -5140226440
-150225855187 193026206299
642306584030 243512493824
-228459914143 -401012383374
72606952166 306453008473
-377252046922 -259250765783
107372331278 -5835790743
355599143712 -191089522676
-209262518523 -53764936285
-168178817691 -43922488696
49140373604 -219365411456
-119743493399 13036643578
-347066601635 -438064468590
152960259733 -303338618342
-79460721900 -72165817138
-222755614332 184568679044
405974669516 -79292463790
426426143857 -316472984134
52871968832 326550513173
114658026051 182887282690
-90269754986 -108898774765
122394375136 -48915886228
-56521756813 -385533440242
-192080461987 128894768306
7203153733 42507091653
291838196597 41533711527
-503899176125 310073463697
-155024093107 120052389735
238860781518 -453715845204
77784929701 46360939768
138187506140 80455687859
206357135702 -126855682069
-162982359815 -270384616822
-54208046221 -397009960630
-481361853848 -335071169212
235142243867 163633359476
136240286225 -128225794331
48575160677 40748171572
-55371913452 415801456994
-316452233130 -28736916172
-145263864721 -138456762546
-55043047425 26718207818
-30633709919 219794163865
-215281352409 -159847506905
355897133102 -41776580666
298874847833 102965362848
-223419953148 -194216286630
318408934572 -75538410785
279575686483 -210284373821
-213121183261 -178412334759
274148533305 -416394316155
28690879086 -391541031405
-347652275233 -301186044072
52807108934 244465082897
65230193930 120712712407
76088421795 -494170091080
-25312073848 117655513487
-401117468041 40201228269
-221019884846 122381892859
115127473661 278372167124
-229919319704 -154813453439
-15565293771 -16110005198
-1857993980 -3267107500
-150674312460 -8434446117
-188043450645 362079620556
134048373779 314438923183
-48757054748 215945083973
-367405459556 477283497049
118867821503 -85862143014
64432846866 324290760752
211368595277 91122267501
-11674107283 306822975923
131940810648 104162475495
302308441518 203173150949
16429789963 -75145361781
293228566789 180866035114
-226183574575 43906473482
-238948057684 -35371961650
233875615705 205151482059
-295862907498 266715490106
-276539902726 42328373864
313903793838 218072486955
62091631652 137831662827
-349009633272 -73332671971
-46804615584 83270592029
-110397932888 -72930579687
100554730700 126367838368
163031953018 -90218113633
395704540849 113563033669
183460241661 -280281727167
358385893047 74881226826
144896868130 377140786763
-550956725204 -8861884944
-191600121941 140984991952
-299404935273 428347570333
-18553435088 26848795432
-196750265549 -246318784055
-68518717907 -127965945539
72505071690 563338663145
21115825192 240074592145
207462188629 100049660039
-7176100341 154880207587
-235446158120 84922856870
177112671676 -164134791294
143061834828 -140418038573
164305811399 178994092571
-101452545616 96029483802
237222327869 -64579036944
27547015002 246810985412
-273823596088 -62275114330
336532256844 -357921046882
77250370928 -107727759966
64255557796 129767012923
40883716902 118035237147
-118387562759 11714179024
-77875146103 -383497494461
-114178303359 -395674205219
338456614935 -110642383610
228243685214 -308552657336
240383677557 434318189258
437233870844 -127969840939
446812284499 226178725682
190250930406 -17014775290
25505345260 -178623592025
174919611677 -362291144859
-52005158781 -87255070004
-60238415994 234618954517
249696793101 -17697103358
13170379717 207243201640
-418626525238 -17001727079
-229445705937 -356122198547
54729910883 -403419242568
439898029828 -221054602861
240107705534 187249694368
56400043524 195013544649
-75301839081 -121672755749
-124617059165 -6621887549
199459584723 -144114595553
-3771645278 81849673735
-464373543383 -286358080976
261739091294 31243462383
-203418750400 254661028337
18910767968 -392797425340
-168615211899 81055567399
123037559883 -239142104529
223398384900 109142250377
39121466543 44646610782
-79671496629 -304383875072
124074770010 -144147099011
164669737901 30379338960
-305001350469 194216019804
31094047736 -340317864857
88157327092 -285488956716
-492983476968 295340057141
-121338194492 -180219260002
326574743975 -51268951958
30567675241 179319859186
194349292048 -112417536133
-179952983116 5353581869
-36942266515 79308810529
-26149523717 8660025664
-570712782884 -320901596991
139777673350 457466280511
-2567513671 -306172313613
-74217476250 -294453181699
-124783057674 -243705996816
-22315603379 176375545615
-88529063818 60169715171
237952684913 -277392086534
-105640659776 228806684336
157068780891 -105653893932
357985849608 179918334018
-382120374291 -236199856358
-127062410527 398445807425
112697587852 -56824028796
-494848104687 -222920392100
372602769654 -359498585480
-95633452370 14070340970
-112614611907 -51575539200
146402697440 96811754986
32477361513 -464225938972
-107265381675 69497770746
-359963152941 -10475171589
-77556106843 130217917599
252211758292 -255387780368
-223853167712 88846732290
239634606109 197100728280
-289557686175 114748770687
125021437716 135025188521
325589106303 210305836093
165088324037 129839119218
-158231849704 -437897367202
475137658620 -247954465711
293488245754 -41571237515
229582361918 148550627718
209410729466 402226656975
-79152504412 130676501291
-4337808325 -120556853365
-272497759609 292624018296
-209801296732 104608668185
-84563397285 224612167275
-6146474583 -332286624901
19911846910 -148426561600
-174607142011 -213667953151
427475729841 -16263018359
-108540056634 524599842084
405635282314 89047160512
30910939422 -109106248167
210212434743 -172334036639
-82405081978 -13438753932
114981785820 47254017870
-9367089354 -222218096612
92647235106 101338896745
26245069928 460092728182
-10384665522 93245978544
-267383572040 -218983423296
-325055345376 16374400141
-91531888501 270939901547
-46240514193 105958687972
332674409531 -321249279652
-431560547128 -236782102714
19177381663 226286252253
12666499167 -212925750278
284961944038 62342283763
-54655797141 156390076147
235706018540 329464996099
-70196391131 258049321707
-177166242515 17493688268
-207533803497 -5944587043
259245508274 996230576
-197784698935 353085762011
157873704722 -86072059864
13067153944 107161445742
-267150377187 -325468461271
-124487521652 141425042218
-104839698446 -226459145534
15877821202 61564923571
218520971188 -13872473774
164140392977 -565196040948
-275548056994 198788963328
-434103298469 153519375677
-77700898954 4403033379
170657424048 177166044830
508242696711 247720440646
-291198882106 -91067181925
-250414044797 -37496133145
-326329136080 23100803790
160486211169 146215407261
338588054521 -50888008976
322293669172 -250668651932
-292688942525 131726529757
-51514328902 194468179897
-87277585514 50151218261
-67705635697 -268387201547
-169231846290 -270676725172
-278929063447 337452113672
-305904420637 -89609257430
35489430109 -187443855461
139112079882 274674786170
282699865420 224822038300
-161425477024 -416128888532
-59404779245 427482174873
138014869932 -247043179554
228096425379 -4080349051
461786571520 -403073376853
-72099788458 -527604810890
287027915818 395349340382
48761852796 64958688747
73826217679 -88908275050
-437335658301 21324295646
-121414377222 300922713243
156133036171 -225045412869
-292942198407 73770793278
164954191977 55190838843
-162497807723 -104453873577
99700206832 100467194673
81177293566 19493332751
-127145768185 -117023900130
-174295886388 -242808929253
124264292610 113821099177
279978071331 -132047531884
335071205204 52492546139
-5383188479 -257682853231
228743761440 216827257561
-122426637583 50111226645
-80754565200 538657712286
125094183904 -8952916535
385756509292 216386262336
-125986930217 -64938402922
372548253008 -11343337664
-228957847937 185944536227
173455141598 -156317672190
248682102464 -68997018856
51777062224 -130879584602
286646482615 -43306066727
-456739922139 100941281903
84726000917 -147393270991
82133802504 50252100809
-220346544052 -12742570327
-154492225676 291806471192
-156473742606 -294410040481
-185536941335 -313377638318
-256509161651 -381513815799
-102515521451 350889801051
