# Packing of N=79 2-dimensional subspaces of R^20; each block is an m x n basis (integers / 10^12)
# m n N 20 2 79
170501181736 -213456246785
77843489253 -286793799699
128180703536 -27664313585
-406068799857 181851109062
-176439782712 212671106940
121340972786 -47129205572
-26637881148 -226279588064
-63649909226 -96644404622
-278528863572 -539230383372
-64493018349 -361261036616
-306500951720 -71010941100
20800775309 82629009390
-399540313617 -139093987223
46495221296 -63097701593
338327056261 -69477843821
-443904074741 -32326682923
223691163810 -178628749290
-138806336534 227448494572
-28668375751 -412983770126
115679609619 -117522414569
222120743530 -45099925152
-48510617992 78985864105
398886946018 174741888080
-75703548501 -74195832728
31164212222 -25137325960
-279813095863 157769666900
36803500726 227573191902
-430226970683 98119312749
154696226339 207255123893
9888291430 -332614803759
-18514099263 -271475937112
105582838738 259200034747
58751095633 213682995290
244497672447 -358123157145
398398742906 227869211278
130497577374 139826034643
283780427173 -280103448209
-157657887682 -416232101273
346064385752 -81790365099
-134543169684 265501696973
-36306572755 -135974304657
-87113643355 -132445467037
157549713247 -132025740543
138558062588 -181437846067
-363449121093 6560080835
159552200210 -61096515310
164963413305 -103632649230
-59675372914 472753241841
270122232706 187126842163
260265282404 172328829942
254661497616 -564770726420
-72374504789 -115073957787
-266335461920 -268383859747
135352972849 181997604206
377088471558 -263685380234
-293335126830 -12722063441
4929165971 -114062869595
139165994621 146085290881
-325156350130 -76826965869
324557584311 252165359120
-294651712005 -17212509560
-46064700554 36140255757
-149601597744 -513684889206
338925300757 40442834204
-3223461533 194867914550
352692120878 -337713286866
62900334732 -73691064431
84252014583 -107489738778
-90043995275 73585938134
129483950218 243042271914
356645111582 -82351356722
-83373044275 -333272100838
-219833344808 -280976290345
170653319485 -392567269567
171397094212 -74606941328
70437366255 178415170023
-537415913136 78122192787
161412686080 -25728833905
213439683015 322733071341
-84353804527 12983526019
102980577817 222535223438
106472508891 145241765725
108972451262 138279505852
-519691563314 -37411858188
27289390033 411205363254
130077810563 35425816902
-126869592970 -204855312035
29740655240 -83444169359
-45680789418 -150079274277
-242248231259 86157751035
325425180040 24003349931
101709476886 -297735848894
184527100005 -360013816573
-256154231424 17890045686
-120389304866 20214336518
-131988127536 130958998000
-273737143289 456904993316
-213709875563 -345601796476
475290864972 89914710521
79728311523 294351004791
-127908341545 9871133760
115270786698 281302564241
-152026937932 222627925591
-391550041609 113056536226
-35659008321 54380780607
320296078938 -35593138198
-109769018429 -439765814024
-77224351957 26520965684
-187295864876 -292511019889
122724235242 43478582437
-387869366676 27438203282
-421145171983 31654178954
-281025940220 -114163712615
-298716473659 227150529552
-58083418873 -118957590198
47704273223 -214859856638
-264121410284 -246432920784
-223744621435 167552708584
-16081039334 199780987640
-13067088064 563236304470
58127290176 -440377406489
538462414096 -149640026039
-9194146968 -303353373839
108381407260 48881805605
-117059471521 -272181461304
-118600619779 -103310425286
-122836924166 116943363726
13134835953 208570776984
426676808752 47764739772
132121795411 64294290609
132242676103 -413424831595
126659865320 -293269308496
-179876205271 147777120107
-405491394921 -102509308721
-266095244151 83631100213
-210815994550 -235980336470
-242158369090 -231615351875
-15155205041 -272440834916
194576557959 204349537117
-100093123881 139039049505
73228397637 313910062468
59306972 201649717287
-384424631697 -431468012094
203628811547 111146866657
-145333171961 -188143261531
336582716645 262730052506
155678868519 44707880434
-14413763399 -106921631548
55883379207 -87720499702
314120943597 -365034754212
35269627792 415014370903
81327058008 -89318624338
317809795742 -175453485297
205185212199 161385870346
296723333001 -128413304954
84989238866 -33513451969
540814339636 -288179547592
-76640229984 92816329029
-4556011220 -115300251292
-11736790103 -209438939696
291269622796 -177204019445
165133588241 -504130384988
192767410490 41076149391
-326843441886 -51665784361
-60470693893 246377629113
-200427959630 127481523230
8641465366 60288597291
-152030271401 134658956464
-30979765686 -231320933547
-87739359460 -131867241377
414091309420 278360215692
59550773941 -305139508227
152153235023 222300842749
238321769271 -274757407497
119674849797 -199444032409
-107729286855 -308384686860
-381320899416 -57993433728
-185099475311 -233253256054
-320214258196 -179684313582
324245338529 -141546750956
301000999185 -206151598904
221931327487 112335697169
-51411560126 99935822436
350783213691 132690351069
169885568763 236370418301
240639395611 413215767386
-102877424178 -218394701351
-96258253934 324490304300
205054466667 -281189330590
-179352471172 -404501675143
58113145127 -118389348833
-201262320786 -100084571162
-78794089977 288283417656
-246610845081 114129203494
-256082974378 -176972794898
213688202515 -208430274933
161134524141 143708856700
-427878870166 275260636680
-313426680295 60308211141
-155528864410 -2184403738
-370805230987 -86198755260
73825422158 -492284734467
48407196411 -34951980829
29751341526 200113554405
-272125091999 -138145570514
-58910219333 -528538163033
-112447369590 -198329706
200656439092 34203232884
-266939562496 272036951028
-304455380422 13813081452
-62114381837 -136016175663
-31928265043 -154757366779
-26451230739 162912107205
-370238692907 279428278600
-265030594040 -188249417240
279881408903 -174625644847
411832576948 253768939830
211704143026 -62720588621
-226680744834 -63525809894
-49066490940 223127881824
-143536080100 -13682759194
295549882177 -82441628056
-23289453545 -384622079385
-445417919116 97010384412
-187551043053 -378092059040
-254316378398 23739989742
404785297149 -163214291387
82999289518 139689605497
-192410176792 48764127711
174661722016 144624865789
-320498264310 262425285441
-47246862429 98544246104
-238916991628 33695345943
-243060021142 -474651291909
96599674344 97313609421
84905198947 -437886072857
179809655100 90654987710
247743446414 188260501428
-90724088192 -90447539393
124084768475 -254253712598
128764364591 -179649572222
-255255742620 102864827500
30503164151 -34459383150
13570892285 88089832880
364518109625 350430402814
81641614368 212240578834
238266152202 506593213118
-113046348666 -25037575902
48281826787 -260568667369
374269177453 175737761764
-78122469405 284372492047
-401801561154 -43063666475
185454231836 -36036118429
44060627401 178971819361
135161229609 -62710731767
364315713938 -184483303013
-72560285952 247669127679
-168716396442 -82361437206
322298434141 -334237874154
-270497351403 300748920029
-71355653700 -345244034512
291499450278 188442276031
-147144333645 263313018325
-29672659466 245402584511
364142957218 310040841384
134001102716 -148211814113
26236775335 34589311623
-486813187156 350983132008
53096858554 -213277290238
-290356833215 16747368046
173879439384 53702834085
443503880052 181001206711
97761271340 -290529605309
102906230733 430991793658
-156855242312 7947130324
28910748639 -107962589581
-322375727507 61084675147
-99584466644 124969497325
-148574383273 -55787166297
60105616390 -295817109599
-248838181159 26031804341
204773887282 -164411227003
181823390845 89378599304
-85684475600 447542866192
220818607239 -94872878007
189318542154 -21423696655
-378402355695 108114577196
515604925682 110440654300
105900768402 161879478175
281230463446 -279463108011
129208349732 18148034433
-82904322803 28768136111
-71663199669 -160468983764
-74505553347 -386023323044
-65832925210 -138464502787
262706771908 -360524424744
-51986382265 -117762426652
289867680679 525749590834
276536285904 78540107654
-31612211267 69549290882
204125380014 279305000497
-217139125955 178980663152
403662077257 -3495485684
-175285902193 97879371146
-58875379365 193585418033
-215308275782 -459690765199
13170362825 47125243052
153342791806 115957092241
84668217974 69501187161
429846016671 314135339252
153184397580 -180831824915
-30039504739 302424132588
-103085145863 -61296151419
155837170089 19103546804
-386148652523 261486351819
426527313449 -332899061960
188853267177 74256705165
158862300663 127251206535
29116194991 -343706164892
-998238879 255093025291
-50278069553 -90203678499
-257738910086 -390501194209
65071771656 -33981721136
-42207911032 -431505742442
-417082846493 102407056232
196156314699 -170835705486
148450788768 -160257628826
-100776686133 224192074493
30831607694 13314540459
-129552979370 -248015986899
-179546806031 150747136751
-490523137114 61858331258
-86602286877 -164539026075
216953933590 -354261679808
100374205333 -33244718191
-10160062016 -4321718911
-284777306980 92773917812
452108008099 343135901793
198884882114 -189768185198
-3353744757 -363460624669
165739996431 -380108973851
38462899567 347453435896
-20936408320 273398118813
-126650635338 98083184619
-436321780725 -178868389554
-75910380692 102853048633
34701397974 189458403082
-365630763261 223730512354
-219483668529 237373992906
137361934711 293921436222
74523815488 111591056537
-106498747516 482098923198
-168681161417 22027194408
-145620602495 68120448241
-235155945692 -65944716606
269848317115 183773079427
-23076000111 -55841645746
220780654686 72173212753
-525854341220 -189875423739
-189819227916 216030127106
162631049846 -318766230635
32994896545 390041939639
-24971201758 -330390908933
102881454670 105406039061
-114402671452 110925098238
494131482424 143504875350
-80503662471 -109396496665
-134941882436 127103563992
-405878619008 234533849576
51544912547 -100289817519
286144347902 15406338920
148092241276 -117264790152
-260121847037 -168884792897
-212838512979 461546570767
-421231070978 -300966200428
-146485495685 164296585764
159276090030 -68088198523
-129643497098 -144317559617
61548983252 316526432122
224241472837 33755267202
-495962438348 -9847984143
98133388802 118350651546
142670713920 98575509354
194921480876 40633657552
-33962438913 84637670067
65828949235 -39044847295
230046581953 377994623257
-66022132857 452935892328
251406718102 -191192673065
-190509320567 -413919130172
357770901434 -142131359869
-116672982115 -419817589151
209227457175 -14130605372
70400597443 -118936593096
-291902537081 1508556516
-393136653423 285307893189
-221414816610 -229156510135
33354575384 68671896191
101706683382 -37578496302
182169150494 -243080378446
13994000444 -270612666748
-105912652148 104232487612
69989080883 93516726833
-201892695534 192879956534
53783678625 -156745450086
347165563367 -49418066217
59671295720 -138096663177
17956681003 -34358116674
-406045739398 -184928968504
544607560061 -215205722464
-199910296623 33552564709
234836615145 -163687684850
17630731864 -626431663650
169745050119 162621821283
-196338338212 207201470941
107326826299 284306465414
81850684197 30737988119
340898890646 401520988782
-65468004116 -18631714575
229467350824 95530294900
-103895535049 6604447264
169700160793 -147813673641
435960527771 -47054086388
-294117518556 -137902019396
168387327560 422194509271
382424592559 -76732503675
-57721512694 -51687270266
-216565386798 163429183598
-132752013721 -372888210843
129803283817 161122638675
-368690462798 161746861071
-93710456275 -117842356810
123120082514 -94720257790
-52714617620 -110394669180
-284785974974 580686209554
41856450000 -127013572757
311935138583 255829966942
-84680871558 100673677118
68726484908 22510905828
-264252283354 -296185698234
-175827473398 273046213915
49134921959 2345222813
84028366602 101372169081
-23343521996 -489284856501
-280852287411 65988816201
399859327433 124058531001
-539442839502 -276449935501
262748634067 189046961611
-113396414477 -53367516345
60336834786 -35278409301
-90253593624 -94972683879
17325783630 78677568363
90812535567 271808632341
-284018415878 -57661727267
76287615881 -331842658226
-273909480875 278705912493
267616620479 -269161908749
-272164117871 162402935394
79105654448 -395490475473
116659500105 -65699162786
118544508063 437803224409
174763490984 267236808466
274775780579 -63355745903
-325384588419 340156317024
265045937479 -118203511505
115199892842 399702905660
571550211535 -64810263240
278913235323 -254911439821
51408354887 30218897879
-110944175208 -208515794711
181749910886 -268747322342
273633964102 331664950647
287196693283 81932387206
15870778035 -20890628842
12130048692 -81425749462
105736164338 -243142182058
65991061890 160122212912
-37329304981 66677773050
207150483773 197196189161
-143055017725 -76092605022
482520471709 130380233647
532947072404 -274750724896
-41895288710 -358308322264
-92857378869 228145249443
108661527895 186264507371
16382723271 310320294093
-29590837224 96248081123
-262413467851 -121280589831
-312201772609 507184220010
223769070242 155067343718
-114118094585 177727973522
-12332578164 -46071339909
122662039539 -115447745853
-73985602060 27069227165
-221109738403 -254885003269
-172123103539 -62901344949
3432885297 27089647305
25943655619 245739852755
-334868158540 -304045543395
135560671722 143426280978
179745152159 139217297766
422590680285 143284153615
-164783022534 315843506967
-11245622028 -110693202998
325993300717 -108764034534
-140432613827 544669998626
-49074158593 224977949798
84691763319 231458449892
77521960381 -118503617761
-215864886060 106163756634
-16239443430 177835136902
-289856021271 -132327808715
427643735281 119300625192
32474012525 13863676778
-142469961696 167044414192
25995041879 400586284320
-243268973801 227698705037
-22990346705 -204161427952
973891236 -193684688899
474079083739 164635182545
275779154189 -70650414336
-106372812398 78223707436
-99555307649 -141237462697
-35277110186 -283454975987
124161936384 68946077618
155503001222 -281002278715
-1040956400 -497459772454
-345540563718 408321221231
78980935345 -130506038723
133097391690 -142958351262
-165972865705 -76276309774
28276252843 -95634892585
139506642776 196850196326
276934654728 346908494489
-249497802155 127120597422
274227218401 -159926490557
323586810447 255949045846
164186200885 -97196895231
442747746150 -12649524772
359002849470 249609137724
-240550812859 -108746776822
535016593491 58746995037
-57868851147 -346410149587
5864736000 -154576493901
118926165212 -42287202482
-334860130629 24062992859
252180096995 -309159864566
12140220775 104701825859
230123663652 -532671044307
-122041118046 -81849227265
281716525353 114114959839
-71543678573 155780257475
-197351457530 -13690752193
-148342292122 22647454056
-58767207540 40501233794
213655750340 219811196189
-46001909271 -470713650279
-229494808990 -347268635602
-250158988715 71349432975
287645323019 -79226398779
-28767022211 -79850817611
233954731937 388774366255
-41210152721 127628283892
-184692147231 -369832854664
31079595059 -180301879424
220349740119 202122344258
-132963177348 158125912579
108471083239 -160642323378
105679804361 280734037248
466251313018 -348533249555
254505667691 117380865373
-43002658111 46367413933
-103300535935 -98150290156
-449942822334 215610160641
129126300785 -100823445806
-14709265156 -294461514634
114510919584 -31184654237
-158966406571 -285213011600
-492207943878 -104525964086
154340323865 -320604157735
-139781272887 -44001370739
143722001680 -279901748057
-383629735918 207393169001
-436375855206 -310945892362
196867764763 203822628757
172014906458 280440859965
-143515753677 -80905085985
-5310150654 535333308193
-32742065593 160317701432
-127473256704 -286398767790
246842408190 -145552940597
208194995401 -157528884750
-603676305436 62289930706
53455987318 131417193678
140681204339 -12384696835
-86472389012 125807425549
-34079918907 112268879687
70189501581 -394939569315
-27151627774 -34295055135
101312311364 -78008628093
-72342879751 212940685123
14332338923 434276252363
-213866256948 -15552514616
60618952177 -187787533196
255070730226 -60500019771
67014095721 -157577155381
147701235177 248932193642
-154094713388 387158969835
-51050307634 -46130583240
-166077186041 101711422849
454025415893 52772596396
-291894608882 -225697721338
-313660942747 19354994550
-285709883718 544365427516
83146853462 -147666634905
264959810263 100762517194
375941867913 194373811478
151336162505 -25943910534
-210715093836 -131597999217
-206734980387 -198915660954
-163566762826 143830630650
84360401539 -302785197817
189539392025 -56822489889
175907729271 190600134134
-82948348965 -433852918164
-96864326955 95441101433
487004354892 27547910157
80346893548 79387898728
-106625478235 161587625005
60682030457 43840131561
241564801232 -82237875737
-6059449006 67995322663
-2698486271 204691707945
-113610132368 168702247677
-9140858066 610350832628
458472131402 309967279493
183389976674 -211012605542
431891104549 -95292907114
322103777244 -92895445184
137184240455 55275805027
366916188229 421863219741
-253194586793 -118541611005
93921115228 109750166185
-170367424078 -77878080098
174097072265 187966262609
501383099843 -79879859663
-119014737605 300799260293
-144471407501 180954165969
218695648535 -141079711265
109598233851 -206089252558
341035250958 -186041898885
-281931862044 356180421354
-106195803079 -117712823755
-35053769008 -20797192566
101593715301 -194504634854
-104845656774 -166743887700
220336442034 -157189604003
-123971755996 -293609488638
91590310916 -322420486380
-291429515276 -326014838083
-101771752417 -546166993070
-121631911575 61640471592
-113394763276 -81031272657
-296651006761 -161913250072
-376233026356 72462540388
146763010513 217687113233
220763516601 -504180556731
48605576073 -68815033913
102722813176 311018242208
-236391989914 -100717713680
-194243891418 84417674584
235507952375 60705915214
-47566330769 46678193853
350495807865 -5835529283
-96539098496 -204426879825
221903137178 107293446101
406827629158 -350822192130
384404797108 132634155286
17704854391 -161177859789
53949622044 117041145333
-16630366745 -438976435488
-232636838732 26095843574
236181970214 170595575315
-29206252747 122649736077
186887257394 -256839465493
310394232812 -42167790880
436780143649 536282339739
355801332133 -20947853877
-95164295046 56867604539
184361651860 77075472736
-298508211998 -192056014387
107594787538 -69353808996
-94021425886 14685530461
-33963643580 228537693608
112890192239 -149828137284
-317287479879 232313134346
-347733620340 250311318796
222741484540 -297141819002
-51344074138 162500245880
4323317651 -222715794827
151380505504 -133201947567
-186659514512 117948155998
-124892694843 -36174476169
138659688214 160614328778
83301979575 165078169528
212782143101 23442239167
185358487199 -328024979408
-154084786395 -285603754599
51359153663 211044032885
-333038808850 65273604926
-93792702485 -200328664568
242367974776 79615389337
-236103236633 454588827997
307740900169 369523700199
230172405549 194964636303
49307776413 -259213975939
-212531928225 -13457285163
362274399257 261245780598
-343622817426 309810799019
340090005338 -127217234219
-123259015544 -376728390390
174382749071 -213013699001
-328457019812 510188760367
386022910516 303542209939
-167044947917 -270783593219
-46597333502 -162093683544
-394468221767 -227357792206
465865219383 -195610758354
21453811631 105746811196
107412086817 33076914003
-243458211711 -149271379
14766596072 195184392271
68707730759 -77676265392
-1350846067 283330508453
-71400053016 -217449513681
190945785209 158378712186
12141927174 -143675777080
-371794815102 178642142882
-42310714331 71383289706
-191968339188 -63360428991
84900358473 -144603714240
-24981399677 -362885346397
-302833420518 453954181993
75427986763 -102690786620
66614165816 173806377166
202629257983 1175571960
-257736836934 76966572806
-270973083036 -292256780816
-50024807178 -151891489667
432228925824 -21534452799
-136900920769 160876620368
161534461292 153781407684
196490156136 66460652119
-146296630018 -202516180540
34449899762 -187931281332
315164224181 286323702057
-404207028709 265126167415
12252084506 -419247947971
-320110627042 -156380909510
-220747495065 -54097547887
91419618108 325276276021
-441176872324 -234051608281
-405840817958 178089887770
-105550350108 353142543788
247674724733 -31801993255
185450758598 301617965003
336085541977 173415993001
-80176035237 -18839702355
-137419966188 -296876324669
133611494503 -453067213610
356411888091 -55204684687
312461764868 -206261914456
107713636648 58553639865
27776132812 -234777081200
77659761902 228325537921
-32368986217 125212890263
-237461803555 -86445545472
111415911457 -124563303191
-34851439700 206721097605
-234892526918 171748788679
-332799721374 84399461369
244357555472 128736726152
-213526915098 -312991777087
-206024063556 235644583080
-287703378977 170725567076
147756277323 -99063791583
7838282271 57100381816
-370885458780 189673005693
-49906017589 -100367061553
131838216477 143875460252
-234061184911 -417035633257
50847757149 -186993084513
-139841574566 291698458187
-78343209796 192507626789
-98903346173 -250689191019
-20114950091 -495237008093
320259793153 248316700608
-289520985927 61210428511
-67110294139 -17196482855
441879015283 -94867372382
-194732482095 -252219918567
112130903240 -39712172435
229428978429 174763501126
-261758725821 -144521617161
132191883179 -381725969717
-497391711750 388932966343
310525563016 62744686501
-232549039823 -6082676150
-51805005043 431754445388
216097182076 409091433386
4743014515 -88256756092
-202730396535 -186694048739
389212836093 185782409646
195969582099 -228908203039
-77320569434 8255720378
-339848105023 45029843128
76112875977 -262823150972
5840943871 135372840446
-71226452968 -77470208207
14211815444 -59973565464
44438999482 -535621948031
-40336938602 -149458371603
-252655676371 -108477956937
-136310769053 54922345997
-52640365794 221772849600
-82369881406 -184845227866
267989152585 -224812295098
-287363437425 -96955559432
-334361991683 -330941619933
113403951496 195864823446
-342551273609 250140793383
64069385960 178671602668
187831854294 -28248717531
-362309863673 47069200945
165754812486 -129655832766
-251456162757 86944745349
-32566754799 451612680485
45015046829 -45483620142
439186838507 189406787426
-225166749558 145034198321
9435979005 -106042939268
426226740315 -137282374130
279701271393 5410351379
376567680622 -22876189840
228502094191 -325401050993
-193802543559 -17346877248
-49786125885 225303417459
-112903683671 -3167625159
-20794585288 67101490083
-264149957310 228402541877
-152847689694 16346523806
76322860590 -104826816533
144431796722 59306575095
-51298563130 292596088525
201118870701 -188653394996
179985538017 238119822299
-470732743143 -575431655561
76469577618 -377923480433
234623712769 -199881495629
-122438094017 -221697938283
3175489509 171946829178
76179572271 -273385121746
468186717618 -50074507219
-258578092300 171953970903
226625747549 315149321468
-181331352216 215720905102
-283413694467 -87446559025
118713701598 -119345101454
178648030309 164156152239
-363852155397 95762876963
-63397606214 -371431444501
-53465275798 -59759418124
-90743079767 -576121757249
333697825474 -40297428495
8129256728 345003581674
141781285905 -182365190062
125562292477 -69963082499
404511954031 -32292315199
115232383572 41991968607
-160799332328 -157157743621
-116549390681 -337587098994
334733851446 178137327886
51926847604 -138007435735
103913716092 -239917414575
440480548957 167509660371
-102641457822 50537924666
7283217154 209005904880
234559178601 151361551546
-117098056292 -370128872408
217106622145 321971133065
-307444890025 135673190421
150282704624 -92582357333
475302559203 -67986918261
-33139819276 -85383243193
21852380453 -32771781388
312164143295 -475819744200
-8991859967 -323227041965
118753898547 -160519486703
-284204569219 152859535215
-58316152453 -140888492376
-52442113998 26605203046
388989278578 -173015425639
78491763595 265037718638
164235423784 43839492106
-164039969357 64369282302
-208516548935 -456981972804
-222404663430 -111162265591
-177459728651 -61926473619
-28859400659 196348393311
-294385103667 122717018376
-93569920056 598406483326
-136894621611 -112460333275
274546982722 -36557421285
139918556800 -317813569467
-159577100421 -31456713227
-141554059745 -293898860080
-83434362779 184306208260
186877667852 131258645744
-545311492207 20450711681
-258385623149 -48471084644
-909699072 117005213180
111619314273 158320551286
79052206554 215411608113
75447651172 72619227491
-482372045293 433715031161
189754257491 13357726675
4834510552 52133287656
-269789649397 -180719326926
-69647207243 332102167535
256389195438 251067764390
208714967387 50800827720
451507463918 -86447305260
216886264034 199474530982
286247936649 298294185208
-107961967360 -45705852106
161388206533 -36330509078
70543854323 -75931200706
-32370363890 -88824352425
284323474501 -433399004754
-250097459024 -410919669792
-46312199676 295948439224
216212913096 -248539495566
31586694084 464939662015
-129045437834 268515078569
21137576309 44885564983
-8962730973 -55548387523
139026619381 109767108022
143280010428 -71691391792
-362287302013 -273250504854
130271480755 163300432888
500174368252 -288681466457
337009250160 274187761832
-45177302379 -252636525516
325506375942 96748780019
366848699949 131289772232
-33861791665 264881686754
147585722317 -324625893812
-205943093292 15695417472
255497913413 -95742426211
88917799168 69685172039
-148004081266 413748653601
109057622860 190964125424
271018601401 -46661932551
225035261112 123580435446
146942254860 -185100882854
347483576487 -30169389972
-512364865137 -99587608123
-170510239238 -92948117992
-238435852201 -326607818983
-41870366944 292282862459
-264614775728 400361731694
314784873985 -305705546983
1181531690 103206146534
86723674189 -82945106311
136485651695 -39236440837
329685959747 401024206506
147669327989 -70271799719
-77468591404 107325677798
89408227292 271367173112
99099122905 73006869654
58504649028 -152332386340
-190476177947 165425767562
-153880730419 -74214748304
-331152657080 -73676135505
-48595400739 -66169894384
121565454848 -20510300712
203785700849 493814022027
330164906962 -223559595938
342917685685 -335929315535
-718266791 -293416853226
73163185506 -81889601056
139550603453 122472457245
426425233544 -119860595057
292049693106 101555525564
158770356987 -107198808323
-157684836976 -131544182400
15575205168 -229099357282
85466040320 -243086125562
-151704578526 295755396909
411207848563 408278466870
70759695131 -449701503744
-409531979095 202905528811
56581581914 -281227850593
-466587299231 316095860140
70248093063 146705665461
-25305774013 325841706049
191899595312 -36176527056
-269925809021 -436404359671
-149998551865 125276672824
134355577502 233260120601
-412076822532 -78464360083
-126849795733 -37029366668
-113521879113 -103196309763
283947577918 133486925452
-252207835252 -134162883673
-199084518987 -164102934989
-194198056168 -1674781797
-84045598968 125187096711
123280313298 -120186727362
-89051873661 -277470393128
-163769131287 400472172327
95481489063 202186315885
-136678017818 -42252392791
345310458066 -3111155640
-26075256841 -290165611813
-274535509595 -162355063843
219537408754 -8855986381
-54061727785 -44318104110
37058432435 -79552994495
287564242036 -101709065221
169454407788 261269192050
232438215432 74931551239
-354138531695 294547389824
135050501471 236203393572
-509704037547 108325853896
-108630624985 -635029892011
-107236733408 25819854647
-274594235455 -44267108406
-116827364860 96103580573
-127917993578 -156174497565
346932022930 -20803795262
-163403394270 149348878314
20447971377 10361561360
21377110887 116102387466
-76938262654 -651069775802
170501724231 171591123464
81430348221 235014701525
132782189950 464370990851
19710913777 72753459056
-248582475937 -302474319399
273928930720 -2161658902
-133702654156 134627921881
431542920575 -240593277353
-309546556980 68040317590
-349346327252 -8820604603
17185221879 -5998228746
257324648588 -45272283534
357491602304 -217339294760
4204437923 20270635864
-198228102143 -110584473086
57005565345 284584378348
-293068125925 -72457620666
-277908969898 38927686412
177764526702 -319382048242
-112841118325 67467829942
-102107270902 -140645040011
-85475629823 -76726565735
-72028558854 530420122335
49105881410 355857127326
57541819001 9095551446
130834652012 -175527778684
326188568093 334332399822
-276168082196 -63615104264
666418081510 -7463388401
54093352972 -12059799032
315089018346 -287545308437
-2874710913 109635515107
-55399332974 112007123874
100436275492 294198047960
-37170227359 -176981413944
1603116578 201549428427
101878252799 187608000627
-60691209714 160076460385
459994487831 97849262412
-56784418694 -86851003656
-99707361556 196268339920
90404175641 -67454108596
310045844927 77852494372
-178121042064 -147295879638
-316427934049 -832618665
222623898448 113366270345
-195815351083 -119355637178
348548236527 -182489442556
375726774526 21380309699
155810775007 29226325373
100002522455 -98892825099
88050371306 94975415158
-339011266711 73597305895
-107768524135 772248104129
-76708472743 -358210454429
-183900408208 -127887254962
-203533273436 348386099141
392020780627 466884853461
117035978662 65672643450
159736021843 -150636698658
84092907439 221380517406
-282986173563 -63272276016
259618087569 -38778463698
-185236392395 349559486819
-5792931280 -300223268184
239738277226 75966473680
444825582930 -79679633199
-167839226468 211560316794
-119440264266 -222676875686
-213322223023 94474602684
-278959888999 185115490691
-180628352325 131642455055
-267065474346 27682231811
114497765584 167411271352
-69250223658 -393275463781
-239049988652 -734212238426
285775275414 -133539216467
276298199142 185661275118
39014481625 -174654962834
234766862199 -19986734929
160844921201 155150992526
147282703059 -48738840005
60198953588 -101247100823
21997380614 -67783962511
45592520422 22593114407
-135980590354 312283993123
133508412302 -149646674656
-578307470280 21749762260
-385738210685 122697939904
69108245644 187244872239
-145634665743 -176542084352
20067991001 130136568408
-22881659286 181434152730
75109103439 -95967672316
349796710569 -274203681250
-225167977188 58416192698
104927433778 -472113664401
67093875744 179840621742
-366611239612 69971600155
99820235887 -310587463111
-210942325134 31894481665
-250107500791 -369971770346
-151599785832 419220426186
512001758230 -1482640538
-137994053800 -9856563512
7985046603 280816237415
-114494189294 -179674972394
-54276570762 75093185330
-66153652536 101877366250
330906188244 -67051615091
-387611466259 -55696971369
-47692474925 -309758637580
64500158446 98399257626
258075371014 22407445819
157876027349 292163778516
98864335897 359290321544
-357741896971 -46194717124
-189278484411 -76965810416
104201810769 -394415057092
196219712734 17581163774
-289365365580 217970531259
-132672382949 -64613752996
-176419054707 48113221901
-61798951038 218962584442
-203821370713 56695574611
-221990585163 271727723093
-103591561868 -213014208304
-119985432018 -254054801108
-123540184482 247487893803
256978214142 -139575933801
379541940421 180580438339
-352444101214 -225877408811
-381277752404 232146653969
7997073979 154264108839
172704077182 419540864654
10339006212 60119559408
311395121223 -8287359866
-675365125 259614230963
-209260496236 72033584982
-87877596890 -245930975488
93345506662 -153556090778
-160972036358 214538432590
114156229789 -161003594384
181946168477 -72264963236
37658534561 532489170051
-308552956473 -430786572748
541115875806 -17233772730
123909120580 -307746360156
-39864793284 -221498116194
171363470958 -223499919309
150894667423 -251037183614
-115080453723 76821752881
-240555325259 -173118479264
-80257861575 -20384226328
-484348399622 -6994072151
193236068412 112963730678
55707330472 245777944860
112622471231 648010365646
6703998342 -28169513673
-398607302271 -158348521184
73023492697 -62973620571
20020700884 293516216514
121508339500 39721547188
-200759011023 119450140406
-25408766378 150851512622
-235763219316 305879731774
53000762863 -219785120009
328795292705 -188822407574
-214173463650 -31127894510
-104046769096 -105101642518
-47919862597 -60903135569
-34123145559 -305603801071
450343141263 -101898958661
-161273105664 217788220451
520594143542 88726159651
47671783323 345756208831
-112212103513 -211615299742
-14532795237 293601971730
-270225139840 -54902278275
-24389276163 323266704360
171048471229 207475422727
10117170680 -75492373793
-411782334563 81415685825
-143106020923 131112799863
-502306568911 -300322396699
-305472582202 -43264600272
245605935520 93559993521
-233900495640 18643843127
-82503231530 -175095739370
102091255708 -474077047525
341434871027 -224042691780
-23066176214 60291251312
151417628559 21903007132
130530566328 -37853825753
-238625982314 396324141025
224095079896 164817021247
323552911053 97221428852
-77868585493 -539710823359
-107311431898 -97947687534
24710411186 -43137041726
-225112838609 -179726414653
1584123993 302441690320
-184586464953 102198893685
-64035382354 -526362730
-393673422445 -164414281156
-3439032044 153032507838
203758852196 328468373175
-50551271670 222808187560
-301820423738 15640646617
310329606039 -315837031364
233119643188 -118446585391
73215457219 119042676955
62143973048 316612978660
-536595637608 297240005789
-9397063995 40543661838
-231994515460 237796098243
-258713671817 283029052617
46469561626 1393985745
352134826158 -90420559019
-428692525701 -153185973768
461302668564 -175739888262
122606101182 -177001147055
-168742253876 20393774489
98879069201 205688412961
-104296355799 151486820574
-31507079464 -69180878640
-188623667639 -552968772933
108133825373 -135447857386
76858551829 88144037636
-150630924215 233406061532
-236740840739 -286776410653
267082016457 1536560481
-110326300867 -121552420586
-251221127898 6285706259
-113245703154 -464334033582
-217395746752 -52294144054
239675966811 350239560805
210814316662 578555619
150537034734 60145147276
-179851225200 208293003407
11648910502 103278454661
121174659137 265897205807
-304188642523 390698865607
-359198910269 251234594238
-271575373099 56364738901
-157564920497 -61116548375
-3719241996 53143920699
220682320238 -253312083112
259409775805 69558123263
289521396349 582301991630
-72528772230 218844039115
417842853797 92247912364
132344353592 -18076545476
17776938448 -196807821601
251745509267 -131079055125
-184044001780 -253209165304
-50754156890 -176142177796
156055542897 -161412359486
51706565782 -7825215327
355241697939 102571214554
418952184144 322807240848
267945180764 -100507421366
-199998943362 28102203869
50870339481 286344474019
-147798146162 85169185320
-97742500677 338447609672
115398817846 14008223576
314391893541 156728605030
-145147053653 33103973666
288346204835 239860249041
8116276792 48599555524
21278780607 36504809173
325240605552 -617704054072
-302562845612 -71691019065
-273519117182 274867194402
61981174222 18667901766
-102726747064 -110555683130
297723338884 95080041835
-240695506974 41612812904
-139507420061 -102823583639
52972349272 -371313607546
-249019617601 -378135918954
-196760217836 -28933820343
12278255643 66922277690
132707448894 327998916318
-115819274073 254882583905
-453343152556 275970776720
234832331602 420785027027
169783008828 -59763183437
-66310332929 234611488047
148322736378 241790485663
203976950541 -195988480479
118013122198 -237303005740
-412343441428 195332147082
378697975068 64684538903
-162562229525 -228309222774
163965107598 -203217805870
159729122000 -178731825003
-264336067870 -182273874774
-273202538616 -109404151551
187571485618 139874526522
-281451483696 207965109617
-586391144141 420951346744
-129976120936 -339583312865
127615208900 117310805391
-29324850285 -7554010381
63775277093 479652043636
193829155284 198057085012
-67808722689 -80695126181
336795333396 249255119229
-194891306251 -138844099547
-261361003609 161671934710
21099206999 -152883082968
-108173404564 -230596949308
-79154470351 -19824328487
-179478386959 -74679170085
-12916494608 -10386741238
-163700104393 -336391091132
52951969611 206043877095
-120064302481 134698579022
-350461886004 41562908460
-127233368408 388863348261
167322195156 -49683284753
-271523192752 113990999177
-42319480506 -459616342346
90500043421 -32479532489
-336000784673 -26545141259
462099250316 157908508849
-391025996869 -171086871501
175754896665 131962505321
65170756826 196780589871
-159486954317 457878710203
289778884685 -209511189850
120558103318 136995583136
-185677804073 237673983159
11484148300 -28178480924
-72619044085 -147463240140
166089276244 123529667331
-203152819118 153839005548
-152684880862 124682197367
-411747829630 -153366215290
86611144047 -310819188650
58017789393 -18170704534
279467369568 -519815005727
-149403696509 251708057708
-295189936091 -77495072465
-116309386410 -161272605150
-396786503725 233855956304
126402072255 297550923641
-267532686848 -123919466270
226547637023 -144076460382
38404316625 100012379961
-123380807050 -268863666129
-157589144160 -368547679888
-427885833867 -198729143345
147642434161 -228027652292
224962343660 -8576013240
127337993927 73821990803
419368597192 119862832592
-184058941086 223157646872
132762194131 47971903543
-115542935057 97732082443
449649444817 52744396352
-452267720572 -95302145541
31599085993 148901817402
-159386392095 -130157859064
317073679100 -101684084709
57366447957 283590435928
-194790261284 -321711818663
176025475293 -433732171944
-84556570224 122333949591
-114841304925 -45470891107
126421823706 -321011036448
128275387205 385361717102
-109505870573 405602456644
83436903518 57741286421
-50036729355 -88744857623
-256531712015 -23339689687
-205200430104 358288628224
-111778315364 179801725507
-37377130294 122514396532
-102744163916 -190502545206
138018623408 70767927034
-77316870035 121689505017
-482202406161 253072227376
46489590584 -98668036854
-6991264639 638477943945
32069815278 58019326901
287028847656 39804873355
-613681564706 -326150892485
48178747619 -97953398471
160747013971 73901111533
-203683010611 283115206195
-261152372233 -139207663863
23398487386 -221538685917
-135075308705 13935668787
-53632352950 29689322218
71804399631 -167416766899
-57251428074 -295807525785
508124483362 55635584513
95991161974 558990068855
-96658059989 114581088633
-170491425922 291536624674
537528059695 29670219691
-92365961719 76044565823
-34162355238 -24060644988
275147335693 -297390949531
6335001833 302366642660
-10463648879 219734470810
-306536502719 -16000202168
90625716110 -163212040812
-11953744972 -245485459424
81533254676 120098226613
375043043043 -66798901531
-201279926087 -358149482621
64053618600 -227273500114
-129310674388 -301699964269
-38206842588 117123464515
484374229626 -222133316019
182352415960 -5311074900
-14051783771 -335367789059
-224095594078 -304254003908
-85864292034 -260180249093
234208375089 -77972560692
-22606475026 -318674194257
-46777580613 228453499014
-395080903488 400321438461
261445737839 8074093950
-154762605482 222496908493
469662639786 256268947607
-181349326659 -139002448002
258476095150 159682092022
4965661043 -127042186673
-110988756634 -158006953966
116128011541 15739350503
518159855817 -294900065324
25538843551 -46109717879
371810906104 205918159554
308204640027 -180985251207
-405287064530 -506210471457
114241681071 -264224366222
-263418424078 17098737586
136275315353 -308576339080
76496722874 -62707303189
234192005598 -264335529914
139500067203 -35334955111
102352990523 -22795050060
1339116809 118980002004
54559174040 -283651906973
52336540043 -179152835669
-75062850512 -37236333710
79074319925 -172773952083
-349615580188 -353932176649
21430172068 -185888895706
37769614007 -144327853140
43156245816 155742143626
437497357373 207934210168
101363005219 10704849253
-140740602466 563476691896
129831493471 129455633462
-66128240877 50365805056
119806578907 134588134378
39895281374 206584332652
-19549984285 -260830029673
247868478392 -69729906363
375341482207 -51026126257
-52939012732 -278434251910
116102974555 -344253662225
-98382237858 196415768355
300081623539 -100154931827
138319034878 -114805333331
-142095108034 -318680042509
569645869108 -88813199280
-228513289570 -257065793583
68747371686 161084430079
-35107305544 -222489929836
-320815477079 -231492552635
400569971132 129016695129
419332193239 -37200608820
196914164758 160458622628
-205132759111 53571793754
128210028613 182089661408
287412253457 -123731185534
302925862827 -137583389965
-89598109509 58381809749
92827277771 25153956305
104016329362 -171816860581
-206113619322 542448039230
-106535484199 52856368787
237001557485 92491554935
-146221603169 199813586157
-73360997888 -509362550564
-169994657889 159743660586
-228568605944 81545123278
206193861515 334909269012
-22161726372 64113998383
-187007378668 260951832618
17585291868 -255032534081
102371734657 -39049173844
-246307434828 57484049939
-113278207763 265091841404
74086777993 -404802847078
184040522070 9805724698
386584146627 474784135476
81706600049 -105314401104
-68830504997 -206809326866
461993778740 -133838421455
110239626690 -104040892193
-497481418606 60247906522
-297969341994 256446632010
-110501436340 25025490859
239827603198 143740306381
-77530310410 -57268295696
15785772591 -190321310125
205366504654 430679679004
-88045548937 96996789935
-61583553223 144760722863
-157065271906 544599189214
249556852963 265384140929
369285057591 233054625315
-51768506375 171346265816
391054357911 -10087808466
-191261929890 -319764046752
320836406176 -160984765569
131814680914 -179087977021
-507528319317 34728374878
179645741607 -202349262723
264066003918 -8928640860
-162043794522 119314489656
-50029846045 -100101181022
-101032383165 -528104761493
-176828662363 13425112521
13897190706 -113784570295
98655005640 -9712471341
113528267384 -1481834354
