# Packing of N=36 2-dimensional subspaces of R^20; each block is an m x n basis (integers / 10^12)
# m n N 20 2 36
-20980950330 -313564568648
-18947127351 85410713487
-60807612512 -91097773860
-2575108418 264532254654
-249847806212 101133606433
280453357932 14459246301
-30360668123 -220830235467
-677078068463 118352066001
119796243601 -635473166867
94209712352 -36159388600
-131169047745 -11658971570
136762742395 411541275155
241108049372 205169855447
-141427871324 63785842336
-183042898799 -293388013922
-281493293676 -43055434718
324196045353 -81015373469
16029684770 50537366611
-19416437767 -103632676493
-198270025889 -119621170262
-114659702584 -87036636635
-1540414934 54545985099
17442573638 348290207751
-225819327542 217285783408
-143185627068 -22020028245
-69161236293 110605581287
433053657486 -3089466308
147853869085 -122746519655
22671702711 -183589365229
277332599002 -290208181699
-139182766390 51561203511
-234911585792 187193448941
226108852468 290338762460
-367880488024 -186016480867
293872511172 179789195900
-382981449939 257265769599
267706856211 205125459786
28888864914 -546678081487
-144464836822 -115328223115
189787068333 256645910914
-329709988796 -357204230231
128634216021 -99275822872
-149879051332 -131711790001
-160341055969 -23837836403
287152421750 -154611041486
179660511898 -276878272190
155052440179 26853752624
289493401518 -222618335417
269033005098 -279693647520
296217326862 -312285900084
178124191483 14396752434
184048993734 101969609844
368501421532 71115697619
188505817019 211482057170
-220430044159 -61633115246
-160482851747 -203523057380
196533828399 142578680628
278820965858 -111822502215
120038347979 589441381730
42614330707 -179316621392
-237106650945 22699124681
-207130555247 -460450103850
223682260997 -332396808854
222605856095 -214974713191
473747536141 167827832595
-190052711527 162690617485
-153009368001 -257087646686
-305895157108 -86292105475
248814984817 324268033391
-13850713376 176608884441
-304464665188 24632067323
197658346839 -223668232666
-235254167034 321013970956
-73216178774 -283216046272
-136999656792 -76299892939
-4550632943 234986463629
27554266540 53797201155
-32261261292 213875213165
-5377412705 15664815428
-385431953063 149784735349
64336445505 -52374782946
-5129386453 -290163629184
177146888940 -58085836261
138574563534 345016184545
315290640863 -61397144752
169579341331 264559684670
-210579142024 209852583917
424646425849 7255650052
76316067831 382924430520
118402342135 282807790666
-557664534678 186504053110
56094226639 140441938599
-50631238789 21986044996
20198629797 -68812519155
181699640076 445996933441
-257103353126 -168280885038
91818717687 101617006116
-381797560803 330703212236
30472579769 178119428278
34935552204 88391933185
-249684296639 424539643182
89303300151 478726971908
-351586938232 -55346352079
-163110872941 395671123738
151165796096 39985316017
-27084142962 93757437142
-235623010385 -38813827937
-127312956584 -31695419731
-293739012411 60156713730
258145155058 230482635189
-112306114175 -199949587862
-17075728819 297242868375
-183204375240 -159915922991
-113305772068 -270478489984
41565867789 -46140777738
-196813043424 -57989742938
-648927848073 26745795432
-12940225904 -235001898954
79964871954 -87001824616
61584161410 -255458498554
-162994267398 -160429645047
432099564658 169151503715
-69128615627 -184508271216
287520342496 -206448537163
-313292493008 48180194198
-282693919988 398881308319
122060274173 -324437827750
-329739017815 -232823831882
87728436680 108210363496
145198031915 -98155524416
-164872021267 -134127116500
-286484673206 -397595896318
-177722091364 -29343004699
1909635263 337838321318
-60575206471 -84881163656
126279941489 -47824625837
-196190738557 333773055150
283565992635 56598634081
-45642869629 313037843777
-295563931145 116560961833
-212796907819 155357645452
-396171269978 277278007239
409584040791 -74829919409
178411318846 226004960893
105851181294 262413014760
112847491972 93500090154
22968785275 -102027714140
-189323075026 -174193163670
5173671928 -98465684172
179284026738 252524696973
248409671184 -183278349433
169210862488 -531936510729
3201031294 169266604520
135884134284 -131125141569
-265130862689 17618991199
-398577067306 -370130972467
-264398122551 62561609522
108844360481 -127729117412
-272829686804 -299286153657
-107400128007 202441411971
337751556922 18082370317
237292486179 119546211451
-277492070214 236014217850
606616073185 -128259158322
-175252115689 48967282801
-137197327943 -461736651701
-250285755980 -173854831225
-49237654311 178474884179
-146168512312 97399814614
-665550600 -151909672684
306142324070 -91107211301
-113144677287 -513947758893
61507789568 190537716693
178533406380 -350766856701
101065886382 -6750322146
-63174753508 59299053485
-235693160057 -174183749609
-146704590585 -44949601620
120179617020 165804622054
27525019615 -328313302122
474039293462 164255319070
-38106156945 32744778332
-292221912836 243751920681
48523196093 -263307708078
-244018294444 371894897862
-340222381186 12621770465
247240991609 -57290804937
-348472301740 -264724626696
-150226302498 -180382269528
-59703526572 146689058624
90432683623 -197000087565
-61126773653 35784869738
354592467831 321560241575
-196093729117 -71865156125
86995971906 295180231644
26084990499 301313382174
214635604999 -75455762337
-133063445936 212729563196
-168582401114 137298428575
-159845620671 425376877684
283634423257 -233711393080
60276325339 150412294053
183107157200 -108009383696
181318727374 -46612238983
396015450396 -426952765367
355782633204 -47936978044
-104123752666 784598467
372750080753 182574195247
-31978572458 173331177669
-20329400628 -365700883084
203206092345 -80819102490
-65481367441 -193472205212
90942285081 224532655851
270544399450 383149213244
49985925306 216277869893
-264137523161 78044095017
-145936023436 -479743452251
233731214703 5037023111
192072092708 36903891958
-320549438194 -40317420125
160959548508 5076158978
-282053275015 -252604071512
-113353676073 129894329842
-134102251924 100895891712
461615487096 -272451431203
-612726723899 180830953367
130768011337 472760499206
18229325440 -239078881191
-88615355997 -451232297576
34945554740 37522742411
331709403985 169605480402
-133406434486 -219041164538
128323701584 -296022221513
167877950406 -64109453870
-78098481358 -141749465344
-105002862211 -67688169232
-130149987000 29173294359
59323012028 -187700130819
-168690767138 -180514287460
100786814133 233830883936
-66765398255 441717022375
276612464826 -213308824579
40944029631 -28117595438
-142918938572 240399604869
100089328340 133668831883
-119457313301 -221388045585
-5391316952 228821457336
-229498480386 -41941678805
471685289051 69727918875
116463369861 132713602390
44119035218 -426409101351
150758916257 -110088465832
330014064339 224530585543
-89378814136 13707492109
-427974991587 -7249039773
-44397322076 -267479617996
-69370897512 -273337115783
-285736853464 105592575513
-400566743386 128672500121
-101343579943 -372513126329
74626755958 316513133202
113316443599 72962464302
513375661985 -164745022453
-110504642614 -17879132230
-89655807694 41101071693
225491014117 -86766244555
141896032466 56314105151
168756701636 110251342246
-225277419550 -217226706835
62233574129 517311538989
-95112042224 -199739811466
356586001203 285601737795
185920478711 228054275561
-158352507647 339465343842
-256834110626 115832968322
-205797554643 -258631310392
-121176402363 178310115292
-157802346098 14162817024
447024323212 -323413922113
-11380821837 -148605002348
83047432464 159757880023
32296293250 295070192744
85571217127 300891171816
-495491980375 95012643541
245665717393 88504783761
-79896417232 -103589921868
168043763699 -112358337911
68913840789 -221437698696
-455898903736 210923803196
240870140994 63501553120
27295599694 -411769947431
60475645400 9818573597
-129455198571 -262760342308
41639996538 -156488386183
109648042106 355645710009
128745700751 -140156984452
20380609254 157967070865
134396280331 468212924077
264410059852 -74932334700
-483483967912 1278233569
138420656897 41473933707
-313748358485 -15309494252
180097255051 226048332243
-245341022067 -328642041459
197373983395 61242878854
157400154271 -221425152398
-139392369592 -301585154682
-455499046396 12630224194
-109625163218 127043719582
182316022549 15307550504
91268684577 54468996522
-258105854717 89221811633
-254197142046 -16402056047
464440269949 -94259190959
170396915420 -213207464526
39711708885 -512107805426
-200192855786 360007843361
-8569325221 -310032340116
-50497751467 94190576104
-159042163633 -341004591134
139616097159 -26521732108
204932308783 -462820130803
264371119083 14704806721
28852929235 -67984892771
304964744051 -75121373262
-128945951781 -121747516221
430390949761 273876223055
-66244770731 552719085209
-285378703125 79606030291
-163748440524 150917118707
87419012830 -191168864927
-63198675975 93109057201
58645043852 -201019679896
422557230547 -215797599450
-235636718397 -282500572583
18661490563 15368472467
132539523151 53071986318
366193326637 97634735561
225136854437 317711417227
91770689002 156989703020
-176898989757 12563157961
-112025674203 116624420273
207878279589 -157177120753
-126127495957 -340286903318
133233241280 -27032880418
-82795516598 220536854134
45309210079 61209515222
-153764812113 -272703745059
327533717032 -145048677386
499552164253 135297643901
42210163729 -474689475924
-86061048212 -15286895559
162090791409 -154000753689
24319736685 -151376265760
325153605066 -262374880350
388747421998 433415405211
33018333839 -188074221287
-337522964879 -22891687438
-266167943026 322493409220
-105556607505 -100663163543
-50663154064 -112885971327
11280987641 -158758705699
-419925653125 -74315773776
-74040656472 -91652857258
542307021969 -175408973441
-96261439088 -195070846236
-75795104492 146112857657
-44525850725 -102768849379
99445302445 183346675982
-210682611618 -17240158449
-325338999329 -262156322160
324427717365 -321838480207
-101950822677 237351070034
1416434371 -108683804699
62151122829 -527622888994
183041835711 -299516364788
-83153544724 -46215433103
-218117216924 -199714019881
85240810374 348939721905
359863545817 202866166215
-460095375913 18858164977
-336309415254 19169558291
-16573790991 112903087089
148385478820 -188728966064
151649492934 -15718586126
242005570880 319573556132
-95525645397 223890776380
-166464426786 -28134388949
-115150154865 -65230105507
21809150531 -175722648467
-286605854299 -297188104863
-405302915045 -127184300733
-3418326799 614224860759
183922348340 -69271159201
57242663152 75087673369
-57323833109 -135821653783
-13048418961 40009229280
-463109969463 370034057599
-86993009576 140157678853
-108425771370 -306042007246
-12629070763 55058307079
-187064495074 274346440889
89525747459 458367639638
246488745904 -211639336479
-105962680892 -96739942334
168732228611 -318485661461
-125794150137 21714334722
245545142892 99318477994
143878722135 -74275909183
-402480283652 180900545111
-8977700513 -74068753900
90685788249 -237694510819
378181819173 280112063294
-209230112238 284513853630
-340772530532 1429360720
272751849738 114600280578
-110697388725 -165424649572
150697712326 141779293370
-230283148866 -464600660692
-352068664845 97927025751
346200812566 241932367551
68558363704 -28580878483
120739781838 289238194
-344764050844 -443672711646
-141983577305 161536637188
182724926095 -220286564761
-445989230954 295903591289
144561461770 -192899422304
214703627110 135248658805
-2533630809 -123984480095
59919509308 25553318168
163898706107 277021727965
77152674895 -227522111627
-15723913122 299646524316
-157156077283 102876884141
167361644064 193561578754
-474858073041 306166046906
-238348965927 -351355267758
15308191086 -141531958977
225061253915 -80839398658
101015524492 -54955618315
45941028944 -303863203608
-132277732272 499664872039
-451287002114 184202091869
-54869368172 -439241753825
422295478071 -100336315043
257338849885 -111707420066
17808796315 -68362855476
-69935206649 230105592847
-37808532798 250837343099
-351924761678 -207196238997
-1994412601 -35749740868
-117353014165 -222572570549
108015985512 -15498134485
393653586784 116875392139
-287793028887 71388558471
-323083886047 -335796636992
34954206159 20703716429
5270683351 234059168111
140028600172 65696195001
-96954997434 -187563791319
-193965274351 -340208060533
-213721561644 108654974682
86175850491 52225692204
32650151905 -4040064177
58641659568 -90966774934
455045548760 -494291229409
-314039127140 -162562760282
-81765682755 159581249963
-125218961897 -211603609417
-98475004600 108536694880
462170765074 -57149785053
385454502150 131719259578
-134573301546 -59851738958
171599376754 409226527896
-82771424267 -297271014204
-255828975486 -179825662029
-253333169103 313418570192
94144935716 52101660992
-50453232061 -245281264336
97267540108 -15774571253
281485369795 433321941903
-239205045132 -265625450673
-187790572824 4410792671
-48188402858 231612671465
-38094369075 222784983145
-170788731880 -41311697252
256904806526 -304120143668
369742725033 -3434302293
397843969544 -35339179617
361383681383 267797627431
-291018997059 -31290443105
9564579328 -65922860647
205907643014 -555211569833
-123357614192 53902417917
-77245473160 285728767042
-101263602181 2804669402
-274126264965 241409744518
212951630884 71205858001
-123196716516 -97310831587
-222488038876 -89587460628
-75943870803 211735578224
-289033882327 -37351702304
-63696315249 -363630030898
-77403990754 -155940461254
-126685080336 346901476641
-297208041262 3296793039
-174846082497 467559813498
-264793512572 -185617881678
-6230740710 -16992470313
-223977340666 146373587091
-110734552286 -149419231245
-322097543475 -80550975039
73745965726 -448956036692
-259096853975 -100164390619
-451318301445 -63755715191
242711861350 -88675018794
74494339485 -168172937238
-262357879917 -289454167006
265164710400 -172244615788
116609773289 -94862706364
-107628242285 -139809870385
-406249592679 -215178416049
78656106035 327279171558
-133329396332 55893919267
-257513983322 453869218395
278803228893 42461155379
217477695812 -617893628
543361911656 100396833010
-39719583926 333744106567
-281361688730 84110221664
321453714325 -20808491985
-166811433135 244450354457
202384655043 203459760388
69830873675 -138761754632
25202042750 478038172140
-135642595212 310615092825
-82878843292 -65726917507
-52438394573 11299027051
-113328895566 -168188452529
569486767362 234174741055
-92984153343 133602052272
-205736113979 -77881240879
31632406882 -238442559113
-22487976713 -375794600741
325039772899 127569203586
-163068813408 31780704771
17450779843 -279206852671
100069192431 -49596439458
-279722999376 24067707343
-443439495377 370161762001
62931779120 218088507898
55645797589 76060860500
362131622873 83929808760
-33246032152 250556217911
108874867326 -227917811439
139488228404 -178342756940
154231026944 -224051457916
54339167652 295378336749
-91699306991 -378815281556
23183063208 -184956278572
-263553831448 286047238883
326909317555 116134284801
-227385937249 -183100631989
-104196643753 -38036464839
-103451814466 -227452914283
-481759901564 -172063494044
28298553471 -419558198426
-299832174914 217257571136
101952117881 183956595283
-207918502784 35178243354
246508104061 511453892668
125578704633 -12066588842
-296351927491 28468908236
103184306799 -125109193335
183386706245 17522117748
181487788898 -340187609438
-24021360904 68180571192
-179741673376 290077514436
-314628729659 113307348096
176585391485 103530370599
-230700923782 -146373028152
-110055352066 -96005704391
-4605765306 -282814697701
-287385260309 -411610493953
-57706340116 94104476231
208320756069 -54339541910
-130390770520 -25734640752
-31033183778 188521518941
389614329239 -486446478536
-139959041688 -197505115303
98194306796 49017478998
209922864907 -230698760774
-114687419473 -145743561095
-375382811373 61572765333
27139784491 -76128499654
-403577749431 218283765658
336736290686 330906412527
-147007368798 -365170698489
280002711192 -92915905001
358663822875 141301552279
-125407060318 167947592725
85145696677 277785122948
80008778940 100762524974
382586900312 -241417124908
173266587581 120311851065
-64466222487 -242962794379
-260864250168 -161268190297
-53607397441 262527697026
-219883801859 202807523301
58577893949 178049910093
-211130089768 194729052799
191515589940 -65776552128
-144546944170 274312323169
-503494513786 -321698679061
134495350415 -184907994993
-306399208319 394111557106
171365369708 180261939605
-36484904877 218401742875
201014023431 272523431305
-68793873874 -161394052445
-121385964710 68633442036
-274279337100 -115613733726
-93251351956 -77586233230
63459620620 -53626287848
31986630023 -235468893618
-253883402922 -240995510257
69520902033 60524974846
-14208657964 -8213186250
-165222453203 327642664704
-44080185084 171662566235
417612924047 218208303175
179844146879 208690227506
218702726528 -351834313486
20988030080 255869767357
-331456036288 -88695729123
-318092545717 226746306484
51619886881 225571892858
-518727046504 319234809756
234563600530 447670633828
49118516631 -437935655109
274693517608 221886103894
26701564235 -71469178063
-104244643732 -70694255212
252235910677 12013407127
10591283389 -336061722938
269655794592 -34689960212
15560735836 90917769511
220345178650 -73027940761
-194630503569 -142889289025
-67295507484 -54394042862
22923282834 207238255129
-496732175371 84467266724
-245016999339 183459911278
-485541680530 70054273589
-262982908588 301713849138
-35437401119 186904920599
175499093453 555625572865
-179339109292 -226611109646
-80417917638 -151421256435
100563417146 543191404965
92800858987 -494085070535
83965390218 -52556694970
399517278495 -70238647639
387980221690 -57867909381
-174581169753 -350943651949
87465989133 -220548311268
29862088106 24341792724
63875215064 -29879517194
-329191542541 -65960753691
56190184732 102280756592
858400172 -70233679226
-64886566960 -115529121631
-415379470747 -12560385038
326925213164 -195534958440
-221475989320 234492510272
-91896699578 276727040023
-73497887757 -27224137136
297999411954 241825854287
272256524742 119252943162
-211013035678 -289968624659
48642822680 273993291254
-404635237101 437902619778
183189696731 182236611193
-7892072764 -25923060081
-303069689106 10285135558
-129461367107 341808138107
200391563274 10812236094
-216277014805 247784105037
275825429046 -75470792348
-424488744528 -356620316579
-160873871079 -64261776911
247181631247 87038724607
45205768947 347888767307
-120823103734 -86157638186
122923174769 252773256877
135218233536 -16967091333
-115917483300 -176133556561
250336479749 33437895467
-301367452741 259615606691
165944676093 -176922955642
251981468103 -18903093340
119690601501 -53319035227
-142302499138 -251569062844
-154090743990 371024882191
-204874004865 47119761606
-246737693165 325445480733
-60075947933 -161752511912
-5762136313 440702248352
-386512574707 -386433178465
-200092393648 317523450783
-52252913746 -149031565606
504597828678 174705010372
202806756016 -48185656920
46689361311 75232090987
-224978050621 -214356101457
176388055930 -57096192243
-113928365653 -154965278719
55081444266 38739597620
395376377970 -224599557345
