# Packing of N=25 2-dimensional subspaces of R^20; each block is an m x n basis (integers / 10^12)
# m n N 20 2 25
-62531860810 -57052981145
133749775255 -97862855188
123906442092 -163243729656
-15717696074 173824246178
359221424669 150595095325
-353218348299 205263575902
389545018197 225611533123
-213983027094 199508429987
-9469042401 -285350165760
-381451979880 -116377283183
-115632684289 113192036239
-48144550794 -175682687134
-143565126233 122041228434
-268603554310 197751025376
113539387439 507948799778
142642700032 265486607964
189471094724 -432339837904
132628977028 110629078819
271416507435 184486086328
311168637318 -143026956302
20524787960 -197017834331
-167933530375 16143557190
47513555473 -11494244500
26650424423 -146336472057
-320607843196 275434442283
31915274559 -261325908630
-174799442901 -301064356312
-117205170748 130756090434
-395315478866 170034413544
357492471563 235892214831
144632626514 -253369882470
348901403865 -207979693671
-169486840999 -314987119102
-171173663732 184683158413
-112686605973 -20573367126
426254243448 111326296259
226639801721 -48487024077
-208213966100 32383935801
85005048343 -77926220440
198044817145 582976977095
67278287604 -181062948598
-220343229671 -314426469035
-192850369202 385673700225
-481193532637 -3150442478
-106470194869 -444586411
139071215137 -167890577510
245644499696 -173792017228
110725920391 303052223583
-280722452991 -112195081599
-24427071905 209553029467
-250142342778 197570087250
184121694279 -172590992342
312567055411 86101415201
175699630577 -66020254408
-79547513028 -321870287187
312367076361 180703752201
-180844957065 126261211984
59177936541 517991561434
-346064430619 -25127748517
-102932267508 105496481416
-100189389878 -140034781741
-260859609153 -35674744107
223338205782 11125038689
-223247085538 51895057652
44127941210 -25766105160
-149946902163 80132606665
103399457483 -26225403300
184685900018 -78377579068
490404215544 420852405881
63200113924 78116293137
-349163338422 466270041438
202379975967 391655479311
-306160298188 -33991819612
69287596725 165482163461
-256811973344 235337790657
202267946875 236217724247
99013325718 -75508464117
-92339614251 -279761645624
-64303562887 230625866734
-343125944681 362608908639
42564157564 279230463776
-7790247149 -50002428029
188459735325 105673626079
-151407392782 236978855154
397184991270 97024799088
272371730393 -37999752769
-20753602802 253875185425
92069829890 126740571791
104164423187 398908322623
5930880287 -46420963444
-149821767070 121096693096
-29052956755 -219141971788
-102232216559 492081748203
-463292094747 -219403367901
157109212113 -172037910548
38624458659 164457865197
43193025698 -174962426822
523309616683 -74353335551
-337316402795 264772065382
154574773637 289292301560
331673015747 64412461901
-98291392393 381619616550
-433975087226 -337483442622
-104725095344 -177708517372
385867615923 78832093945
-25172803263 32181826876
-28689790545 -6726489906
-139795840224 -504318113360
296932115470 63123791286
215539482961 -16958796277
238099034278 -253006884155
-44600846954 -100729922249
79448155775 -205603805758
102277522207 -208208944663
-80228501271 -109867141744
-187883983195 403790585693
166015342181 -178549531631
-98102475794 221084552318
-225844109546 -37549261855
413678415258 -147543031422
-522339504670 -70428208539
-318820577602 408433172960
47815680157 -428346358922
125135580394 -73366975194
-58099898823 26695759220
-363198114323 -337509640244
-105514100916 208530167996
-187011250005 20912688644
251891648307 -33020862757
192857898135 -58842220799
-207245892392 262246635485
42491084085 211681137494
25931416043 -156613912730
125794294139 -219564784564
264612602357 -161780394235
71012295029 30407043772
60006200144 191584296219
-3671883092 -315516405383
-429652021811 -351094918074
-31630657958 -57614523314
174724937699 -72217471927
-271944811149 244833824061
106140886711 -252474286284
-165709766179 119408289548
247092142299 48142872388
-101985375411 254605382103
-91647363945 -560476652698
-176622689292 -162521223183
-235592970842 111157275476
-454617076134 -411936514452
-240511287035 175044934084
-75729182080 -119507220209
-287537789778 -73250491745
81648666351 122469425233
-171122712235 -48355874842
33943890191 -146447341715
-336699940766 44813125324
-281229252530 339320954661
320862833517 -28260343639
-69213914605 -245122721086
-33604272867 341220613891
-144830397394 -309196782824
-84261758956 178110706184
-266542813032 184729069341
-143723775378 -58683878468
191492493814 123537631125
47488592127 -404065634065
-166967608225 -284329176797
311028992739 98195584693
-250005952006 -301498812929
4223669696 128654896629
-123639413335 161402365599
127644687125 139551246004
307821389341 -143636975045
-210018365330 -13854178173
384770439770 -122380122025
-140362181347 -267391436239
279240255999 -198930720863
127686140862 -384277273041
469638584346 46236535242
63038030478 -188896650733
-246227242536 206295878652
-7955615979 99971134869
-188052883837 442235035435
212789414797 485882695631
-300829775588 -301374095468
72956163216 -203129148732
181524694910 48566968127
-239925562396 171140762999
93600349289 165242490521
375303267127 145223923293
-61128172881 195427267308
-133206013179 307567827847
-324194426232 321273891831
372615625216 21848211161
-200666954837 -33322573770
-401984998853 -105080226373
148231122544 56248561835
-162309115173 -126230595815
56042999713 15712604391
191336606979 -143231093346
-466309631362 -283217981899
-233082047284 70699775124
349199539310 -63571022436
216172461855 -31147789431
-53051939877 343894598306
-44953765073 167293462932
321160469213 -2874982184
154205188054 197464916942
-56234059070 -188331739910
-110194045156 -15193099403
-20759719505 -352513788405
-320167839586 428197541316
-260287742822 350004432454
29957613904 237107879253
156192912790 79948246065
75948039828 239546732354
-297931388382 -321340291789
253806328172 -21060732455
-144752307804 -120381595907
333895472878 2913873684
-8179914458 -184452634843
-99593011521 189579228631
-105212758412 -253713766664
344162241599 279165723562
-149131124621 186037303527
-108225673813 -197758420735
-271073728465 -30796878220
-25226317166 245675953247
100676303902 76715617570
-426206951623 361566566248
-333596097567 -475693762964
206152031538 -162442943601
-7232700654 -251544174052
242012698572 61591101886
-167439874709 -60728607069
136317950947 -10180608866
-25243037276 -194368079399
432988678488 -285362768094
-44831669377 -270818285782
317758895988 577483395696
-168814583713 -41088528042
-86537922164 304456764631
449898458633 -5197700438
-33178600117 -103031850393
-78242423437 116464937594
179720512764 465772395
381525152536 -88392965262
74252911462 -153761501225
319355575527 90500277060
-16124616299 -37829924290
-175514520716 161718100953
-69667652328 -8508448041
379061605849 -98274131433
-232473357715 405503287537
115526536000 -46184116599
159874772689 451131052937
233973816951 19174049531
86229344156 53040989481
-182516685241 312565983366
73402786386 -261074615815
-250732339292 -153021362540
-238843736699 -307842131106
105355950685 191001479264
-70883941793 -271416037234
-516216317394 132731300575
439876574873 -69616123256
-261944253499 48199702613
-53940214175 -178742970108
-57317132584 -9568648323
46068315736 -219935626283
-41919222061 -304141480092
-64024183339 -170911876719
144200426464 -36374594363
-250828184113 353645288026
93560653518 -223927229653
-294015807171 57004025671
198494336469 -284218171244
-105983483115 -101860781472
293727367019 453498110450
88551702378 -198585751782
476265556000 11023733418
198439773848 26760808906
-127996987545 10967539001
95584534606 7324851176
244550820226 151096781404
46388787923 -260215178434
75106491698 262293588299
-247451113152 149774538547
432733890138 -145907655633
-349019353949 -224469439544
-123974472984 471498351925
61869636562 270271917004
215248851174 -116416961086
11469340360 442701258934
342611106943 165384388861
-30285955430 -292920859592
-123136685292 221686142034
-208324535816 81304617952
141442739541 179719992404
-85590858993 -18210791254
145868390132 -42474462179
203297989648 212685951857
279534254561 -204884233495
147487306778 313445838968
150750683780 -34224299448
332510399243 -335926372672
171638340938 -228228190440
-349063154948 -412127195554
-49672175206 -54914958791
77034629891 152367566774
-105627424258 -2162159789
-302212355898 316584401197
515059888953 278358656159
57100161818 -364057153544
-331709377359 47226239085
-34779417939 206078666938
194627519491 27604598776
-129405541284 293859170899
-16621591713 90284925235
-362903283075 98194897671
-220481536587 -92927482163
-264671466094 -88625646640
-352944783260 50346283479
83364556874 64890438363
-144100754379 9034994649
-280437115544 -67603189996
434123797968 -321914197107
-273080768742 268601981335
25955027276 449169465791
-7167325465 -215795028252
27939999623 310495884444
-112813629976 -29901889261
-21086664692 158154844488
23991272607 220304561982
4250145977 1428158372
-115518051125 -402204050553
-188069024833 10603527791
436006358195 322282999541
39812758980 -319023738460
97680409305 365788828537
204041019588 236462954499
-117615317308 -265106567610
222518917626 10978197297
-41625224756 123340020414
-76697961275 -334412887227
-313054692160 -460157261392
-235361759750 458390673384
75549451111 -93856025392
74742140349 137553708029
192745997564 -64052966011
-434302109609 39023106471
-351190261183 275264368299
394459248032 -17825833490
248767472244 -164815538229
370648861389 -5965815508
59575107379 1472043004
-60296945520 -122242484115
-28096520604 89877054345
35040310123 -176927988499
-113410711776 -170444321384
162476873549 -245076674026
621084103095 113724237500
-118559167966 512130739983
-63501042007 -201591924219
-226868869901 -10946009090
-164298685129 -55711043118
-358870295045 -303753589609
-114229890935 -137340351343
248568168024 60601060573
120193802575 -291010035997
13297639920 -31289607511
17406229105 290184368757
61353589887 -337068055666
613333225 -279311431547
46793203805 -207221824625
-324616820085 205355095969
-369853106563 46961778332
52092586533 90884245887
-95170826351 141179190061
437435098239 263797337702
22990337336 -131223347774
-150922123565 -178146373168
-286305118826 139102833410
-478369232361 59874394398
-302681214028 -160909893836
-64611219497 25809394931
67770337666 -167685314328
19821860809 -143366272300
-128032840097 319556961152
388752519388 -86995741147
164422098049 -44070594527
149913392422 308769673782
226178686214 -220326913619
120000793339 374753713383
-137359040791 445878934132
-150182478728 91212092874
215043679557 154689908587
16686037729 -255891531804
56828126422 -301335539127
-268326732019 3809172064
-159239315083 -101266195044
-227729039903 -183655435303
-184429139077 370554065274
-189618004775 -380419886716
-218637533522 265117032673
-238774079130 -66163261906
-241074193764 -177899373416
-169003311607 -105251663212
192428995995 246113029000
158746422821 91842810176
-131210874894 -289124553649
52238192784 -262625805651
-32580366846 -224892934927
324577059826 -259540697110
-87140349306 154823629813
321366235733 -422400071893
452713779925 71148941000
290586574304 97441432698
-21758656080 -11025976169
-313266669317 -102631406495
94255842856 -94187335144
166540878268 -53861608737
-41206152980 -31627962597
124183118357 -298160394809
-108087708990 -352559330335
335129329468 -262610143458
-140027932580 86258997659
16891383029 125816686968
130463879308 -488846033343
529382091489 -83613141476
-271284087997 -239840017082
220209610133 175534854613
-280336037735 33889879451
6892077285 9111998924
191679561799 365293191424
-67284649511 297268124878
7040509082 53144664107
260345954684 -171038894313
-311688308029 -286088990469
194332072761 -90543904193
-426653545857 309717438362
-28055180514 -34836452529
-345501025397 -108724919261
133791943552 -295020226603
383569615698 153721900295
40879925117 -46379152959
-100500631303 139054936551
103797697195 454929838525
273230917289 254930828958
290765396278 -124687329799
121943950131 -9522698300
-342994623477 -27703001986
170301136848 -205362829885
-85854698826 -135292709942
34896555237 -343918917810
287631882824 -162478061976
184685590228 347820958430
88959175257 368020266024
-135687646793 -27494076886
-239005855770 313887350298
64157087247 -5820107152
-364719814765 359753960427
-244780210041 -134113277981
20233336168 -289066972006
275173138380 -206194007925
21603799601 -245938086598
118210707200 226401969388
-8993145373 26968054264
314456352551 39000355684
54244247211 -113912518879
-338433873926 -469791315376
428085482325 -50240984059
-201856190743 -48932789476
-225862271148 -17997030814
-40058887984 -23571593537
-45456816202 -443668874074
-353573967280 15784707815
-51436248431 -219349892644
180167403651 171115637876
56908720500 -133915549271
309663869214 -242382257333
139078506892 -249799224066
222006347849 260819469670
23405390862 465847619329
181913208319 289195156935
-160183700729 -230713638425
327675812273 -126702192589
-28024802215 -289944158620
-243469876306 -43253245307
220678919121 46661153942
46825664165 262895010566
-180200496301 96477814097
-235394431632 -18258416712
52578414136 -344125193037
635703670611 79750316378
140582030370 -240284904884
-26231816143 163445838223
136291227101 -211466302402
144297041849 46243534106
