# Packing of N=64 2-dimensional subspaces of R^20; each block is an m x n basis (integers / 10^12)
# m n N 20 2 64
-109659055799 -31165328851
442858074867 -98181770282
-198177311040 476316368
-248657756017 -202795679427
241830557478 -331620918110
282014413090 161706349410
-172036453645 61728695007
-101373887298 -191569279044
-253517038168 -13734600182
-206900197893 -59909418797
119034589913 287097019334
315468359436 12533506565
18242442822 -241210380107
-186922175412 159188873133
-430421659215 -241868430826
-135016982551 -1874067900
-154342351988 -37863312278
65301297663 -66508254500
-2851716760 249843717195
158846487673 -689178009984
151240292727 146317433429
-10667397185 -9298262895
-318324497412 -21217720118
-219006193631 73859281648
-89927476024 189270327693
-139163796435 156708167170
-192047223611 -70695891321
-58889656285 -185223347236
410800777427 -262268745466
-245845900558 -315538893312
155088533486 -461488800356
226964970990 -173707432720
252882646040 -70047699513
-42932414893 331976153688
-341281521452 -226317266134
-234185857997 -90111983152
227543861634 152665283229
-2444122251 438065550688
11911494894 249546279665
407576643057 97371486476
-28467348292 -5526363155
-308177002718 -33241532480
113905878790 -296167016079
-16459010195 -262037652189
32154518555 -183316872234
24685451776 177463489501
-134104473959 306204810606
394728009149 74774327898
58532374446 -147881213718
285812313865 36182663497
-143652588306 -430931873374
175757924898 -185494572622
100169660579 -63147805811
329965626376 -251889209812
-385966456775 -18804565281
270925553839 -242785822325
-113276127159 237338882204
181495473595 81911718322
267885698449 -37152715733
346518537560 493550742469
339717823548 299802243496
-355812550862 -87282964128
98829962777 -102507212334
-161182413515 423047149307
285439450835 -122390138729
-442526887476 -284907017270
70394740398 82496735520
155644240604 51477930576
-129610604905 -222199479841
-324225394733 105510113913
129192542836 -24746765713
-84248338247 265796847999
-132654464397 106771491936
749747673 533364007258
6182236704 190008507501
-416033248800 123506444672
46501825913 -134412221556
-109747722843 318614982191
10574624070 -25099203080
254966374698 -90580152868
273866046888 73113041292
111383080230 238946623934
-298542674295 -33400398369
-63488044220 -2484850054
342991156348 -366941421908
-17336562690 159104860099
356846515554 -213999050330
-197838427514 170352502743
-17544615506 -94397423405
261271355214 11864292710
-287924069458 -347397641659
166735422662 29752651394
413948602683 435460164378
259650796519 145754771719
44121988160 15577495559
272149830617 -468934357966
-65102910260 -114600193028
-91232611058 219257292197
-121062108319 220965841573
117201489221 173188792145
-335083345874 401212742512
-278227910605 174924305500
124392720528 -55016333924
-472408348751 -286948948726
-305700745339 -48267817694
-51894269644 53675314814
-217091349555 -91431417610
148020371491 -186786076390
-20852720205 -74581488885
-142892140924 118974324491
-236680113137 221968275705
449883450838 11747959176
-98457651341 -238531058708
-219513776337 -187622375709
-200596188198 -183589014462
-41591035101 -83765362141
42100373054 661963470078
-91725786444 144347484869
45800581431 -116196693279
-122810166796 11147034643
199852649844 -221633231022
-485255504671 79610629011
23027124967 644646683
-15740853288 130993007571
-256875463629 -45029662372
-186831478801 -245477821120
15688921033 396398939320
12304092448 384893604648
75161522828 113889871517
41047122535 166041925844
171467114836 191573443164
134497938254 411892131199
-419165352619 151804233732
-243528948258 -66189111443
172900488260 -358775252731
44510799240 65659178340
-253333919798 -302135698436
14318184568 194615848726
478766299932 -105148593786
84927486004 -110674445646
354540354191 185830492486
-362875331760 -121470026858
-120961662558 -199445517652
164835539711 -90944702423
51362357816 -91770161043
-123836897918 -529696661787
-218849698685 133645604451
234368029261 -171209412074
-109672533807 339208975049
-105726260078 401729584514
-81317820713 -29318936155
-41218335306 171286711495
553085629842 -217115090112
-199508727752 -138893211288
-220422482006 52665631217
171466635628 54696930633
-146566186083 236834314022
311982293028 350663454449
75268923251 -89785960791
18191762124 22973392035
-154099907110 -269915720242
68216158401 80232721905
-250895286062 48409207225
123571728964 373050863771
-143514547064 62000086277
21899950444 -177058683162
31893216014 473177718292
24907189790 -6443561230
128864964658 19510638710
-70497128189 534426424945
-277316899454 184011276
-185552153157 -73857622653
-469055767976 132235174548
-184092396362 -123990628877
-369583486004 65695637299
330196360032 -327319092438
237949042006 36021174345
-363522052196 -141935827943
-111062341955 -209957185715
192690697106 137037432479
39427746382 38276816308
120980576720 45290624172
244758211304 -180389620680
-229092813080 -21924072979
60983912694 175569646908
253774587148 -520247061268
-23542311882 130482434435
-1032471620 -24776081332
271773629143 -95660660218
226463329678 -207333654156
-80016849191 -124388075077
210936425814 213687238190
281766311770 132715611633
96977804028 -346291144656
-191628633368 286270294650
-444669031696 -57235208281
-312882082261 -441530199450
-388261772269 -25779702616
-106357982024 -325336378638
-208557666630 -82787036344
4507260079 -218193523839
68175577420 65317870941
-80144139427 -371102641573
-90274618431 244750450198
377008166971 -200458912832
53830058581 52111133776
168698221444 -66381091296
129988682102 1973796459
-193126938473 510274559484
133442131820 -152564555731
1474445686 -72852177899
-314422755259 -35909392820
316674336013 -19246941190
400559844467 149839970826
-128123336653 243061595208
-230772291857 74194960519
266375364157 173054312208
-231055536900 -440222866913
360339968652 220285571372
227622257268 -230795428747
335531319000 376148766676
250769445016 610340619
160307372457 39475792624
-152466306957 -17035330929
-113942944604 -76733219430
-333322661811 68653051335
294041816246 46540073721
-23929679029 -195023306837
336857811027 -209776808177
-117024070763 67450075523
-54700699464 630353042741
331886753613 112203809782
73114262373 424549689053
255151229276 -62607184641
104446111999 -364676211067
369774706954 -106632221865
-307024853337 -8514861431
28237554096 -136061745255
104361356904 -1858023989
-10811859235 -16167817261
-280163766937 207721992965
-507665440422 183125289540
344049069411 -374705735001
-27386302245 -152355726430
238995051360 470552878715
83583741255 -49219914297
-184720408947 -245983331858
-11354962108 110049051547
-471406651862 4743117050
-120740869820 -71506115576
-84585077165 16884944259
-20450498969 -9325344625
-196143296854 -258615196191
96043614525 -260049739417
-261183511958 205102648921
105058015858 221274324062
-71170755080 -263335254177
-121649389459 -237175537314
146687532876 249621330997
183307771977 210441313593
457860922999 -148020412307
114677179550 -167675323566
110783780713 201871038820
-3364773060 160393560700
-111589746787 -478444964776
20449655085 -520953464628
60919704158 -184260300325
31594341375 -62185864461
-117938961298 66598108807
-536628602133 -73000867371
82793812319 238026742432
345521376103 132148596921
182567090624 -120463351985
3781536847 -24860036182
64094667376 174596708584
-27176743053 -32174844277
346245326591 121353914404
-19347627318 96065099877
-250616328528 -149045568248
-312998629244 410698125672
56497262925 67943821202
-548831304076 -407383616860
-153352400134 -91449028518
520805715719 -362229083577
40861252832 541539993
-50636914715 194638148431
3393384130 -81264332782
-30671646461 -6092466293
-16436776789 84204594395
324381817045 443610537173
103847298996 -49510110697
-28031761404 154110729822
105809386844 -289202969483
106294643475 -69151055946
-226797873091 -152819998286
-252334117330 233220106005
80210348472 -251235128613
3076372155 -310345529700
354368622857 -285569432447
-94671464528 -89960298548
393311647300 -82991475657
-91971231393 206175491240
-85321810574 98440820676
199489131998 122415953754
37106297833 67690949321
-347879211597 -36871582888
46064449700 398373475652
-235612337274 -284451747925
-104355918696 276129755529
126479750235 123908583325
-383638514424 8009438894
58145667644 -78001364526
70066079161 -178526101852
163690901759 -385332027163
8000121400 458516890019
-66576632954 -34244678951
-17624702237 -343941633281
-489452051299 -23687284627
254688980989 217065595212
-302244995810 157751364133
-199612831412 14581230402
247410495839 -71929238465
-56684803320 -194987324265
-133889444752 228236513602
-94593242081 -161607928584
-351905164299 120792877249
-226274137165 37246728327
-134098589781 -368623010721
145347881489 -294071713772
21598203768 -104084945522
157626054440 25559334894
-118070992125 318885004941
-118673234556 308978022033
-89370995678 -263857443057
-125781453449 92007926304
268092157625 15777111365
-580720402585 -307360938607
-302989220437 367826313703
252548735218 307510579606
-113455020177 169523762414
-3510151114 -255149465766
61941089203 21234010781
336877139528 -526215844121
-571490082705 -340797828081
44304374644 216865108939
-400325458262 -41513067734
155191181283 -265972177451
214899622277 -73334542822
80093889877 235616969559
-32831061709 209304156217
-243232766577 108585435187
64951920112 195249767469
406338487123 -27882944125
185175934675 -8810808909
-172566443650 -241200673024
-130084329555 264324176068
5887365374 -118541487252
53997850144 349211203235
45968619686 36463836559
-39176159377 32580512342
353607415041 237296628782
219217497935 277776885842
70813776131 -21775307780
52057920851 536629177638
122414188102 37913239952
382329944890 85702367136
-229883546122 -82575517024
5537963455 -44922700079
358721734761 -368711050655
-76740858603 -10057540266
-6309132536 43576376030
194682707112 113004063776
237728760440 -175524471212
419907841659 139666379857
385161845697 -374730360149
10826642270 40834973677
112857205258 -245440552228
-115086491995 -156180944794
106603385570 335867861775
118238634942 -141073521832
247773637454 -145465032711
64574337010 -254341115566
-6919264548 52963031406
114800625593 -203834179894
-124025432433 -294222482803
508095094925 336531639426
104950606853 -254387296257
89072416105 -3863209733
189588031034 -447720989471
96805112586 293561709802
57172978013 -97593166884
198865684577 -218825046693
-360074229597 163138972150
-345712622656 -141282273454
-303303677515 -33129216955
92350927562 -52931337791
-90353222154 -405349706539
168837523494 96054017241
237576271104 48820450209
312704202598 -186587700820
-4757730837 -4962860943
-349505931739 -164106374010
148561995795 242036882813
-296555494368 326118572402
209430522079 -8875835707
-220239095351 -132533800405
11185948865 -557527517780
441993183290 -112366470193
-70800911851 -2804761777
-107792064140 296380900878
-3503616748 -109907881929
-43038686214 48104023715
-60860344347 -180145933841
-37592388119 243729276548
16050448779 50392026911
113109370444 -216929783884
-244187402940 298457122543
276171828973 290683022005
-157416076012 -204090569424
-531614928268 -89879157499
435145243602 383007473414
-260071056497 26980497375
35916680357 55509230918
158849614254 154882736426
187473866087 -273465762196
182167760968 -167599053010
-276153423524 37695720358
-230583647836 179390157306
-401506456112 303823430813
-22174857903 101955679083
-60166847350 141333773607
-59167381273 -231647606064
-190563077008 -426640637166
-90552798324 480756363079
-114238757832 -261712019362
341171109862 37279638465
-11438291901 -68941251880
-27385725838 150753559484
-332127543222 -3558318677
-254471135644 46573417574
296005383924 265994548964
169423037576 -420516234251
197884027383 -260799276609
249994995044 -109971024845
-408609092852 -127959646053
-174462225592 -78900514340
54639292739 206849365944
-62955883748 -293194794849
-378526253533 -194285504599
25073523881 231046889796
-259735417900 274608564367
-123086541965 -328429622773
155183057082 223199377554
91666845144 -152605837052
-290445351486 289156284991
145758316652 -17382375263
207621607342 -264461801511
124770633036 5288159323
-233111368702 -128375551989
316300778721 55503108468
367638284061 -32136954523
-23061932163 136127137438
129758760676 -230618442842
227499284402 -413085304470
-53694309247 -172935003780
-60598734152 18371831416
-195716849066 202282046990
48027995676 -225576982954
66869834699 -423872199764
-363076331039 369298670816
-144077435697 -143201434128
-144139242433 -160524848980
95511640839 70113166787
-161963768523 -53280934654
431239087446 69503821040
461501145741 462883765039
-292720952560 10866445610
-176207388745 -100965265431
122445836029 158130969402
-68459608322 -100383619727
51676635712 176346581542
394895129452 -467499329900
410787290484 114444615473
-106093668188 -173306959721
-501736596199 -45035424031
187720729236 360937377684
269890721992 -165227400252
-40201150304 -109487668117
-132248149551 186891633691
173987447673 -149985303058
228771676699 -73806970613
189019207532 102175119923
-115418160317 -8864581121
-175593368758 -235521209397
248712655945 216413836092
-60718971318 -429332686135
7411808201 46322027826
35311480451 4845112303
206768797380 -238180946407
-101829271613 -341614948292
342203502130 217574168578
30578850528 15784732728
32295432094 -116424436850
-65905799648 106088414797
-93521583965 25266731065
-105580696760 330310936231
-390543856819 -136291848797
482562374260 -10327461785
-97826280626 10415105135
-90294862111 172619902110
450035408200 -1458418756
-116607121821 254349992370
-73889869734 -317613934478
-85196600897 -288620874111
35227068407 -34939084591
-24325286896 -157283046699
-418014456547 305354008402
-165084810824 -400080807050
-129851118690 316972307011
-63538510118 -375044586566
304601653422 -198009424316
-177618596780 -77615505934
-583202475457 135905823165
62049063866 -258310901569
-18177125858 -339310002335
-129381503830 -16921489064
222247330683 182684345430
50753341799 -322083826426
126421240165 179424159354
-187983020873 -440542746211
376328325391 365511573104
72143311965 -15008556091
-358351397520 190371951507
-143209868402 -109164781314
-132021475267 200088055826
-196558079521 313953285676
60261470110 -52696296992
153283984721 193926884985
-165037437181 149927108258
-71781351485 -85592665385
27173912067 112393139374
49801883037 -24668690080
45814557860 383220515618
-262077175512 -139620077859
-171677975909 140254551602
94896505537 -473160363711
331561380173 -67702605730
436263023600 -84658998688
-296210064009 -110034253250
113201111643 -322194769168
232922564644 178193132048
108400809773 147317426993
-333744770848 -139822096837
201420890990 90692634280
-270396121494 -437313774500
-214893926350 297992338567
-186102323230 242219571038
-239154130352 90916958513
-227303272952 144580010610
-77184013951 8642351397
334580139431 -179204094878
215974257573 416940775399
357173677925 -100028872458
117618696125 -185672393960
9289523949 -281566729558
53582016135 -271810299152
-59103244086 -160247122418
25590565820 -443271866106
350144880154 -11736151292
378897355844 33548747104
-134099592754 27401045974
53224681419 6513976941
75073539687 272460460213
-65856807535 -267452158998
-56467294350 -213038754553
-138519069738 123666556409
-426108949386 134235862954
400460441319 234019085895
176810072538 -185949165550
19235393704 241608019657
63249196401 34655216404
-129762006777 231048126759
-11896503322 306998298251
-127657815577 -253498134523
-124847147269 -87179362627
190186065186 -80143880878
162260856477 -167346846255
385781024516 341454703215
215986149385 -150031137618
-66356120769 -180241325112
294600137663 -22057118642
517707894039 -134649343725
295262651534 150123352104
213661657446 -516451268255
-99479239749 -154223187354
-32538270657 175205490090
292636572745 -76028880170
-87466430416 72272880643
257921202945 415673689350
-162327580527 164756339033
454966271477 -35222995872
12564722784 -275316674130
10362408412 -190220685549
-214557015754 232053616787
256346353684 176455917939
-131913172013 -276252805829
257731976499 30143858186
344694561706 53924082238
-175309226923 152532733209
104233629051 -148694266244
-144212872278 -241858286836
-75869237268 150526504152
79867080614 -516617455447
-237458777781 194167292578
260527271954 -303709044316
141391529793 96114973862
447951211066 95310043059
-31584424090 135130436257
219911559344 353431216153
-97720034725 -191830575193
110108343817 -148837331047
-146288901329 212507528929
190985086278 72159025715
-26795607736 170908748007
-406391602099 27633565465
259123125487 -75172241449
-55409652247 360003099519
101888900837 -314256108177
-222965528330 -156421292661
-108633663645 -286146652149
-87933305224 453836037101
-97136245173 -243137246501
-167877382919 -185859312684
251802442993 192318875590
449296911496 -233226214092
238434690737 -93343720128
77577464113 59753716860
354985701061 -48346405309
-349981238481 -373424767585
4816586080 109888919660
72159075040 153181511499
-132307041242 -254051368190
357975060817 -436697248574
-199481823071 90422191918
-103957343921 156481154716
88302146049 217439136210
-260842249252 -178081055439
-77233876028 117685880965
280139786854 -112978236915
-70082784364 -79450208611
-193079320167 155185586689
3706608845 406674670133
-480836283275 7444315103
92167218583 177714886205
-6835620544 72975732937
-59748558086 -128230226587
31089258504 -482607718882
373095552714 4252183018
-110481613693 -178212109896
447626407167 262956541104
-82548565342 78843979367
61645497641 114052711743
262540216348 -424924538963
206780426774 118687125890
98861278281 -19048052551
-72517009058 -5465985295
-83181771617 -383100933627
140503154844 -15135616287
-317718745375 -170486462577
93766747062 174172910433
-5571687924 -345000485167
321749520215 -75368628630
-245735353900 13524844897
-123592859891 -320944305274
-3068026233 -237818058378
-273048413711 159638740384
30848520647 377848494124
274185009632 233741878538
440977178529 113563135139
449333297121 -243106824822
-335769378328 -183638210726
-24622103701 217890273486
106903790752 59258870319
453772470431 246256757430
-186210448713 -438965075287
26936785399 -370314661885
-104049875518 -227898860844
-120666445705 -225782151973
-128009270934 -147021916392
-316561594214 115246677148
-344406222947 78367605575
-342540382739 289912063286
202509364133 38533007246
-107977078151 67467666798
49518860019 -417875403
344420732950 -355439864035
74974313983 -68587583477
-42123293579 -257992341720
-260575029402 211979568715
-83301974470 -219650530575
-69666996343 347203379158
-557804817 -116153985187
274689015203 333998017720
-172653444054 -130682763152
271477868102 40013122549
103945963679 -88633821808
247405643821 477200183361
-22732120592 1517200657
-169209070187 319370350208
62922490308 154409824175
-152663981506 -133212961139
495065638929 60501818245
-35542380226 -178052199372
-135063325248 -276474392332
-81071932703 -128764286647
357677390083 -188799739160
-101092653276 -74021135786
-126758027372 -49611733509
431232858804 -398732074654
-276413041252 160019148218
102914877403 -46833945694
232915886322 345142201641
-184293555394 42402872456
329320133957 -415414181953
-154145360550 132979541083
84753425317 20271607428
216451611863 -126181698778
306461413522 -378719511942
38101238073 118506232541
-114468715325 116487004000
-416088335218 166157561148
-299085886053 -83690464166
-256396970342 -179758696256
-146102349586 7692533235
-48411614525 -25047653032
-197184285050 81149853775
-93761005840 157978194305
87333076530 -105658829647
445428162224 623597577129
27518871493 8151539857
-132569655856 38695755793
-140479682231 322868732142
-231158595163 307733138451
-281417384703 -44917202863
214768048085 262884316935
131429547614 -234880323828
-188210513174 -235172168590
234047666668 -365089160460
124840963168 9956872047
-163114046581 -244320169792
-78456081211 -464003308
-295745060554 -82584857122
15169733270 179223726371
419382312986 6916961313
172572571400 128282092412
-353132221028 -71705615919
-279318629268 -258595811984
253190102838 -426815087359
228152079484 -4346113419
125997625006 339451715261
188893797416 75390859471
-135166525260 -64693277466
-102140970259 -154213842051
122341513636 -5977292388
-76312989389 491190907133
213187452861 -23286369282
78636230780 -25322919027
499418647344 -68144839209
51396697158 -351341082684
-204096672029 -239703928858
230055793376 378464570420
15839294537 -418542280362
-65636590830 86890794762
-271784637926 -36870915535
485749536839 -72720513224
-237596381271 27089256119
97649686830 -60970388487
75917620971 326975841112
179881025046 162842667718
313152132446 -260434500836
-223203703534 86624888789
-234996399566 -120494939979
-530843877311 4094845539
-57964445307 272880814438
-560381350985 316490219496
-167115151243 311946722383
61682409434 171268691725
-93520753946 -324972882486
-44290740391 -103782168795
115993649762 -78539185201
-141260361525 -314488490478
63369520509 -63033347248
261831402297 205023280443
113432321088 -183501058439
-193553727238 -279520582361
-34107290145 -378518390554
-173681934635 -60058991890
-120286283811 -310460551944
-220657629544 -110104404144
-50366784616 205019392840
-71707260710 -85756001126
-576466891710 -47542873727
371837552178 -261516976794
135336239564 223624554940
-13503219464 119323808366
-163785439135 -178580669369
195173707774 -82752993987
55151295872 -467258328295
112237309225 32228297102
-178384450252 -383001574936
306753665264 -83760318349
-101931515155 575693377734
365488401132 117506708237
-284651787318 -6152100845
-80335322219 -95407840413
-164491587693 68677539131
-169332989337 9749237046
-44061559313 -269026072539
74129067882 9283171283
-68458385312 -119541495578
-7923407087 327260413438
-25075448021 168124116332
275378738161 17851576432
330087899052 99755521693
111792586345 -152528919024
-65815034952 78691366195
264886815740 110526323314
-546552358195 -89083579601
-198994239616 83279301270
107791332702 -63982966550
355176020354 -237040459304
200134726889 456607296551
-189155769898 -189127714622
17534599786 202745624373
204744842973 -438630707469
-128122990784 -255990743621
253025429673 -234255219783
145800901774 263621023388
168068764180 -233469051071
-58578765601 -123957462271
-31359858994 122998727845
-211033707026 -308902502025
-115042916740 -30520867774
151556062340 142423136103
240506651164 17278109126
181197454869 -257202827658
417296835042 129014137705
-82607121794 -167935004777
-379525129295 306073803320
126123123453 -249917865052
285624617997 -144951803146
36405921017 -462925569819
-219878628374 -71042115325
-222315701605 -74428202354
-79765504842 -188785177567
68945572003 -95852977177
38384751237 -317781036720
-88590914587 348905610394
-24228913006 225175640381
533846232470 191433186611
203106492312 -126349612473
13811719786 -55942911631
-189672180093 175145885011
-139677629049 369522644782
345955463856 306792402508
-117394335398 -302124843198
-65504274925 -89595604590
-205987083176 338378564095
497197391291 -154700768675
310506714329 -39025477748
-203716986615 44680889446
-405942818484 45923500247
-47948524939 -10154200693
94250159639 -392875287284
130756648936 322603247825
-343842803934 -298902461130
149417510585 177614570545
-33574326252 -144161426851
48554674443 76118983670
-25611535960 -264954377482
-337796021841 -363391898471
307758556422 -117682756130
-180393585911 -17149244656
6720476556 -288578489456
118845751594 -378009944475
115012221032 -110801993628
3963127957 148262818191
-110651657722 146224648708
221647323489 -258004957793
-375641316143 -146403122868
-60752879631 98380211419
-365976564303 -366750569307
-275454846627 37686470854
44186810995 199127914184
-223108388502 -231388334509
26965989869 8038117198
183778322343 -162455352705
410600816053 -224084817596
-78425821869 373734298270
-232950038126 169846472783
257699951714 18500752365
100494221783 9912538780
238579269337 401669917222
-261454908311 401159174213
-387521070509 210783977795
323104437548 133402410651
116532595699 23717226457
146305919467 -221429365661
362306071441 109658318968
-488088898254 10649081775
61637377716 203047945230
-202720426460 43747452469
40977861931 322307620159
46183328903 -64305174918
-119132654977 -313511119904
-135637775530 241479192992
165226014450 -40158283993
-95406006327 249061592472
3793176220 -256920290144
146453997783 340471233584
85645761545 -264851657798
-276603691693 115751329864
319068509812 -93098599810
-124420509133 -359058904072
-95964835467 388970830344
-107055445534 -60295447243
-134511070310 -221072615329
-346794796782 -20315313958
24349988036 -221701040142
185822744979 343128099145
-418628206919 202638562429
247993923885 -132926138436
135824785191 -109804338189
-222537109929 -72063160446
-24194866848 295368516410
-461066088168 -279053379158
49979413810 -64110173454
35609815848 -56822408175
163540244771 -368899998218
237311170008 152431569577
19090004031 1628123773
156484492967 -232942583391
-308520966262 -246487131736
-89217066230 32292430885
-393926585912 -7909306428
-62993526003 -6754295843
-230918628183 -287741363421
-252816296544 371148123739
-329731585681 -128850564910
168849008321 10039742835
-5873980291 18763871958
115553935948 154812964254
-44220767293 -92883799863
34033716959 -629601654968
558707464385 -203477926568
-38637681166 98375664058
-168132838298 90722377521
-61755283596 -98186206753
-42065957570 -341303883612
307221039643 178307851440
8028370539 223193706799
-40729298043 -165683246747
-55357431944 316105861799
84783878527 -46869784838
-163676971819 113936358545
-59775301955 192574541438
145298569276 77406662959
-198773204723 -298702941284
-105107245294 -117799174651
-87617902856 519594405793
107313216349 -116039013389
-308990462926 -259960829743
-400035534838 112627819558
-41199500102 -71457474274
-31253862367 -129868794582
-652222109845 -147030635988
-363672001361 208568112359
-187112265164 286213175594
124023544992 5577922016
-24001671996 -358758572851
-287300688731 -95525783035
72038920457 95649912058
-26835521611 67316698113
317311516120 -104815611849
189480378575 423595087238
215114016348 184096806676
-126547760191 182322815364
235512567589 -281688027973
541208000397 -243724005103
295920177309 -367944536891
19138891837 156709381273
29404712473 143177450470
-184109355216 -84612931103
313582770185 371188043175
-13317463818 172366457124
151283451696 306621523265
-82035264663 38130095032
108578916694 106842915770
-289510967677 87309064308
133673513265 333605524569
-208842833734 484778716582
76649727005 264448452580
12044453300 -149286506090
228269941580 78707595550
-13578324433 -482562482871
-46745752554 281944964179
146240341908 -225471019965
211575741738 -238083468509
110246666428 -148450432861
52868839047 -258372106613
-3736534780 76910592585
-296931882836 -184328527824
122399020441 424279723
-321876766327 -141630889217
176200108516 -4119341158
280817699615 -79954872663
-55101439266 -215230686337
585800778838 136347908777
223103353899 -105662487066
-319593775245 -124338693793
-237811575155 -24955048909
246615510386 -250159199424
337484375168 9940720060
-11082601733 141903210234
33722581990 -255526881697
39657635042 242367663025
-311563804962 -216404795451
92536243146 82641910977
-203531492048 -105552801794
493163748749 37961251482
301802369242 -53287389447
-68407685750 -355277877833
-208792391494 -59943694292
-213978417312 341660979158
-337434783373 10691859504
163266487678 246396603248
57962954048 -140838838771
46368612198 -408544755580
-151079286930 -261730235657
-147068946042 401027352021
129120358432 303983136392
-161125434889 209903225593
275697702916 -449097919763
21515585681 -329601630474
-192333986966 -129237219611
-17091500755 -309237633692
-44742952702 -133386441608
-444180567712 246580229705
221624351485 -331139173406
212034094438 179656489769
129325057572 109595358087
-190002816100 -138771225893
-278436284011 41023239329
-114724640116 -68078058441
-451621941465 -337515514323
48687503293 -61367861594
-102346890287 111371993
-311560642595 76351411236
172878550214 81199870980
250911280256 229484967236
-365179441460 163249470368
-193126368452 -290168696729
-143045389904 252197917619
36461177048 -39504954905
-6605146938 -90084879427
-333848093650 245220094426
-236390830115 -227163902525
-245352436942 -69351023475
372963810867 60857605063
92563676671 -111115595222
366622027522 -127073705548
-214883883791 6931746036
82308129146 220705454522
2197212638 -177149194227
-118176747464 -173511916598
-197675472957 214537998108
254090002958 512079990569
38842347830 -494349411458
-5380218398 35955464388
-354684550518 54353462231
-18598860247 -433726360196
-197570593023 -230042533987
-242512245226 21071417095
-61507943018 463798048579
-64363504997 -114866725635
-301049051141 227182905820
482028365135 -220341224280
213771576281 206663013345
-34497040401 90865493173
72170556212 199183100603
268733169123 246157498063
-280337387084 188099558916
222908906052 297323487279
240876654248 -120679792775
-181437493395 22008137223
203254426623 124612540363
342305061724 93068620465
74084213367 -172172829628
-247433411517 50992535250
46584478963 289058028490
91639495748 141211332789
396314015967 -85205859733
-55749608519 -241909070806
296811699258 -139719239039
-16509725083 -246403423259
-59669402169 161713170879
-223988067599 10947502234
189531735945 -1198842120
-74208621285 144657941279
184941733958 252381331526
523124935933 234712688190
345782248535 -184380784961
-66919732095 439383657810
84664670460 -20457902961
42279549140 103801590494
-23996099189 19131889090
-51281626286 146924237842
249134755979 346370772774
-249346397569 517803027877
282116188307 140589669533
-218185242293 -35184019515
-77504598877 -353388067523
-195348640805 92636972018
71642864744 66616022661
36690488335 37906519753
-15664830721 663550137626
649661559668 154216052556
71369942223 -119389419976
-317309847278 -49081163991
-57727058921 -2929882368
-202966376577 441847683074
211791556548 -141731186961
49938715978 174080185568
309206601415 72475718711
-243680612806 34031986245
-175094073893 243720506510
-127372975786 -72992667969
-19302659461 156409076267
281916521459 51958105272
8119354199 -186405516860
-110000711870 12376902776
170404345207 202964117952
310533629180 64554140298
136016904643 187678401132
67937853997 -381174613792
-260780628493 115445440255
-427507037790 380025419018
221739239612 -111947150021
78077269162 75783404872
91224921782 130598675469
252014493930 -156021920369
-249451038226 -408386518661
480921549310 104093410807
110443190125 55509501830
-281219842471 -341800772472
-187152094043 54081437345
60244987666 -428359971089
-66067295389 -118516199401
95922021062 -26080697903
156312284597 -240581262053
294184437626 -177872690538
366071055398 -327021962276
34826126672 -196373902334
292907080234 -12926157501
136045468168 43210499122
-248569256802 184535649142
6350678947 75939730031
249677353233 -248784211608
-11509973329 392050619752
149552725985 11953191679
-407355505807 -296089962960
-1111987407 252076140908
-5739526568 88169415455
-326624910286 -275284974749
-138152669240 -101279841603
352377230430 312209293695
-188187523522 -224984936877
48839035252 -43376859431
-186091122008 31042947323
-197295047775 411457898722
-322586669552 8836161803
177405127539 274682959896
277587890226 242497397047
-48260243536 -64386364086
-203444576760 267202850871
-39181715421 317579278034
194186498116 59698152218
299881938114 103581063141
-282198973892 151104614919
226747638607 -192336461125
-466679284452 15945061970
119496169206 -284253764611
26585152537 -198772091265
-248564630638 -159631164121
125952843894 -277317422347
-257436113805 -169319965352
166407648516 -517887654380
177993891521 115143950057
-158053847829 -265152276518
-149720036224 -108421541095
-276013809884 232662086156
7529739011 -465448595764
-351525280111 148623217169
81955195045 -337243025359
-322302927865 -147973589070
-33653368747 -369991158525
-26233970024 -270703296185
-182725624761 -373774667491
-377845331000 -95285981340
-276047386744 -138042415739
-45180442208 -281329265555
205790017879 -75565461584
-336244943620 -10861221627
54893860378 174434367301
82019161242 -54979524368
-361701753539 132815196984
142362605205 -159768852944
317705325361 38997490041
18805024660 -166729190244
-125847647754 50812875083
-44317919548 -473978687763
234990283192 -174733344868
-158442792792 245467825884
160261155757 -81352468035
61808427024 279635748795
-207569125795 -108861625797
-160996296482 -246988780721
196091110670 -292244490356
-116049166140 -42841133229
-516444152981 -183529871661
-141978776388 -109444680667
-201203636399 94029568228
190917977968 -5740930945
-244266928931 -169549623973
-285983225042 -32491272041
-360702013393 -165528201298
44375829320 -258867433646
-260213407758 486061106986
-222363692790 127720079562
-113110260353 -91261909849
213893020628 44178516496
-14853076454 15343045394
-127658036710 106610378770
176498434262 413144954826
-4882947128 -248572267687
543495920 -321205191689
199040745866 -223017969343
-164077685155 375514750513
301556783500 17777993520
21139406419 -7121544022
231904924964 104447699789
-267784034848 -172170533854
257275702000 -204065235634
-688917635637 53708027662
-199791866902 63078077626
75144043850 173376984899
164939256082 126784792185
32100329063 -348402257014
77695157578 429119306925
50128383967 137705315025
-56462527244 -366721526348
-44795126576 -92620519595
368914316191 -111175864935
-166874975190 95336073672
-17320100871 -186750118441
-269977021831 250840903380
420729719093 391569470904
75777550776 192324167162
-262714393289 268325341666
-64947244278 -515360800456
-119039247197 -144594474189
-49792536980 242067036625
-364743368168 110886212998
14699207374 -248455198887
260602143551 -146793067546
296579393375 -29410246410
225434101228 116600890111
-158474602258 45151556927
-86840985586 -131850903154
335302409968 28608874622
