# Packing of N=61 2-dimensional subspaces of R^20; each block is an m x n basis (integers / 10^12)
# m n N 20 2 61
-104051501807 -300704511127
122722194522 350162496271
383613583436 213102098358
6250289504 -200198320929
-232037638304 127700850515
385415517516 59235862768
245396138002 466714419679
-129476208554 165243483208
307888690739 -234287946701
61749815752 62811118198
-396870579820 187062562531
75702834857 -189478908729
51783376747 142688803081
264317649871 27483461989
243855603570 -200802459011
-33110817139 26979108771
-305388588568 321605203499
-156640305270 -349896381958
90086231613 -131623349626
-163332098721 -38068809805
-7116362941 -266653663756
-289277825291 -21285514621
78454015239 398478256072
236424752269 174964749359
126182761339 -469751249169
-113575028477 -225254681126
222252470385 113718353662
77773553224 -42080684696
219511272776 -74164846799
-425045534801 -160706870716
386221240984 -40014154869
358007190025 -91115800622
129687751847 -293606747
-54960228281 -265232170446
248901213213 206296917792
282907036039 -131935784319
-271832586553 103403914271
112953905566 -452091765405
-70321914419 253693748501
101687668054 -44189983634
-219451686587 99159572727
292967422512 -184019950358
255269507141 63826798802
-10601188042 -127984371551
201787372150 -374869758600
-187838529997 217375678376
-446391531914 64291387941
-309682651968 -312911234350
102307363888 231228741039
-237922638669 -563210064667
-17814706276 4809652858
-239561535665 -175587520862
-347539591736 132487891306
-24393651049 210812077977
122258536647 -38180525477
15730492095 -309757124468
108463301238 -123571678180
-208689282142 244490710849
320104095518 80186954205
102124014518 60164754733
-120936628981 279388875720
-450953004359 -177152184136
118509839404 -252695485254
162229376186 -301255231919
-255015370432 77527066097
137149279415 -72435426616
-219508229036 -245040111349
6431381349 368343618718
171126624864 -266700668223
-259449429391 -238343048457
-497915321916 -124363275287
-85288465920 16918860391
230096170439 165234330442
-93844232614 350385875004
-385514743836 248583987378
14387584376 232714468394
-57017650255 92698356913
-190094123003 -142547774128
44105746008 -283613194746
76687330325 99544610168
44746739208 -233687557313
-190837866985 -276088750967
38926941707 124538327092
112773145438 70104190040
86656354362 132698577979
-85087899561 -160062652085
-181669513783 -235974520587
-528690541216 -168898122132
-184522328114 208989349133
-37154544692 1569062411
270007672133 66354564799
-7162681435 -116834305803
75438388753 184735551323
-88369692617 -90754310417
-85688619650 -32224118476
-343954414961 619662867586
-83500899225 -96054032768
435070909733 -332766756070
-410210823185 -332532776660
-89526692300 40581467401
-139829598640 -138078003570
-390874772058 37468854420
-259184845994 301890483451
-227221052775 188133073715
-243870557291 200641380494
245840185539 47306478163
-191685403473 -215297509400
59948650647 -110650915415
167871296400 61290495675
4051472576 322819096666
190793127762 177336380641
-250804281542 -371287973913
26868268862 646899871948
53629108142 -84481806116
-18386918374 -93896019196
165786640726 -144944554290
178050096371 64662651678
447190223347 -18018222290
-246893672475 112327020072
311529036217 45499422499
73537941330 516987660185
123644182293 -86045059422
435734341951 -97260469140
-116866742246 48062202906
-22049844298 -39917782228
95822954652 398466077636
248061360787 -248820159568
12696311039 267214532151
-315090399221 -314987958524
-57055799629 -147180424042
-114260105492 215209373571
6063947935 144484138336
-388589620696 -122695523797
420582327461 -49433505324
-244075697300 -161991672847
248115865360 -3400155961
29596059196 -93132419708
250682279390 26851207731
224581883113 -390358455541
160026024327 -162084525931
304482993501 -251107870921
151737867634 -153922329637
-73835545003 -52492967385
-4545926004 -272517967
-13242419844 -330650726969
14988340997 -88084901463
5921871062 335838474937
-369254780864 150146196556
227055624210 29998476854
-26888416249 -144614548806
-44245538603 105025800817
260640449372 -28345070741
169296210558 6207408903
-227913634605 -51480021696
-60998290543 -438823515171
579268328758 23135994926
-401434469087 -60067496854
30860891654 476257366111
192452246204 334293906912
-28679779053 294037649561
-385458133599 -413905417140
-390242134143 106942766613
126298084750 -172658103166
-63819860926 11288766818
-45931588342 159430855880
-399423486019 499575949498
-102764434367 -133459562107
88313150046 -208482950811
-5387281046 -29092726016
241031828378 9515322050
-67226322843 85478379511
-289271910254 -182457925680
204708697257 -225226469480
993319725 53954277347
-257517063560 123315717019
174416839646 -69471668874
218904393943 -167742680108
-54487169275 -338948657740
141060754172 219202440888
-378613704178 -380469946192
-19518577785 -196553344488
-322889226086 97405831145
-5387481229 213645184408
168552890332 -198104394639
-144440894268 138307351762
198246921053 25869577758
264659334371 -259425028019
-148570715067 88505295639
584347574100 277482031592
-64440125590 -77470897451
86924988199 361180436072
-123727049278 94630004223
-194096377514 282083892787
-54789695144 375516307907
99015472487 137281481493
220718277058 -412554256260
206577388740 -50882501268
-250972557085 -337344081678
347624408551 152749779352
-143040469209 17286518935
-259155936859 118019686741
-32759559262 -89202723144
-448028612826 -195366723060
116950614007 -192293101295
-71060619000 36879386192
-37264994497 -97920266836
-173673480398 -153073600130
131964510400 522206397944
-10214699253 265405721921
-159725710240 -23427908754
-94107319032 -77273943179
212280724040 364587676275
-10353368941 308942286771
394894244377 -348126765952
-324262858168 -178076509052
-181906670709 -80209268271
-220630813989 268446188549
212037344828 -62952741942
-235974572784 224723250049
374432511085 -68528263703
202469759936 237077989381
442209871922 46824355388
151025984393 69315344219
-275800198857 446554021609
262925635810 -209986142828
16580589168 -161537574824
-97205388630 7986267593
-20519668053 68298699708
-54748989317 -294010759363
-66774988617 18652092926
-246562161583 355231766188
6402715561 460160625833
-250765673216 -113233662095
-453546825386 -247072744602
-136702814692 -313603652001
21221177481 -62961024716
-90680923238 139617725451
331799199555 -15551061885
273129757154 139711993833
-190727779415 149362536835
-5028035782 -61485097609
225231934459 -407709634076
-177331483465 -336110886158
195365651480 -39322041619
-23299998386 -517401908526
12796082193 102756657249
190054591282 9294459518
-142596122503 237063705667
-54198904450 -284728067022
-143612833445 84305146940
-159315099060 -13218997253
59249985825 -153424025784
166834784525 98875314685
-385369972706 -283146839145
-396396306620 228563955656
-475129470312 -43171225824
345577525928 234649144253
-51588963912 74886760251
-218253166639 114256344034
202668306548 -226404224454
262923719542 -477683865659
-459866078410 -177410980898
337417982191 -355460715125
-29649259885 -317546940077
288831328456 37268063810
-75343652759 24992155174
129042228206 84137629026
-193827596400 -321283479584
411644968861 -93180991439
-154713194360 -117988587217
-169396320340 139730629374
-119868559838 229016680779
154827879480 191928137210
214866057996 253012137619
-94273196121 -294466158695
101089813682 318968746174
-49175290315 99859011742
44378465907 2546991937
248018534745 -51814406243
264093218894 65544578790
-192300159883 -193414420605
226766290104 -459936671055
111582592148 105294372717
-232242992572 -120861590110
304663705877 -199563242182
356624956078 -9241222547
159204528616 323030346236
-77876193778 -125268365710
153574894935 223156490407
-114028143613 247815557316
18979133512 221388670554
526986178747 160890901597
316014585689 205238967052
16657850643 -437073042460
178853024162 -89706826621
148545733454 -131290960449
227066391388 17223243371
-516098318 -30199568607
230973273329 -240791488196
-141530160301 248320632491
85186738323 -67852918535
-206983610081 -374974830781
136548470860 -219080838519
48811321107 -205043135912
97348724653 217270946795
32496410221 -72819927840
-297828258389 23129666943
-291026266604 161642212137
38014605474 -56985974329
-373285031439 -25696251592
-143713367477 -42084208650
438565898023 -125799084150
17555275778 -272256690969
-410736891147 427945477558
150533594499 -70224564330
-247793087643 -121831183549
-12673142895 -181698457344
-222151037982 -282602175303
283260304434 519102417686
-91317959120 68505269039
-153903586164 -79173114029
-27189889184 340139275102
36584401859 -256424536080
-273321114867 34747033657
-291778105440 315753142150
-237873204703 -204468420376
-258836409647 257131332895
-183140832035 102945573092
79590545823 205717223805
228616097956 155033813775
126591731239 -147927778319
635804398353 72386832240
141653932677 -495132660633
73886400063 7569481965
-62942501555 -199289252910
74672005231 81514515947
24082867929 293077935600
369215348862 245037988419
-5898881140 52653755351
80040219605 243087587863
-158843348393 -153325636128
-175933849413 -339333305840
-138580357076 -248582734417
-26531944487 404530085490
55000119324 55233516823
484550470248 -98864780206
273631145217 86139441081
323318748937 248927481777
10234679463 62354172547
-588772761879 156496614301
111818727901 -204146364358
40865487722 -171257952507
133914948764 320171040616
-67437949132 164409846172
-151775969287 219025467030
85560618312 209724456884
136731102062 -69563759709
-190928625051 256261177904
145735216347 252023143179
-128558747321 314310172195
110529848939 -290420913905
-245480270881 114973049110
-37611614027 192906469819
-219559160804 167371836254
356796148678 201050495933
-75997355285 -157197311848
62012032356 62741506449
-493355568638 -163530518644
-146046237618 -473668160903
81242650091 -117748233541
-428726040755 78986095402
109528585917 -216073337929
-98841309664 -362268366187
-196244329077 -31887455268
141098769923 -385251658490
-48003069393 -344142474228
196355150840 -130819232481
92191964199 -79771298291
-35586146419 145070774997
393737672272 -81340285880
200483899178 -95764263335
-272681227771 323981288132
65666020436 345780533060
-90208353926 136079850685
237787165053 55372913712
274951658955 409186340861
50343310738 -153305890117
338200973479 -126823414312
337613811293 -53454655252
-77999264719 -273355581405
153315638455 -10967057363
74398411975 -28935348534
-292759695172 228227616572
-206046565675 60060833149
-390863560448 -218199733718
95413549269 -132388940102
-241685389230 -435854199282
-30403259396 318459077974
124892092574 34917930564
331455258348 -213825383370
-162548611161 517851898424
-256011197846 337532076885
462893108274 -93599169229
442818491740 136030633219
-112527409957 -234488166913
251298042401 228039827580
-234131885422 -284658699141
-76361346163 -230935662021
143276021223 63541174546
221535166421 -227008942941
177333664923 140094328958
-85697002444 -148229981367
-34757959749 214409134045
117537995876 188384588768
271083844119 208779731581
158266686367 21676682486
-134675908777 308357147333
-132806571239 9447205246
118664465725 -158411194762
299005794349 -79575067513
-355780249233 81880648443
-54909276818 210485327153
151706012430 265472091872
-514433076053 9357717126
154627202871 -66714098127
166351053835 -359688787847
76345718319 283302955099
-192945743523 136916890605
-268157772490 -143784353702
415454002183 222661856465
-55621308673 -235374635126
166462034698 -32535983223
-72484719764 157257698338
110105093946 -18611256625
102070969764 255681059123
-170710998379 355380880847
93496448072 -380997752228
303837655224 22605030216
176890062732 -195279589344
-153327933444 -343996674905
-334924474523 -197657487320
-189663012026 301782635407
-10837549599 -414558234189
88434348988 -365454590121
168664503362 22144204331
290686752900 -381600326819
-153483771128 -103018782480
-251302994967 117034040774
-93858120727 119707556265
-368071883441 89128951478
-102096030207 -208787661741
208269459861 212693638073
-248618358467 92914788115
-110207804281 23157170288
298582893094 276476964558
339719750936 241140543876
-117302763182 -311279507663
327521630210 -69926878621
162927124917 -47938570186
-141699519519 187293691501
195891138768 -13983317327
-69343454204 -126783787346
-38418477189 177586028428
-65581202593 293695884310
248502938900 159203662305
166228518088 -247699407783
-428410999791 -2665528337
-217477544548 -270501163379
-537705338633 273648973216
68978901680 138735595355
140083572800 278905167135
-60089465986 155969364178
-109706598248 320105438203
-193974240759 389651860893
320181982938 224872337821
-46745562661 -47975613258
227307643034 198102516444
-23013373745 305380002801
310673460433 145457050899
-103074398660 -221330118595
-278347445422 236244258995
133470458598 187274472599
183827506013 101435902897
167577657070 239190992611
351446324755 272829725176
6434072913 130466268494
-167261814781 193165190373
232719560300 264731356906
-311037990877 -33668679715
132412664437 -74008501575
276066037310 359305491584
-369002353282 60793507365
-18379041180 216007347260
-134999428542 264295205550
256237328202 -247890380985
90319886673 83005875917
-389596074360 317288646720
152775618273 314756786049
-206980859791 256080124481
12053918877 230615565960
-51885584185 -33867578666
-115763739748 57309350749
-504947301762 -122772404612
201404896842 241242937712
138251781144 -204703584659
85976653515 -196236871362
-96757212644 -96106289772
-113762072518 -37415693604
-237457464533 -150042517513
-281812843143 -372886762099
285279529289 85986542013
-298132008577 39054760237
-85815982887 421120094490
127367587866 178565318472
100251421442 -189485870317
123812232266 -315412340668
164932201472 -72873717809
128870089770 -97100194090
-134819532886 534235844011
-471738121978 126522024033
257459272277 -399503237027
-201422524417 298941236600
-129885130313 21001530000
149474692611 176404217938
238416129519 -117234548440
-204941414861 167876585957
151503452058 -46156233918
291860863166 -87852851077
-422640885998 -32012801990
-235277828344 -202016959331
49198647636 407591237072
-91741372223 123871823060
-171521924074 -265233029153
-35671924505 -162586226357
-124800933003 -147698306275
451077187869 404105553695
-44130520392 -233723732155
-79407429045 -55110071690
274377713267 -69416358626
-262410504317 316235355792
-155435396901 503475242122
-97550747275 68053300445
82594932898 -140493918729
146158717771 286571141184
310139069850 5382325867
-314687763186 124316460303
-41590973804 -190727178355
-182049108208 -98418973660
116504495970 84972107716
277572383507 280000708799
-185652917160 861612229
8644604421 -331520480576
-55161873698 19367445236
-435412452319 -161111240880
-21471610938 -271627378904
-182430106302 78433298198
463801982274 141350283850
147540789214 19973454466
-239239718712 492034424565
-249813532593 119180857976
217177222260 -154195403223
299792928293 418235444889
-158417188174 -261308812017
190842826021 96218890652
334548006710 85914421170
-16267095737 3251144764
121697365646 -52128026008
196179084714 27266079515
298131952473 -223770890852
4409403855 187264782670
-579338194779 168734295360
139886789447 -201850992649
323968632831 174486504892
-181365008592 218932725811
90730870121 288172515285
-67991887607 -162160532518
10967664605 317681176483
188275718507 -122902379994
-74717258296 291870229500
-4041083 411852187885
5159014178 -32089053751
-83437854118 -22280633461
-219726646042 -36933900574
294896248821 -150301831763
20440205636 87378958667
-170582855187 394728482747
-10371029324 66999786057
145843977473 -315600135785
-132813284296 -355156607581
23315067551 -183294051376
68912837730 216744658356
-25856892790 45004456003
315502845941 404446387518
-510285763413 24349150360
85090868896 420453866956
75334189307 103649923228
-302626023399 84099959221
396742578309 201443350765
233825056354 -235848036533
-326745182677 208022641262
78552825293 69758298328
-277002233184 130715709804
-1860773559 112872090928
224174422982 301903214662
226063122108 -25943079469
-492084874573 -66122893127
55083814963 -353634984693
194835775791 69935700312
4624477468 462542091070
-49790905690 -99249786447
-247894081972 -201909923059
414382149924 194004329327
222282529066 -162659430068
119257686523 222329575790
228456427047 -127620959441
-217766870022 467718338249
-49141154439 205528525631
-310486233848 160775142549
-18483603903 234707836576
185808744185 53404696922
424833461498 -76232694670
-136681606096 350028542591
197444252848 -234366435068
-260633546358 -172834365132
129391431875 -61908001015
17885956838 186331090379
-148854243922 -430862845842
99841954808 -69205405239
-65047922780 263958121331
265767547624 -292018045444
273687537395 -116874027311
61404430197 13592406513
139024864150 421814190882
190470367707 -262214370357
184093412322 10374892995
-195703713961 116836020010
-246024630504 39667436632
439897268928 206228443626
224841751773 271865511635
242497016470 103131280975
-93196275240 -209277276839
85266851219 49549994274
-278649211622 -31799481226
-60135878789 187300644308
343092554402 187380474782
158120596694 -373770111383
-63868724659 342767631466
-67946563942 34357978353
-27530059586 -453220316770
39334454052 -161540034175
-157946696600 10269815567
201857443402 381202957725
246698934350 64428698508
-219428086087 -76436838372
-353927853507 165325570553
60681106171 159628066603
5180721712 177443355222
-524469273971 313620960435
296509189584 151593508578
287061522797 177798386186
-33069687807 420063068872
-102372306001 -338605304363
201130349598 341639460374
-302412251763 -58568345124
96754286338 122978712577
143771630209 252041469303
-584031051556 -201969750273
-125863064646 12737137496
148386278008 -159625806678
-96026483077 236917339352
-293958469710 -17502134409
188961783744 -195854236628
-158928592903 138800501060
263111238147 -175043740885
-137692274827 14451106479
-124394238049 492458031079
71892900674 85049487247
111970005967 92014249927
29343508467 -78629721752
-410744119375 185351760332
161184745577 29577688712
136823769817 -204274888391
46453073034 362938831407
-208307159224 -81476631657
40569958880 137290355785
-592592229595 -178552703570
-189023759791 116062110841
216363615015 -137143874209
-130030962467 -42494763750
-292880572440 -282451629625
194975534267 145050791525
-296184458489 562054433865
100581128438 -260066172121
-90849606467 206466597367
290579118447 -189623697973
-189969927370 -359082758579
193304238934 176912104608
-90182411891 85258697684
154313178386 -34267075079
-194318210910 50931977750
-75467730904 52838423371
-33334660031 472988854230
-213217800673 -288295721708
256535127661 251864398640
119413118613 147215119675
38921428061 -8534882049
-115387412380 124137440033
-85357877392 -156948403278
-124361014412 -53478346878
397519657985 -7952167623
260877637348 126020715676
446630359720 -127082266252
85850729446 420247620874
-32987214117 320524647300
417427208319 -298812852406
-231034665455 155176365484
-193311317766 -262741652804
109142088315 -235192376997
-268511151909 -88005988245
216939789410 -73420636012
-190994556407 52251679222
-182582695846 -137045068512
-166137375809 -120134429518
306580453061 -83439443806
-385902952395 273763842582
-129284572586 204034102824
-57542486665 437143863233
-291937347385 -271008551855
110683255952 -151916102161
232923230248 -199864543790
128497805410 -339866690159
-164796470826 -11792359849
-339914044432 -43449121364
185971837852 487280305190
-40093046044 -221318828451
-126296040661 -228176199063
372050541440 25499248435
275962379267 -47649245686
181058532539 -28161445758
-170878497832 -230682081216
45867965015 211201490713
-486276862666 144450269599
-136036180180 107181350732
45412205660 369289669862
615455280618 -120970230164
-10372310967 -14895257430
-176216349596 92929809004
12717906846 -46729185142
97464540302 -260478622020
266728173830 160754036947
-237445497019 -522617961322
-217299998722 -32514024385
13196881009 96601393309
-247689161079 242985433610
31106511629 -202703500742
71494525798 -74021735196
-220777340905 -137564938519
-160706433373 -312943171077
-9074037854 -353981806349
-65257169248 189763304156
-269356397205 64881976243
-35561388325 141777871489
261823562471 -2752475960
-50898520779 -121569092521
110633257917 -5974662116
136079949635 -397021440113
125746577036 -6352674895
339497612690 1191773816
-36046290670 -187611561283
28614188328 51507567395
104062747690 158066907603
-4974972373 8632620210
174022059514 -328852271281
-156726529069 -169017099915
515222435739 189551382628
-378157452329 -18025575429
-117886174083 -309582703911
83178236870 -62666732822
282965946794 433402505110
-340661815553 528882693971
138878901914 -169678667037
70851961246 323960208945
399289497747 99638411828
170117879542 32293448939
338370031834 -161543570459
148316511507 -67173707626
-108866540235 162579006840
52540943381 221587580980
-8220095456 410345773306
-172259158873 -30851805121
488336659600 -196617800030
183312921663 237447803063
-340936753765 -240037744465
-118257446400 -19331998630
182013784229 377218056682
-15136116567 119845472768
121441042405 313406604062
-282871706418 161581520399
-200216055255 -27306937096
189650189902 -380847639811
64859540584 45884386707
-73674694470 -105873417034
-118610293244 219482013819
15182221399 95070550515
-27446767140 54495932456
29898295777 -435364273618
-3666691257 210936925806
-123325901007 36626134835
-257178044436 165172259327
377618059932 260614318638
-264103043870 534863914845
497147805372 -101445714337
235159371287 22440886015
459375398659 -48839135372
46987640085 -174494967836
148477696302 253731043733
-112666203840 -91995865468
-88412991637 -218214692511
332335018123 381750447613
109626055839 4851364778
17194318219 187132038064
158061545862 17574718575
-70326620088 386614378577
-231460421433 85943387059
-150614324846 32252931191
212678284632 -336784388070
-321534130001 -157143187649
-185122897746 34618351528
58622687563 -327281913156
456239642375 -37408101904
152577499150 220434944343
130893691807 -52052737568
43745267614 268970209751
-237299980195 509680372780
-47737238974 -163605582630
214910547971 228591472324
508399463230 88432038167
-275652290155 -255461586932
-131722248341 -145969388740
11409737739 46018644141
-58282794767 160085297067
-240682287478 89147032431
332405853618 347456130877
-281144261137 359538643668
31725080612 -106888698133
358207998547 -74226473894
-39792803800 178671540909
410705896777 -251472084424
-342848842019 -103504902724
211997267161 88701616601
108394365956 -170263104573
237998682765 210323959300
361057637483 -16159607233
180170143106 586319220
-77283552186 360360276649
-36770215958 -343795096969
172012128867 445959475817
-116528863673 16481316726
47041410094 68213461124
56102896416 245779657994
-44566085856 241251148110
13535110032 -288648202609
-438150671587 237314855872
397698265997 515268084168
-99514469967 -196243724202
172252329346 -187000722496
139861918127 -269622320910
121819747657 -143905164562
138819375990 -212765814192
377371650973 -131808909462
34791201334 -273544380217
76336716176 56571669739
269195061333 -102712402940
91403667609 70445916650
-87350049814 247922375074
-90394241335 72696810841
122460377652 69505835566
-173218335464 -183238522653
337557477256 -125541677685
-386561106876 -304424226925
-149647758799 302244890788
51120173345 53415621899
-193748167745 -30998157356
-151642077857 -146435369980
-310010798778 -285927275837
-186705715336 -32360516844
249501021416 165627046608
-333629205109 -14988296128
250567076061 -146766882086
63717318587 -486419139194
419684676029 -252850397780
-125962026207 -20105233
116384220214 105419558384
-23285673948 -193648200280
-31271956145 402982092777
-71373832852 182623528442
-17777769889 -208384299606
-127169360842 51670954020
-170564131794 336231971974
-534180096488 -217600376330
192310795990 -370844378898
-317748918223 -177335173361
189502427423 33249186138
174793849052 30826510659
-9890981891 -221877920622
-170815895967 112754498654
277261904606 506530525842
-389523176251 -26734475587
-156224426406 -256876927379
-194721350248 137928845183
-113643719352 -447809733770
91898006205 -41618045274
496880009008 -18190268135
-110694234246 -595091149
-272037110349 308843509832
77755344814 33110214233
97409545840 39962037211
-85452125079 12597037023
-189305837 -122942896486
-313118791272 329820283593
-178606162713 47361791121
-57994005820 174973936804
19117053057 118334445313
-204072869770 35338372208
254895139213 -249644965889
18290957478 51947883889
495910883277 -53410939552
-194117174114 -41118350015
199535818131 -104639584517
-16354976124 410919250864
217157365386 114362620346
-30301087282 98716454986
-282510251304 114367457844
5512495034 -223484314446
277333803696 -427223726540
99265319634 160015113988
-353483784574 -441063588627
-380304456807 -326709903135
-69493445052 -229138471489
211260458930 -234020701020
-57201504193 336643358618
-209182441733 -10567695162
-356546731900 15553340239
47176103881 -244165261822
-85647400004 -330857261498
36044085068 67355554348
2052295405 174420236908
-135181386258 171872848695
218175841844 184163288191
154848261637 -145180875809
416710046157 -144193818910
-336657902951 -228174782888
11579993717 34845766721
100518144650 -149917851527
189118186016 398523685578
-286473366015 -226576650866
-401053526072 178959451085
141590858718 -414859466263
301980960900 -167508171907
194902802511 242578358131
238820160893 -123581101157
-147080793280 86315227759
38802631296 -184666194
-236238528843 -125896398442
-99319550331 -85171955072
-226624519465 -435377969318
65374653279 -368294615410
-423896517527 -169635041243
-135186025153 -13252772605
248779040496 -450943137879
-209316914853 107825142178
-41611049843 -27724904209
-345288978677 144270326443
-1294708765 274087827548
-189956389115 37358236073
107217424353 366700273505
-193207515233 54574530973
20203349654 342061906581
455125279538 -77945332955
-285376790506 -162539135064
-236302222889 29427703921
142799747472 141701135826
371699097020 -306853551293
96279604908 2938480070
123275789324 495642953711
466327231226 95465215116
209474918427 -73057108341
142562291984 -634922911939
180422943047 291099912262
-163434185969 59566560194
-63714892583 184134269977
-241530650527 -203405427306
103263434306 45519491539
-380806086792 -13710230497
190093273763 15713778790
326910548463 6908199757
13931966050 118407735687
186719302113 -80511527303
-15717587021 130062610327
154370103772 134562696706
163404573280 -84163256500
-211335612405 42151312240
283050342129 73409034336
-386665503428 -263548156787
98549321696 178840500354
-56232782210 -380201428670
412120773570 74729741122
321334807222 -343759367253
153971717480 131300858568
-182332436604 -90398477729
290531984689 -89695737548
-193687261519 166964581826
233904012194 408069217306
59198120832 -142272447254
186340389603 -57221952343
141040849870 -232025292413
238315549010 -521082577418
164312233498 165817270765
-155129252062 -21160884603
-116060986950 -106417501745
255664005153 463562466047
-105662856274 -35405930681
-94043851371 -155609199552
-258279979 297465699355
485895510264 -127269068210
34762101911 14647631005
214450889060 294978921991
101889759103 -252276594185
15034730690 436093488185
-184933289198 287607924589
140389614678 324385685907
-208721491071 154132272766
348464359428 -102271024245
-356323653230 -81896534107
-139887849722 57142908027
-433142509078 24718077773
-24583204186 -130301025268
84496567595 40142539121
244474606627 -250084767428
12895787907 -5884782593
174100671700 -88643553097
240196295820 -165240232791
91352310961 18896069612
-55273775059 -277195484833
284178558356 23401605084
-351828038418 -38708864046
-173717578485 -565084757397
-5580217349 250726471218
379685070646 31514320765
8420589483 169899896845
-139267871285 -167021682438
-343641507516 -166861020343
70092443533 3614166619
38800454572 -316075739742
123548943486 -158985240689
219178182556 -458300825239
386565461874 -222981550281
-11391961099 75884222868
-299261162527 -3492248121
274383852852 164592796532
490643244549 -219824225978
-10350312698 499898748693
-58409661593 55201274321
-175872390707 109195636433
-78204691382 -331708141520
201162973074 210870979839
373793875945 99125413539
-397956633914 -146565058376
-182792201452 -162391351622
-309768767904 277519330097
58735081014 -127212282052
-181728607051 243716385096
-165721077139 277662035253
-229136325118 -283878585940
-108421795102 86058391599
-25083255484 148117739647
225628381034 11185572403
-113768278273 -39305751508
140250723655 354654724236
196029634268 86930348954
-233795994120 -307993163983
-2592487438 -183478168241
-68459539005 172353113011
244800667431 494211811908
371420800467 239958600393
217749861233 -3782390407
62668232028 -148171541160
-174008857771 -171402027670
-371511318964 226727244519
7631655041 -280949593626
-249281164327 -58602869847
-239579345473 11918264926
288019906584 -55276564112
213782978899 65522713177
-21798033260 92872996672
296715401993 -444878501548
424749858529 -131612921333
17655055506 -226066027345
72039323125 -248287489919
-20927252513 103524970528
-11598035856 -117806762900
153234919079 55926883210
-44940231861 -169271043717
764229593596 -8439392801
14645304890 591824467290
162466942414 -252958358044
97705852721 196249015219
230704367903 101563478643
118988077927 208775562783
-141065740631 -156597407675
40708687654 168419368341
103390597108 126963465794
-127495285352 78190991785
-56267010564 62710970324
-153105301926 -35833230211
-111724393704 75295186666
-30196854935 108470765862
393888270165 -344327533743
-174059427778 -76776884589
-113276198789 -474742219053
104515824583 145041879604
14057090904 -252167927228
-333526741702 24509618104
-122777796871 -123203555551
145863354636 85885255446
-212924143566 38762348595
151261032137 75393449871
-421149323046 408208756
-187333481336 34569068105
-306606854109 366577764834
173748434557 321677733447
307063153315 440581650469
-25463178556 -281558062293
-377128025673 -38875385217
70473201501 -169503097579
128423510047 193468414123
-70102260876 302706555804
-195124307408 81690178964
-348546318871 156975918403
115419494211 -426584850655
228365331686 429776540444
-2416713031 179266373
-338571706770 192461759382
-19492861135 -348841745896
-229303169685 -42184924926
99847538011 360418646421
-71849709866 210042179340
99393507619 -374589452927
-79680100082 43180932185
-88767093322 351069283802
372527990184 106485085449
376871104347 70537622883
-57062396379 323085506290
29581580407 202913729912
444994955145 -158539596489
-131978087448 -70813663026
149056845940 -84852234808
-364407606928 -82242603779
287095212416 -46176951026
-56567384265 -84919544268
109279727761 -126323372074
646503475 67136234458
175439609904 19821272937
350957021719 -184224925810
249768005163 -409448008584
382136264056 -164534339211
-274570105933 -400435684740
248176565583 111554843697
-31224390080 73221677952
165158882116 -317441942833
-10910003054 155460007289
487532444745 262018592412
-116827579156 35191113702
100609218880 23103903968
106157153380 -312653687613
76516829137 68553644190
-300186736069 -19932926249
-163379266916 -509774570813
166042040161 -40379672863
-193354304599 112323365711
-410822019092 29630746925
-399569115874 270027683323
51622208941 473115254049
73693066953 -147709973884
73736157980 -276650853768
193432189168 -257470694254
-142716926322 24424238964
81478243388 -165636183817
-456256211794 -303072027415
-41097092763 -98112398714
6900958740 192103320494
181238464909 -294185642188
61893434203 278805233916
-473550967740 -235846559529
-218589172744 -116934181795
135426719538 137352796438
95271290176 -253563782144
-90795795209 124462933881
-197818573624 165289171403
-14320725594 108457351896
-107403715442 -338936996381
279598010211 -103592651171
431572501784 256918289894
-197139880567 42314194321
148832314430 -112901703905
-33042391914 -86224458498
4304658597 -222852345882
380450654264 -202283379880
320903762325 40245600119
2969866747 -172872878825
111035379257 50707305613
105228432221 66241449033
7737467408 166071906690
-44575145484 -180375168286
-372944058228 -57870351618
-291027422584 267688294974
202714397416 571343713963
253735262337 -17791440267
-135374239004 212435059744
-202841042679 387770266721
