# Packing of N=90 2-dimensional subspaces of R^20; each block is an m x n basis (integers / 10^12)
# m n N 20 2 90
340020867598 -33479602261
-41722715924 -515893726875
384075571914 -74810015372
-306855232246 -106243807711
-153759174574 78247027707
-185802183570 -48014531588
208816364855 212566625375
315499937219 -329509027731
273672269724 121371925746
-228727012109 -36770079615
-61990006823 -6255436932
-150337954329 40756039246
44744792862 -189223196275
-112355682931 135689553756
-10070827299 -334365674735
265592662452 127563094373
160615366398 415374135861
-275194842939 -131000824617
-158775413645 369828121794
-272028120175 164671838094
-147106560287 200906496833
65434100561 -160582978904
41346827119 491476657420
349886096100 -244388170601
89781878342 283608772949
-210025479416 125337376336
468643028277 181840158708
-18165370666 3587730222
-164457492833 -268073695759
-2962067824 -59747796636
-279414496572 102313728736
157470012038 194277951023
-22551643200 -261774612076
42510076318 41708241213
245209122294 -247986565437
-378893918083 263609454730
-330859836298 -71707358176
-256541525535 -32445339958
-162865337181 -378803972010
200213470252 169609749083
320034434017 -26389162540
-200896952111 94530334137
150596058708 -18874985374
-132810105951 -153840299030
71709514247 -484871695562
126704544970 -642706006257
537271261167 -100088318947
71170947362 16157237869
-85219259314 -311001334407
306976673242 189723415908
-244490901845 -61827850034
-255237396777 -147596020208
125414854372 182196570818
-148306759595 126103060548
268497761301 145294543809
315918814743 2911205484
-130376785886 -170619816863
213258439568 -121541814420
-57279937801 30850763282
-13489073332 -185791003525
244797647325 353466428710
-17163790817 -265303437171
-396088535336 -203165510392
367312292913 -126973169055
-264279516480 29029259464
-324417384911 -60035335385
-306863816775 191173382430
13435597073 297269075450
-127368615130 -197012025240
-265304845204 -130164444450
-152507091287 152409427321
-191059699544 -242800844296
-45036132191 -188156490806
-221764336052 340650494423
-221665437374 -191977370183
59501737738 113212413411
104987055559 -25125619443
-134016605741 -81073088575
38023075883 -228131127129
312817866678 -468626409349
-85552557038 152121010354
230921457907 366517998602
47574650553 -89873462000
97301683428 -102737587318
62713033222 353786225046
126298239371 1482172114
-334462651540 59483987403
25111649731 29448273409
126613173526 -386073548269
245262106471 -259971515967
-215855376057 41839661195
-38614025289 277517702845
502474026818 -29841683864
-33089767888 -297690231305
-202693071885 -293720946968
-274296954678 -255611830342
-275273644432 150276317691
-436219731325 161404043236
184456355365 294961254704
31469046757 148857922239
-60932349891 69714120935
-26644820594 -176543795883
-311098538209 98084193456
-415478944928 292202691008
-63379598428 -168027687956
-87678291317 -15461855887
164986082250 647498756522
37441540700 -118523045359
323371686759 -16513329890
-220443209784 -34166943405
37358620185 -111707340711
-433072277172 -128232280081
342757719676 -180681318887
144740747819 -177291568052
-244827524373 -312969413076
-12167931006 -190209987882
-166832831884 -81735541397
60635099485 387112890276
-227490788760 138454859086
-248898801695 54017558130
-132230589606 405998734291
-147127957433 -157453892449
-507432266528 352678588778
204111591775 -125528930450
355577155636 150358474514
-74345236542 9655321574
151709454090 -249465019578
201318874377 -137217183560
181671059570 48751628887
70479766780 -51324709836
-317076355256 -199949812555
187902306239 -365648363336
173186156152 172386291217
245601674281 336368927473
-48366945931 315156008698
99639608490 205045229143
-187768260650 -148345567680
150932308813 63380787230
82691364234 -49100871766
-353467348269 -274079149980
-27649912490 115681612295
46799882550 -77371466445
283293155241 -423941675698
342193556159 183211844184
169517208128 -334276758484
45999674610 314605463408
312899354130 -74322320221
-103951178562 261721965601
-157637963740 -117929261193
64703611215 248964351779
112705920493 -71513401616
159581938768 -72564085058
404940453362 -59738027650
-153328521293 23221135682
-318364620614 322748547992
-10533849671 -27904101787
-54660900186 -88304080948
269445657086 269323038838
135516942275 -78838755007
-458276752791 -448025785486
-130370216391 -249715213415
248728874392 468972591244
78989763009 167043224508
-85264101850 -216437008412
-373304161575 314339723455
535448654142 -146277264549
53258273715 -18576465486
34179776428 277572343302
124688363566 93063845938
121512310032 -205158142645
183705416211 -130838612572
199114939421 -53530545555
134554240252 284897555236
75673249013 80172749495
-157481712913 -198706996801
68786157684 -109500692165
448011436574 -302642405211
310270693671 338832684452
-147756228403 -69316277188
40963558009 156050277963
-352427455826 157066044077
-82701822609 -274585106870
259501589817 83819513852
-382933940740 17120082667
-64142451893 14168674402
-53461222701 -449074362414
136107171489 218637616800
-385817880165 -165741703374
90263030798 -92162361952
216724262234 436503192574
-382085231389 155276903430
-65591046927 485210577649
-139934502473 -71172002170
23687260508 -154908632375
150473721626 -91382484468
389477002839 -239433035939
-228615609536 104290751558
-154253043787 -168503237867
61504051536 -7133846112
29924217500 151136315938
-20258960272 -135501661713
-251205862415 111451169830
103712337230 -178188070462
271964913787 -19666420642
-65488143317 -88733567778
68613565324 517323328494
57436901831 179946411865
-286171376068 221109476466
28840745422 40722023478
-50225126249 -164608098385
89969985364 142518907530
-162927818391 85373626014
-331065201805 250961639578
-58565925889 -336375211039
-627673080486 6916344687
-115446067352 -452710444728
109972902948 -23288145333
-156759165302 -245406457382
-364892503618 45515554128
-171553457973 -282835021118
-327321500908 122810476139
-430294783350 -337308565528
152455852425 54704701624
-326162340413 -173570950830
-105901246605 556526163693
-288096954620 -5075090358
-177190410725 -365750332117
-19444678756 4427632635
177158421969 30444688372
-121209194793 89376803624
192720955878 82826475814
450887336762 -381809253365
-96038726162 -288155498316
314231243880 -87398777338
100067227812 48988136883
152367472062 -111998009420
43744170292 -39989366993
-145040188805 100826467110
-28804309668 -276602916035
-24524902533 -197579227249
-89270097061 -184216450672
168262946767 -34132862046
-181832839126 -355956055418
-82020960226 -283839922705
181612334960 -147053270742
402569446137 -138639404551
385525231028 -335939162488
-243285912234 -52190526471
16190347527 176220277633
156265718647 62245405274
-436178993381 -427006595212
296548019209 -38353574299
230750909429 244504695334
100533177032 87908500760
-76794480636 40399171541
143273392347 -159256834229
71366966771 -239080273798
-344493856604 332355374881
35735593108 -246142929598
58026512516 244458806597
130113437373 -520048725098
260837332965 56156781544
82304255509 -180973179821
-111456981819 -11315715405
244110969332 54987508174
153683896387 322548878400
376571517557 51991948492
426470884646 130256831520
150242244001 53660123703
52078546911 -306207444620
-175078211503 -214995486536
-34752137765 260222384531
-166348024122 -309019807705
-58138553115 32350129126
-492433289137 363592612089
-68216332319 80151960883
-338529383451 -94235099931
-133528484990 -96735789664
67423604480 -290279178523
-128944143497 -136161926736
96009673723 -509617203903
-3884003480 154209542481
-23556192279 -276140444202
311191565886 -303409390402
-167911450106 -203334417078
-21641610950 -6783756940
-155987589784 294851036194
-362476637775 201196764551
178663043624 -49567119136
259734719622 344473945369
369077205512 8241696063
104057311313 16220548406
-366504676268 36930321236
157534675188 446963218408
248403317802 187084330683
-216961554853 -51475047572
-321266230402 -47036322766
-134688202549 -123851132077
-161922465936 36078376052
216952154690 -17238063301
-120974695239 376165398164
-69542895673 144982400559
36046222484 -101384618405
-233497116687 160065101038
350823278646 228801017682
-211191438726 92031911701
-257310035150 -96850521378
212746225884 271200564061
-38454867077 -146808981223
-422744150579 233746756547
215592449360 -37030404354
-240743177698 385883583921
-113863987329 41294766665
115387912910 485974078738
-433481751085 -123957649439
-7544606591 155858685153
84301019564 -243027747925
-52390162643 149935587064
333454310497 255302904711
-160143049460 84299619487
-268380857338 -12550018024
-91544196774 56606563507
467081150516 169799457001
-163793427610 19835185352
-146312665578 -127954877055
-132665194530 237081542697
-460610000279 -12538628438
-122924242973 495686176930
-67612391623 -15204684755
-255766464028 77857673588
164970240855 398797384784
203547684121 -211932019249
228585820450 481103936179
-138879634904 98456325605
-162226868276 60089647905
-30408538310 -39524366051
172278780962 202505035762
235206800660 -345284618316
292584198325 -173543877157
-17179609694 45259654328
-351008769305 227816470503
237220923569 172269435625
448641021498 -194551793550
383081035490 162490337776
68810680345 294887150263
-73028703806 65808081950
308114709379 9053668614
178622330001 220379067711
85767529810 207820278711
30876202395 -197203650596
-384286010086 -177391199047
-6976023252 389533823481
65754023249 -143040645111
78850597146 -206560798023
140020344368 204862699994
178120817783 -166351367785
128559645469 -323957322441
-15814275737 422251328129
285001731606 91980725893
-140247338902 156441959823
213248042122 -102938210219
-369992425917 1886677139
-46880971311 402558431266
-10200600062 70862023810
80883894041 389713267080
153095639081 10790926325
95542566399 -9904537766
325702480450 -60839586672
388296324308 143448327547
-343228636924 -556381561615
-125635616681 235306463342
-200310967740 76144963206
214693889436 -27241111314
-184456599308 147218720306
15323139523 90921341052
-301245695095 308034559704
-349900701263 -39505250727
-197261173496 154835537512
-53236692773 -77259703649
101839190720 -343739416306
15440218499 -117364713503
-10076314661 -266432673853
-5974460444 -114620394757
187868493753 523127479658
-371837631446 187233447015
-262533718853 -220907613441
-142640738483 107805243460
355415657032 152824564829
-114790062437 -108829359645
-24973890608 477713134837
-362613062696 168473748172
218760364126 -34168408792
369282797103 48101511755
-111145925986 155362882607
-254194385165 74749146876
-215393511445 307827137227
-92792839777 39831330366
278376663705 -67555122742
262999776108 226442087932
-48227168904 236173538949
-31332907078 576955272064
-375446884773 -7133381553
97497603213 -29732670164
293909548870 -100774862087
45243421257 119774128714
120636261397 -330865535865
200400168973 17192791927
475652903279 -98234426550
56604459780 237921963383
104452155421 81095434985
154104423356 148879770143
-44629848665 427604115753
-349188809527 -66958694686
-114938092272 174456580342
173124249037 119703088058
27253831806 286916255353
-486449302938 -148354429522
110618650834 -267923802464
-117749669384 -153613427250
-103519164065 -71535104677
190321200331 264107848198
-5043685887 363956177760
125350846665 62478450187
-88140310535 -154859749433
-274364947345 156770621545
-82656727818 -157464884136
-61721737086 79170961404
-312115468205 -24272684684
247526583995 -321473436908
-119312006396 -413097431072
398841387055 370584776238
184111638790 -382633525520
87350458475 185449654984
343841377818 -154067083636
-423650406051 -36892223018
-189085427291 295392688244
20318093003 -73655274898
103494522477 -59420992331
-79032976476 -3611274981
-360555862240 14736445509
265017095167 -367805359777
-125664861834 -11408882486
-36160338752 76218902327
-272470131800 -142587265463
138327548066 -452998603402
178373056653 388840513496
116337176227 -363163429246
-363435567047 8982371995
-190071443256 -316159866418
242056761502 124580142071
-238042639748 -121976068736
141205393537 237112741450
9288757480 -2285958311
-362633489538 -205616478019
-213667221747 54907673636
-154644735912 -22428381337
309621809606 -198534667786
134338943415 -147354236793
-214037291820 -127923712443
-331136009093 200506039316
-74820554982 366094792514
128215526148 -54827185237
-328597253996 174575780422
243708713576 401925786001
138277987096 -260601825761
-92678603694 -40403936877
12385539972 -111435316984
-171443704851 72068859369
-28538831689 -492481249960
-459292524295 103355277318
161583733282 -27663595451
-68147814221 -163290254901
115875821083 -163756392768
-184539426862 101184447153
289826764080 34552940884
193984657285 184304773816
-68394497138 -465938134003
528501875676 5775401471
204574884115 117390954504
-125952592177 3461961729
204072422716 293735702734
-125839546158 -16864368908
306123623497 266886820919
181396385718 426336287008
132619903163 318972609368
20915299651 -74510671712
226396509775 -74089998703
-43234465072 44271649816
140828135979 135031376369
221346659625 216492208996
58725461024 -129465398755
298052821944 -13284427523
316533918377 98090002868
-66687523656 310551330996
236943228016 8711761191
274269704742 -336622273132
464566144361 -100203151957
155078861617 -212420802859
321112294146 -394343324110
68192384954 -183125050506
182898917407 -271745000281
-151002522527 -34574178412
-146843810250 -75357849604
-10123421186 164576780781
82682137548 106817579217
-119565644565 154706970432
-204517217108 412473117161
-119119735045 66273717453
-362661077819 134301479870
272690975129 387976743145
127494699077 4302647379
130080302594 1179342663
438579501250 537756913367
-456416673277 6220914596
248795196153 -53781504480
156778929183 -328583326215
-80236291530 183852211314
-141050275815 -19347170724
-253301099768 141962757178
-168020873356 243580933727
302515501953 78374505924
93568690846 26689017358
-102541218980 -20567176305
-261453263385 106470971492
-12485846083 -182273036547
-143253079614 62265245695
-277993234916 118909866606
-189342892660 -81692559723
127915049575 -31596907069
61117940933 220170252486
37533346843 130294920438
-57746230730 69771143798
-432155637280 -115538904925
19626466497 -230302513334
-284050092837 288569025315
-372408608845 236502476543
221684784835 -347037422839
142839362934 -338963497729
343242084013 604439646884
261397651183 214200419077
-30944302755 -131906422464
70934255378 204272980111
-49653979708 -279865742488
-48535531644 -32923964968
-54561635167 -310226152980
-341484547689 316393670667
166324799828 -174263187312
54905693889 427716758653
-59684927032 324970325653
-226303302389 -8106043717
-50252257384 -285356550007
-28818689 89029806881
458198358805 45352138894
-122903973870 -153860504665
-213859686359 -363238348089
-121677889791 231723468148
228152348715 -46150783595
-545656442597 -67784501905
-372270467391 93242011234
-87459776103 173197548094
-96973865628 -316523016551
291543222806 -380201995277
-60085085690 149171994849
90051532378 243267756867
-145053281021 130677120668
166301748619 -489339917075
-417426236717 -39794698549
99196983611 69963757603
-502374625524 -251343986857
-238982068530 -408061862698
120587857061 -278090696996
-104665709297 35162555250
-301549441218 139267767414
-321103771000 1247833800
153871093444 34710179013
-104128466511 209412981274
165984508916 176137254339
-966443575 -62846499554
205882279611 -21570850461
-166164388937 51627754863
191306198957 -277033178834
219426626287 -456174684744
18764773869 37567571962
34444601531 -489623911672
-103295216890 -93698639817
-180023077334 -71273218135
-173513091291 103009045708
-24360981528 -216545763928
-59724140531 -77251034482
207622985034 94824962173
1024396187 -102588722886
-424308511571 -147522419524
-446384492005 93780692214
-50278936548 -19954772541
354765903361 146945250698
365685325951 -149611351766
304943537983 247727274313
-108318827458 305484763597
199244290734 238979613190
-86199418650 -300723893408
-86226511003 -199150231027
-146588712819 -455739785481
334881836069 482154781416
-277982085779 258366108958
-268098231758 95396262155
301542119094 223550182055
82321758118 -45708939334
-4021188107 -136582930318
-67704468960 272021205940
68463538747 -52026849854
-148082677892 111108041558
242313516625 -332986133829
-558337564950 15904182382
11338534160 -100422939468
106809137051 3419959870
-229358749154 177091697530
-66853891599 331027131594
-159114684083 143613426282
287579684274 -17038043609
-183771605235 -38246295843
230319253230 164359420938
-327414000779 362875650973
-190089372400 -145518891830
263711557966 -466886379760
-111442242040 -2257373226
203535031307 123613524605
415282722743 232185260490
264343258486 196736335552
-89483973207 -235570809851
-255221659241 205992031868
53672785351 134134844300
482742915527 120412202395
202985207981 146768065982
143205152715 -245222226733
145805664904 -216478767952
38443672930 277550253508
94418735017 58802444297
176096475926 -190263021990
-57326785272 -281824395657
-34150634025 -197928531650
-225045300797 108283482984
-97763574657 -257971932057
184948748308 426960710975
226361017515 -289760004592
-266929610549 -133764597354
-95585601058 26213593743
-45325477936 -58793057630
-165658176712 82224706653
99284350389 -219716564112
591584767063 171271304309
186526988478 -235932808248
-179839006187 331804000364
35145333726 446410461060
-90205375738 264250515729
-155081054593 24502244183
-39899974731 226133609666
67357311083 108110784094
496408103108 -67375173360
-162804583257 -144744835977
-70883686484 -158990485070
-94215279439 -175412831184
267534136501 255100858347
392011162155 239384199615
158341852638 374492989395
73744604961 74514077844
372712595445 322299447333
-251467768955 195041769111
-63651484500 -53988759219
-332616254437 4113657204
-173259959816 -72702841346
-51442127524 239678389432
10155591842 -162918874180
166202146530 -37257788970
-134063453760 -97185308674
-348622926881 482366685760
219144275288 -136036406049
-153394137984 328351829800
-203220381158 168943594086
-215855095127 -93450333545
-243272550706 244584023739
190225832481 194941198640
133751923804 101885137632
-134078187414 -23160922750
86257063590 -228545726040
131285195766 75312091952
294695727021 -493084459176
-307475789721 -78541362010
-88946169783 -41947461935
-131562641445 287285064637
-73841902131 -141492455194
293612312053 -179093189996
-507363346604 -263573921668
36223639061 405241206898
237268352692 -307602283110
-30766587728 302722147658
-265180664076 -221449505697
-94353309602 135975502404
-333448198421 -37201154778
51165062716 114265973130
309842128832 74610159316
-181275175691 20720421817
263548885858 139441795891
-142010276888 -61398404569
273509811094 399869278511
-81494573717 18789299539
86722995130 161015240939
-77634415672 -83586574885
373563293922 -310915287876
413643087901 -18787625372
324335358316 -566586355759
53842393054 77708463132
285836309390 -48081717190
311139684485 64956427181
81870675282 287841373217
222497690574 22279826375
265142304117 289035876988
134592725643 349234137582
-48195595676 -160205859103
-30565402495 124441193107
-193348948849 150259126501
200360574080 123881923112
-38373788977 -153134892689
92703515359 -374199184316
16570813295 303705491029
-231731753374 -88652198081
52090428536 -78609464278
-86133662248 -181308868429
-78628806836 -64388097261
-567470754987 478586960625
112018411933 -11935524122
406543551480 197520503758
429015785823 184898622082
110182500052 -166803218339
-58005431413 104398816877
-174332274841 -310456096783
188817923943 412795332802
-4963909043 33940061433
-37526297344 37737423066
332842140294 -60431230062
-42791822353 252508147734
-269667171190 -236358760700
51989749404 174497242868
-24565561518 84674246327
-53864407984 105194841984
49345606606 -7769187884
-430186798639 -157072069732
37908759427 -352722760473
-261189761595 -98375577232
270405051313 -160628772788
-90544604 -99028976578
216269287996 363690156380
-12469046773 -26888860443
154004735032 -51247256793
-55584585393 -368465963624
410485988914 -355225332894
355611242318 329022325551
78362009253 -158913892771
-450311547177 255887062372
47881179696 -195110165860
-104371042641 257663778051
-190103956800 417691859160
445838352164 -373389772329
-11774751290 -39507869481
-74715104416 1327774470
65090777520 -375890317628
354631642350 108216312929
111136686810 24634739126
-210425796996 -297937060733
-329171715718 -32428513351
-109181069678 -185777138267
-207810083190 -369900183373
-33745279026 -3948501048
-175431877632 151575419316
141060105276 -193146450280
293230069835 319853019350
-5927489461 -42985694741
-11628703252 -93912211856
23010619633 210835007290
454421311810 130829895182
253538593880 -186935957029
45935358068 430100480139
-161661588481 100956181246
356594270265 -370680243194
-103730279138 300990696455
-231996267311 192430833038
138526089191 319985540629
-373494098452 -193053183825
350002322227 -272254088265
38644325751 81853349672
248792485958 226677413019
-279965615347 95493958877
-261720496630 95527536099
108856871591 92276567493
131618836812 -161101691815
271088928465 291745249283
-254233423840 -101492527322
54834285872 280044113603
157135116392 50248283535
262413052398 141188212914
157160224592 137529323945
-57460414369 -429756549778
71402898098 -109841591938
75895973292 492298549560
-172099424196 38742937535
68108288323 89125949020
54552672272 23679453459
-50992758308 -99675425898
-442776341730 180593072601
103627042195 35909262359
-154030344509 -238362484436
-94259777344 -96464935400
-161884363848 306615720928
-42876902182 69160621794
662572922721 -140270286253
-42451260424 76304284128
-105561799035 -353906654091
-168660076468 -48071765131
-344466874831 -354662340051
256913131141 -232207578508
-116213396755 -96743912633
-233643597159 -138050053774
50483809780 198786455909
149506796866 -44830856921
-234691816179 -338378123203
109815359363 -242386402095
202496710906 196335349736
241051161078 164829031164
-548638159470 192939338
-192256678943 -79865784950
56842755475 92116928791
27541380624 216901116698
-83900275070 24604155131
49608714612 30033797345
-100477744877 206124093885
-199793809497 -522201100013
106198954849 -157524440856
-325373978233 50092648010
402935249372 -305131872611
-270663013282 448026090344
5300300869 -26352082587
-272766961332 193983856263
-67752839337 -139978596810
255646112802 -90620137788
-234621401792 45760477514
-48379782359 302766923345
42933065135 265413458559
48962043100 -85606299984
-97042729500 -167002442358
-81738171083 -459742899291
350197132214 81698728851
117644327402 -39460582616
-441241113647 -149315018403
144772553149 -308687185259
-10825394680 -195890792750
4692362930 -261236476142
255711348248 258028819423
71262255334 -25572790284
118276353003 9650765862
83416777645 428577087658
578136273797 -200847591272
151795991731 -20834878878
-66671466439 -63054788455
7210221449 214653699423
-96704152233 212574137159
210724626712 -204619091782
636950424897 -115060617983
-296900510652 -126365733704
146737460024 136469245668
194056765775 420039481576
207788364828 -142221837294
-168359158630 -336313144659
25269954016 -7347006069
241648272561 -426745310591
38155780397 -445959951476
-148474860192 80791572647
-22936462268 -129774331401
-13406524314 -211962633953
54861980388 -3627488690
-298501505649 -53061264876
-344653387585 -229538492469
-11040067920 -327290729194
-566067971756 -12851697244
-286605614780 120105829249
26208409359 -142268504048
-113795765750 -69535577862
-130800996698 -115926250970
-252819078595 -104717345657
226677275009 492496772992
-316523343776 345547337024
-17716570884 -77015064321
118202424926 32379369686
73116327809 -259378719697
367627995850 81194021391
296668137033 -324769565995
197806900222 245501309121
96070001335 411482183070
-141024861485 122913529312
-50460920610 171379760143
25452341257 68324306060
-191929321195 42352972077
-302411746284 25358989397
-133252720332 -247996258801
-314018608364 447813058148
126722293300 136772624026
-142711795363 -65958635599
-102767522749 -127848188387
-87164464629 -187311407
-294804548906 -257397664731
-136304932507 246246166144
27524756571 122855540869
-225623153811 -284026652062
204364367145 -114486133995
130188099849 190031216333
-101069628189 -282953047068
-188977190222 -220717434862
174602664975 -534527816854
143204025139 94322438882
-446102564476 50876411791
310961133846 -4064831024
-359316002032 6419335829
-362016396882 -117179674580
-2865133380 23736732892
222070801483 -364964943438
152478274303 -243946294573
241718393685 -405885925904
-22412746965 -4134857442
-186257708126 175158942423
-70182813082 -458328372530
-245498289265 194306805097
195899213399 216372418488
207707923817 64452264597
-249750941954 212640877362
439709441703 271726537470
270495562227 6801906192
313187740301 59787598519
69186317503 237133534598
-174506645957 -114239008090
147696962352 132566362183
263223529197 30145290604
-52153770344 -297197376245
-135788912336 -167677588600
79820403428 -193045411050
-207066014916 -111618416679
-274149164120 -85230372568
-52263956267 401995253615
-261652477519 -254299269521
5411527957 -7020014407
65799754943 -4679967404
-361224247119 -376127339468
118116296862 99795398727
347392013017 -163476977211
-119822521779 222224979608
392251784375 -246058187226
-251625366503 195052652727
-299861360245 -277635652196
-130830263500 19036001147
-91845064182 336327561243
374748218167 -254251641653
78707288867 -176803837605
-151174464618 -275611948368
25664452060 -203366549908
59961285268 178059719667
-47444819623 218185726639
-24633992401 195109427750
-259426335091 76364952057
-146872060219 140830394670
-12486257459 -22393646125
229291619167 -349310647815
-332301402465 388186920269
-105778261520 272981283808
346963128569 -10040944100
204083507344 252770555693
-133654234550 -64113032056
-47135684878 48267688979
302843673270 -141054165822
11481971436 319594513874
6541889406 115345893177
-418948052407 -132447267674
-513749547189 -463633185854
127307447922 -172041754321
133703430996 -172046733244
-123282638541 -218560156235
247753831494 186002252895
-99585377126 311052331575
-26770301318 -343890387425
120236397505 -356870982303
222117091355 352884192584
197856323768 215027853792
-95570153278 214243287543
37794799503 1780512976
135480885508 260256188912
-87765169187 45727055226
328404620699 137345050125
234364113365 -25235274503
107610846892 37461427672
-210071110945 -216474539507
-678531882782 372622262875
-20942152830 31034045853
255997843774 105867691451
-102391538513 -200968055332
9349222886 -53913705691
937224811 34401593936
208797886322 -384353696126
21193831137 25013254301
-168891307229 -80870411786
58734415561 -348821499755
-2671115946 -18110654704
-54227030782 -476937630195
-178239909337 238334150350
-297873260199 153516551599
-105157194417 97382142944
14742698314 -83771626833
270873034106 190280534029
305415664215 41725971417
-284230481040 -328330572080
174467085547 -389177924435
-317949460202 -160840203933
242635455168 -179625785861
340475226208 -75007247484
485187672871 183580357924
69299139648 -254762511080
-63641855854 314127060886
-12525089750 -278628438006
-24513917867 -158432787243
162035244265 62608707876
220505119726 248548908623
-332965944922 256851901194
-209394746579 -109148823834
381803986357 -27239316405
-73871357964 229390858188
54906134072 -187814124902
-9526611038 143442412354
-166090134803 -171120460894
-250887000852 -470762630399
-14583131424 250899497353
434247249525 29677324140
-148070245456 -10513096776
-469042881994 334355492229
184387203059 106554316776
-226327635281 -207127484984
-145469844801 -317519723196
-199684256487 67460606487
133554720411 -193754100234
-159639651331 -126870874737
-163353198971 40206479656
27339397754 -111408359356
9809667248 -232175706687
-4713494288 73496989197
154435284625 457446917936
-392155936753 -266061373789
-627301917277 -38078614655
-42832080300 243551689405
-82425907319 137236741181
-55672129521 3732414292
92176003606 43759927907
-12700704242 -31713768811
372890200989 -477419636779
81196748179 -139706647234
156293307645 349497828323
326336196913 -188359207391
-180676879774 -628539523136
139241162604 -106362726318
155001541895 5673505378
188341580911 61426305814
-72122326525 162400520311
88826567795 -339059727842
222171376850 -169878376365
-241424124635 -100573434489
122415698577 -132792225939
-308680458653 275953206614
-126795878873 -121046333994
-22195981887 80698757188
-208981063963 -55696395859
-138706751977 79257455119
88152674559 60987775521
-306641000855 -76081457167
292299329462 -361362251084
264521956009 31189514121
140908561877 -281577485257
-548557107291 -254615451385
151825525352 59924182386
-136198515512 355957128720
-67626835729 445489146005
-225963545398 211584971098
-402787696612 -45713474959
-42871269739 47639428712
-311581808862 -31196513700
-8381257395 -173899659249
118169863576 210532472476
152964907886 178378339168
31624905911 148469435768
420540416718 -186582096963
294739177940 -161554882509
-185438550314 -52384715957
249946428121 296770651179
-313931611317 -179000591424
275108131212 -278761622628
-229417067525 -178394580189
63613639981 138397773576
-108035546014 -424567658642
125023190966 376024895382
364876374472 25212177168
-66313168481 122673512879
152938118581 -119480347495
-1597820356 -376715405871
-333316462512 -13303290851
-205400020438 -376903084104
96649324337 246067089103
-143604764876 16506691629
189750580162 286665556959
-245158253867 381239290030
170952654940 190116826934
-185410969414 -115287806720
-332943733327 402919957825
-397292112502 124488348201
-132923876933 56891537878
41167678011 113412904875
29184875789 61840974228
-367734488027 -44639623289
-237372144694 -83439714379
-269505203836 -21991811672
-327581590524 11371539068
-228509943672 -244951652774
9717916177 -456827384575
364906060295 348393805636
369673690014 -316577572713
-160158757986 262675539132
306361284015 -62322984412
-51192741985 7815757451
-128565790881 93761036162
-134565039685 57501652957
55616718828 -66575690713
17401784622 -136110963774
294726816740 240741366864
4807891879 21038392690
-310824440624 -207908118327
-182411148726 -75817986848
-190886435535 85144868617
271162255418 -488840990582
105023602560 217960477861
105283364045 108162957194
-48993274269 -259655856907
67223505873 198987851044
-67610211669 35247610350
-489305317300 28297496250
21705672775 390610949809
219140491083 -272485047520
118022023664 -162273417260
-174256707324 -164747941237
76656556010 -250339597963
226321148316 322522350428
80564112575 62505955570
7506211071 165508578071
71766851628 27436284754
-96090760957 269227162929
17623080670 -262672255640
-523852269907 138183528090
281519623444 -13144764233
-455524630077 -215425747340
75504065935 -439365023274
169117120521 127867013127
206188733493 -518215017118
-297646644714 44198629107
-271049991546 -24692492668
255754287481 445072594070
-240323834274 44503428611
10044065184 258770353839
196890626709 106818206700
83903891908 -270208774100
100168618604 36279165031
433580763000 40928750786
165142624814 -364028867364
-137622953622 224905174057
-338626222016 -77025838798
145290463381 -264399310674
92205157188 -56449719172
333873959795 12227660884
-226506192829 -308002430147
180966021697 20378249050
117085084827 -23179366827
-160538342064 14339685213
-479452641995 -263291186384
-8163587170 293829823713
-252944844273 128385121951
64720746746 -86540402519
121240836715 -394717254262
152445460731 -44886280658
-17839300102 -161656440550
-165928985881 154492174214
243723956528 -200874011517
492795881246 59717247232
246497490049 -307434692429
6980629584 131162657374
-145345914568 -37615773770
133259753909 -273674999030
201007900976 310945725137
-247322018772 -312344533606
257993840542 170063230635
-5898497399 243204646758
200539287643 -313179654672
-262513377121 111265903997
226562713371 252556681371
180968551684 277500890262
-208945607538 433266876445
-139623727594 -17775528282
-20261312010 107655032438
277920676543 -314555170866
-112490693056 -117125301246
-15554504522 -181826801451
-374300360756 17052818355
275102774793 171948415038
217122980726 -111687286255
-59057232860 -110072750261
-38528628822 308778090298
166112161673 -253263843960
-402749540231 -274580857894
-400136122387 147880745225
152909306941 269147660675
141985756752 317315902071
178771936681 -130963471364
397592804277 -197049178997
96229092920 -169120047689
-161345552792 86739930998
-266019968303 -361829181558
-236113240910 -322008237551
-162332615490 102936648404
157983665693 46290147053
287072146739 133858410392
-121227702407 476483724635
130779608192 6983168644
107681615041 335193759083
-209278889272 -78181413505
217656700172 -367567349417
-184227371 -148887729081
123842629440 -161928117926
-233412651229 -169963132557
549443636861 -65776775921
77347121301 173642962774
-41823251914 -244883628780
-179957948599 86018052796
104200278615 12505640019
-268672842554 -387045246688
34318844489 432569148022
43999139145 -14595683968
40003094995 64201917431
200394980364 -331266293107
-248351191968 250450017263
-81007367441 174849655705
-62408959347 52636952363
-368060885978 136179279298
112175798786 147665631580
357680813240 -284579837130
378553626535 -201256276501
-293640786781 -143141129720
293008105445 310030775523
188432594015 -45184390146
-128080070336 78400852022
-108753782748 -273105073546
68076718183 -137825935956
374442579026 269377271332
78055541735 66575542058
-104696625868 -123793655425
-195329679886 5388992551
-123527016742 -81451261933
-60014655437 367385223291
-83582587035 31846037577
334472725093 -145464767152
-106481369386 -481707022944
-148463321513 262697224722
-120070860323 -212700577616
-210592908424 -40077338928
198455640167 368437237749
-199530475519 -5568606493
-499997774737 266687120851
241673447297 261740684260
-354371392325 -196883748879
299856729277 10461168646
-226048769740 74762688476
245851956555 -223085413130
-17095348951 314480157897
340784799013 -153179349154
-256004797230 44033847239
-338355883085 -62087167936
404367064008 67536794029
-17014452518 -305889743121
134661325714 128523664380
144167078425 379582156940
-165159385023 -155535797060
186669377841 -272621304309
-113682851748 137420873417
-14651979280 442080928525
-151776678796 -510778385085
429270703094 -28378763744
165084858898 -91449940493
-228652600613 306103071859
-151350451716 15044241285
154391914147 -124013285560
-199036308341 -16214873354
213470438648 58428199976
-84187621496 -127016895229
-130945537692 -15839253220
22331706061 -414334899293
-111294345230 -162188133094
203294184931 48942381464
-299585880625 -274194689890
-229906358323 1246342315
15980296793 -170230098552
-325110549884 -42404703466
-361449175344 102989280438
-191546303900 149827432486
49167215230 259226082842
483407414015 -193099410472
157470111592 -251713324488
-361588273226 -85599847075
-18299491747 -216116203227
-189112394649 -340677005766
-84974916011 -404448864533
180190183068 -64385761944
-207294152539 299256017002
-48391183034 -255228326148
-141558682209 -52289427280
-447658943781 -212835456465
-314148995813 -46127993800
-25382587905 272341446551
-29268951595 211872868960
302133548772 -94389079710
-293623032652 335981695664
-351918578002 -372095016211
22857237524 513323978578
-276180138536 40342517986
-140310897547 271501559835
-90462249393 18283845498
-188690071256 41301792630
328004056603 -253672841669
-121338632878 220270378242
45528243746 -64326055264
40641658194 -273989785359
74167967550 82037201047
-89720879426 -33826984311
-313318963407 -172329904628
-105742600454 64722617884
-108733073382 -100550590355
-123976791593 -59190122926
-86194808501 -97955782790
197952651990 -482983547381
-68442140264 19532209674
-23297226109 -54400427608
282375931647 -87506259079
-562184416397 132880399014
-127963928421 150528105932
-423368293803 -500692531252
177624099239 -478586457368
-73337841214 -184018617869
-52531695732 -226092579949
68825801339 -291939719187
123117480636 145220324591
-304751922395 21901662986
333858979694 117817368643
-165297555389 -28214349795
-164737517456 -42677355857
-586022073300 -298699089601
-191534174607 -29906126024
29415709169 22803267080
-83978425475 -282600477942
291522964016 290635295434
216240835033 129392010488
-266750157923 -96832441804
91433232589 -304556853520
-38433977271 -263656141879
61467822696 -87247731617
-100814587621 279771470716
102296821629 167488396547
84273129309 80609517363
245249124934 -350845766525
-9711021810 -103945433099
294169017113 -39541325713
342987120389 -190792202676
310294944108 -511401668476
69556808612 46266977215
46796902579 25979715626
-61068808061 35620943509
291833263654 133587846414
237692522326 -63757418632
440413707835 -138515009272
-429644694154 -212963155757
179221363516 70878865542
121668695581 399036275374
357106055854 -267190193493
10818462970 -514060816131
179008685043 -192160247923
39052417111 -177887514207
103395575497 -31398448446
-248828217942 -85989780945
13585149200 185127128654
-39942939920 198156218989
-397722654986 169961593470
40075556742 108282376199
-61614116222 -51615529828
-143553503672 -278263090655
-96609942042 -375744231696
-412027342015 105313979594
-310750852540 163016654283
38877734107 79789861206
-173485981598 -7801299240
-89592268890 235820484790
145796312604 298356197965
98231334240 448369489715
365688388935 -1077938835
-253419906179 -133256342578
-161222098175 -480856649416
102419115605 66272242287
-60462222067 -69737699020
-355428181387 262644030166
13080643151 351695444035
-66304162052 95338084104
122270102403 -330669199675
397113943933 129886477142
-318237238646 46404048106
-23605058354 -145827367527
140214382234 -24798150622
144806390651 176665889599
64888334883 -356928122461
-52254727002 -48299868647
344742991608 -455582944079
-288614849330 -299683953468
78437072666 571375096468
209809893238 87847682779
-58293743335 198258974681
260901349639 -66606249544
93385630983 -198420279027
-118651787992 -79132133378
192394827886 -186813951565
-126498179211 79667216322
338769866855 -98316020061
-273268915767 26757913846
206314617076 191740523809
-316409643715 -81270755391
-325448954816 -125871997235
228810844866 -14288347581
-286520053384 -84169203952
258282513120 450071929216
95474069473 218185657396
463886536427 -13148031125
-59073018970 84401827833
-118157697708 107463302604
347441996812 118686441927
6723671797 -264665473834
-705592917 -109406822599
256235461959 -297681153190
-64426656665 -223037826552
98391859539 -209730515546
649507821778 73491302148
9357439040 -206542373448
-146335282966 290919315933
-110834247850 283717538052
70480409572 -94148161647
-3832875350 204864474645
-74662105904 383327049336
-5616384617 -198829419586
-158268386588 45143125164
-155723618542 -43394689378
-170643316701 62706822745
-322268573107 -140824558386
204905233756 122822802117
-284288372020 406852856071
271449214133 188295886187
17853905274 -20376335563
-178611322805 -66122901675
-195498435712 107026409809
58956531406 599905471703
6188165788 -63172985564
-137618092528 170357287710
307543851148 -210154622736
-224164560043 -233849720454
-456546977681 -215558867499
387998816656 -66214695629
44748818567 -302412356269
147993100515 -286321604338
-128252800034 -47459594434
-96049832024 154128852074
-18068092823 -333468218059
-45465368310 121048716086
244051504232 149810675510
-131003438568 -478691859
384479052783 -174158654534
71957357653 250537655734
-76536175275 -282887921000
-227699279513 37350883737
-319471755361 114412411706
426768733885 54005850395
-334164174458 240470560214
1548679404 -282371538653
6441708597 -320856610458
315865566208 352525386069
-60501144534 213804813176
-258264246523 -208054048605
73569826467 332053824861
246659699215 -162668742102
-86362388018 -163705798129
265385487574 -209457665899
264057198367 -27057316058
277731326858 187915052407
-36015249766 -285838288660
-121902383156 -253574403621
-86184016380 136900187156
18171016018 -233475149277
463573846252 -248763482178
-139640805799 518746438855
199419518304 90196569853
-245653366049 47439818017
71007505010 -321389418129
51985487666 -296884002563
-209999999285 -169613841266
128300229350 -116057250880
345617145877 60774827261
291555077957 -128416381366
-265675973298 -24525622474
120402041564 -12050909586
247237672683 198938223104
-275212715518 -330387687062
-144260736984 -255999729009
338854731555 -84728785217
-103929820006 -152250046036
218875224562 265626136697
561014297669 -184302020611
66593417124 -138616174371
3718383361 131786050646
174192546471 217205936721
56765485356 -348595394614
-135451650991 -138731739420
67667219463 7754305759
-204682734672 -149474488063
227158458020 -194117814769
-156758483863 434490479174
96748016475 -11039081105
-21095680043 -130742271372
-66929940929 18740325745
-414735621415 14054589413
-125706144395 395261678586
-331390884863 -390118651567
-189626985733 -98190804906
-119229347659 -179168623685
-214469872966 440796417928
-298650172411 151830806045
46354953048 6962373998
64428540741 109185862500
-295875991613 -125947125591
-230663848128 76638923495
-48458182392 28131711496
-61216463484 185669222385
66559238488 -323481322314
-215938639783 -178772037476
10364859696 238937000752
-274039358163 -469847937751
507399943462 -125041208737
-324098941247 247655469582
-345551893033 -363246814159
-19787602609 60352521215
140120794112 -36694384882
-182488034201 208756174529
-48430540454 22427641243
-154641860276 -36660203718
-366205919997 -38106678999
237980353245 16516546252
-14465374672 218630335793
-371202374952 33662556805
-139149067930 -74215660889
39744873282 428155622942
-146528127424 -79915789876
-260012820446 532518066255
-4590254513 64908294441
282135512382 88087854348
-344377693115 -441193720880
327226102453 5105698883
82570976407 -158208265623
2868607132 -98748068129
-286381702157 373299888634
68535171153 242992313291
-234574268376 94562463674
284819169541 141197755770
-86054018368 309391578502
-217060055523 160821189595
-54270213188 -136571924393
189294723187 -14996598058
-323351547846 -228521090594
51376123565 -26348519160
35373469151 12665636961
10955507925 30351376651
-334710549614 116385568309
84351339912 -195176264994
-202554829686 -388129938364
-145699593805 -20469290708
153969203400 166934240186
350051441426 241069850080
343099273414 -100104256314
-52054560178 617077184154
212350979463 -151345260586
-396652863798 86513163234
139567116737 -302804225370
357990216173 62995978849
359347572454 382847815533
-276995620267 -15594800188
202059773753 -43532205350
-4966085423 -326720286547
19990723419 183516618641
-168637242190 66405438852
20204957053 -13610291458
-38531926042 -99183774874
-14344196021 244345662198
-402026191985 114477250370
148609817016 398285341414
373054231034 -107018178732
-33183062680 266682770413
-75089740688 -157054659676
-97889704485 468558856793
-262101575197 62678888720
-160888693591 52106272954
-154008093367 282402187001
514230468960 11870921045
-20440883743 -227309534538
17713548376 267406058119
-627847657608 131310583440
-155302385850 553594952891
68989273788 -373148131
133181566326 14460190408
-88923203123 -390447432239
-98661537305 102513173078
277234881811 2055508502
20047776600 -289699503233
-145433162786 20749932042
-87335499360 -314426350244
35859078191 122151834417
-274040679298 -130827313527
-292097563327 241532684578
-16075022417 -123544140520
-259251428386 -151119226816
282558856482 -9112773404
254330859140 233810173957
164072723260 -4511122363
-185953303248 -274128797897
-80801112756 -44062096721
-246812735738 329667450716
107698739941 -170636936607
-222639568432 41444865880
332273572355 156568254641
-141273196640 -303453437898
384921363699 181744028559
470177105950 -466530815905
74488074819 -296180952184
142386606190 129907636103
-3713534379 32167874785
364439825815 -51149183620
-10010845599 -31885328845
73364086375 -123870081454
29572183470 50379938424
-6807856321 -121413205179
-30270437824 -138224752765
29315610052 -22751863057
449821966629 451971220702
51195491797 -354220425480
83831439121 21039837779
-345690231779 -219873285101
-163201958423 83648693881
-46266712795 -182208548068
-256935866650 -296708009654
30424472498 -278797480556
527218905483 -158764687998
24505930924 -280010414413
66457152204 -89399914958
-168705257302 -35398129465
308513857844 -482507216022
10702404572 5875614734
-249210213888 -109649656353
252599245705 163763625989
-140247117753 194305455257
-196091298120 -323366173832
-171496833373 181779693828
-306383751557 -161705465188
-25973893698 -375387328521
251057229545 -135192950627
-238962046507 8509667329
-109976581921 205449315539
78671382202 264669719226
713303872039 -125854676735
-106166419201 -253055618326
-127073316467 48077945354
-264451743331 379020630320
38582865520 105878941917
-39328264401 607267470
-8019161182 -233672648640
210723966060 -202549614966
-233864432172 -515181880331
36758271406 53375341406
-245103591350 -57847042693
-21707834212 -101997635189
12252140144 -51724474428
-58455656774 -176415244628
-334770099466 -312033513369
-159029788636 -2961723180
-115902408525 376564628085
32593962968 233181894417
-78176211305 274568534782
104287360641 277270533380
154930734138 -247806903811
-107664328194 -260147570364
-257358414513 -157885456895
148265149839 -135152085858
104947793043 109917408062
317892510025 438599322775
-551499174421 169350186467
263265303452 -190684460686
106957563479 168701555121
39278125944 109675344095
-186556661994 190471121497
-213190106312 -156731742360
-98667921691 216356017866
76880482717 95307901497
300480131019 96338626031
-103180785616 426141839233
403476037813 -59031314549
210951686929 308670525930
154930017309 -117530568302
237195340910 45793329460
-438686379590 369238100876
7426005751 -107715391910
-298118846521 242112792057
-323122248565 -102438725934
-130241648496 80043589407
-152043633329 -370322461263
86649300474 -173111685057
181244872378 -425366027890
190978119453 62256502050
280455217788 207158092410
95350388613 -187523676950
43152540777 122963607134
-354128571567 -233819254953
-270182543321 -11792420551
21273474415 -186419898124
-65899451471 -347661187097
282365380162 99015356234
12772363070 158087498407
-86401013884 -284702401432
-262585594055 429151508592
-119964028934 -148618614910
-331586630751 251492156223
560485502730 241854821970
21105192753 -392089424468
-312868219633 -269545910324
194688103418 -8763623930
-247268701667 303466864233
-62423447023 104627115175
-78284093821 154697868901
48538183774 104435898027
85201437112 -12305915395
-82540261902 -202845469681
-389352600941 -128467254092
23181373394 -169414156276
89340887428 -108537994988
11885152261 311291431394
317567567850 -80147229633
-527102910470 66803347081
-3804377217 125900472313
-175730204999 57790569605
210552418348 235828558079
-99415290276 99544205430
-73587892664 -170267067283
211826356764 320858545809
-153114653343 -560254838241
28077036454 59802927705
-143909963607 152703781143
383291250637 -366250708652
18574724647 -364646146961
82134073211 94575040544
423281791186 158476991660
-82956558523 121578072952
-62704825094 74510659836
59713029606 141943530570
391807709574 -197775435846
-188376030781 -155962227270
-72624506164 181700072212
-189710844509 -41126150063
554486881729 148007111584
267190503213 -25385105116
-197776607285 -60655485626
-62512699998 285958452181
-162208002590 -141063970685
11508324582 -129067284410
46983320582 193367397969
-76531284956 200229863462
-211588818020 200616735885
-111507977597 220253811135
334670474335 -1339160148
-43411550405 336874714220
-169985168161 362831086209
-18065697295 19000973032
72083826582 -450495407106
238012655040 182074367686
-321605378203 285878404331
146143712172 139167341234
-347395132346 -323763240032
