# Packing of N=23 2-dimensional subspaces of R^20; each block is an m x n basis (integers / 10^12)
# m n N 20 2 23
-4066474941 436076044737
78024454724 9790430054
292881778725 2180173772
-26670129132 361107672555
-60663803689 -315065442030
129964348715 110341855313
-71274048702 -427822476919
-463920888834 61779086036
-120686379228 -209514700318
105128392061 266973216585
-360961016343 346702773414
-59781407110 4712380429
348444325572 67644156338
120851445604 -61175660263
155661245124 18645835427
72562263670 43140120140
-564492133680 44791721291
-33893866731 46677900396
-142615378234 -313398100042
37333879348 180890821906
21073113351 53986543898
1103520953 63090972581
-94724745175 -328356184356
34426506270 59407938092
-235880263841 260930191098
217395807010 7060088644
4484037429 -49323389142
146830025163 283373776504
-437510169141 -186215707458
143498788625 462693116443
163718719215 -367310492817
294184999070 -66437207338
-269794883771 -24465789700
84643689457 -21310569208
389178625476 -451621776099
191534764779 80751802599
250717489908 -74320967801
149043645922 294535931782
156031475151 193332059010
-402545613769 -40122034800
236215368095 339427832667
-432587990860 343208132055
-119817923662 -268954667597
115236486123 -613934881497
359614156287 -71065500835
-233132852336 -117058329973
96620165146 -81751106732
-23511055457 -78137311158
270635840983 -67907364510
157652396139 1709771394
180039758149 -198188352217
-39077407052 -161371555592
486982350348 166970195804
-38493412101 142848861348
-20390526361 68705148469
-66571213121 -131862030762
121662623912 -166878324982
89475166211 123874411286
368174570658 199529630887
-44632861127 -250740386709
276395848026 299463524311
362263031575 162339717653
-126186795728 -65274668851
-51700316414 208119274285
-145002906450 -129792066267
-143525785577 428223847434
-11753137413 291203380397
27575002349 -250290078854
239194340207 -36909502570
483599240515 -76901359974
-207002287291 -172006176613
367110065765 -50751828861
313026712443 325958729674
151283267970 -266205108692
-87858522733 -262784510176
-139941367953 305324399858
73271920364 72360416417
-96581934091 116882275575
128408059937 -176992075105
288423914329 -244278912398
-27154415210 4261186749
-87412664249 -228603742163
-143000803101 -320795195486
211059385197 -36537984670
-189314291051 22872155429
-131166825105 -273276566327
-114614759746 20176847335
79556700146 1259650412
222666810026 211939284311
-437232827413 357323667956
-11516026388 502843890247
62011137902 119760360201
117980215713 49503566894
475473435137 -39052529314
187573761382 55863085591
130032605372 219427204740
-158061556869 -281881983480
-310523333274 -296047654065
417567991894 -290172549715
-146720586488 146718214143
-436321484260 -349092187344
75247300341 -137591332765
169332723972 338295425089
-68215893613 -197309319164
112900151680 -165345420636
-33437749661 245255209607
-161188493686 -285626093490
-230817687288 401408801696
129742856532 7321561922
218713278459 -208776395091
-393286656713 -95362834983
360655034036 14336995937
-312621433159 439619470702
70264145843 -256018279788
-307901230602 -166217794584
115570912036 -28628546506
209260847293 63808024736
74850891057 -98683652532
180736690236 -133881923092
187639776185 -60780738574
160000048233 31438951790
-183182026241 -327745889352
73765442922 -129007381605
587430405003 32608657493
-121412963568 -88382627030
-118872108118 -114282746310
40045307135 408717777682
90658989909 4045472081
-154251448589 -133610084717
-114475349888 -38169945386
-152327045518 -257192642032
-410222857199 -185774271193
-217480405415 -157247962476
160126049349 -372977192381
-51605043228 -42925352617
-86780395157 -55602147274
145452667610 -485593547938
-414205511929 232511801598
-120010463190 142791008937
-181638419309 294882081542
-26640447228 126814045564
-74183842145 363942225540
-30565727084 -170478913889
-72554409175 -148716614628
480934213768 -146134831983
-144873795339 -482878636631
-363383045940 57088162579
23939112060 -172607660159
-168510228487 333832969503
225339093540 -73204334282
61884079988 -40371139101
394537643136 -106286474824
-175489216184 -178592387017
-350145716756 -152434546061
-41353456094 -135320341963
64089869787 -226304518182
285715636 319243862441
-423289337451 -175949940439
90901754354 -267049379335
-131780148710 -232653617882
-3630483920 -326708670388
-132417972603 -54911439378
-562010079332 222271291286
-93909391722 13473352420
167109333496 -302443708782
373206569384 108029926553
181859903629 510935515357
-278226732542 38556859331
161033985386 33291636786
-4654241690 343294092339
-121016909641 31730388239
195097066530 -209451044596
136331625146 -308926697031
209835684212 199221116927
339612646061 256362966786
186869327330 37777524358
51594655730 -10192242310
-218443813292 -183504700357
-101310567164 238663104486
-167053465812 134640995272
5180000434 284508287165
208601716980 -148124960593
296906665602 496465558755
100054296526 -507747289984
161842473745 21415754837
-359930872136 -36323964112
364627810608 -271137359341
-57456103866 84156925611
137973863623 84492661566
-178762826438 -191365146661
189197065861 158667892405
149844924382 -148528156947
69649821195 -139092823429
270408350430 160632579253
91834711261 49707833589
-163791947082 225786422852
-6933020507 206576682944
504035577413 -148564395448
227244985458 230125418795
-195143097071 56160264120
-105181567021 116599071711
-15383670041 -84514468338
-67647082912 -34937363950
-225413838683 185502344162
123851713558 -39162560311
-202210923328 143066407883
251253464400 -152283605490
-23505831416 431974558422
932647278 349266930751
-358182048918 -59731686204
-215579474806 -439009276305
243423342572 -85756418508
-47803723868 100804633634
-292977298801 -422203150545
177141175055 225799128635
137378949156 263324343941
-224715627379 -41607326317
-57077834320 -35975342755
-602730494525 268456563418
-154811924468 48592998772
-159352071367 147770668828
-331015570970 218964672340
-53954245227 294985685880
100922284803 540716470217
-180747630234 295194362237
-122470691678 -52629743402
-506562012544 -160427927689
-499867359434 -31566274775
118586372682 379395260468
-59068273045 8597574515
-11795035887 48582181722
-155739337835 179560299814
-197849490435 -64038815131
65953909427 -132789251375
-102295413553 -156926390496
122025231913 3595001552
-259571461365 -302382272418
46298974025 -113938038632
300618444259 -201732115988
164654568372 -253144128612
138856339010 433861689876
82975570448 -280874469363
-259087682747 124496188893
-209097407222 -150098938474
70842175922 -40061865328
151585712031 -215534612652
-303478904288 384194666008
57057031984 36410441123
50565520413 27393438442
34599781601 194716868271
146978359916 -171639459937
-337534742270 97124259817
-124294109114 -188219862119
442328165633 46791619625
-220745879923 -112149194273
-3828057305 142256954634
-48861536874 248545335924
354271310848 -164414685169
-363890170570 -61261610464
283177280805 507251704979
223394105814 -254300766890
-256926838664 -209937486276
-27489093830 16893988716
227765888491 40459361295
347699719326 -341886434072
-120667322471 -357708772974
235699450839 81088368368
-2329508742 -66913916704
-466549777128 228580154418
-231916569180 -14729564867
-192305111941 200505288993
159054847617 266038008997
-26505828321 -223401999203
252739850488 -138300328714
-186057937715 -393522914847
249400873597 168988827030
353283469656 -5833092489
112666842029 321203081028
-23876315089 -135837112270
-85030751976 -309654261049
-370177905833 322427904010
219782649168 -252911832107
-405983244625 41845051500
33174174913 83553020167
-349021533288 -570501427560
-356402925655 -99237635857
-247475503576 1905049141
178064758331 425089971994
-301620129701 69493207123
99606800917 -178378019750
19541429204 -145610821616
-63070308479 276545120414
-70576018234 158021448320
-133684436991 -14390605193
238828204896 -170526100915
329362412059 -131624367356
-49763173776 -219634078377
53815113358 157596261094
-36929750613 29480899133
81163521209 165722873399
-49572536194 -463458973643
-45355443522 -110335365992
-8580011528 -256736505600
1048723097 141914846376
-264497067014 -49114597917
-145145294859 82257954335
217947445713 -44082275599
7426461797 -166261667390
119240407438 -79109845749
296830738904 91069745212
-220895339770 -46012732471
-326714758403 -321995125516
-67218976897 320153286565
354407721944 -185552282202
-222111825210 -309788879060
450369404998 -50018407315
-178584716173 490412345382
-107204694409 102024715967
-261514208454 177533424990
-323882804418 -100166522575
-24508369277 108944000518
219435344614 53535942045
8662345977 -154769061799
85574199939 64549351148
181501241337 131033148444
-108551403275 424752495158
-71596553263 133400813923
396693888668 -308838981315
331945608069 133764262832
56130071864 -219730259852
-195914457888 58842237005
-404095903589 -15543589496
-386691113789 -482293962647
-162673425701 -248847259370
206210609629 -172019366855
-327077016571 -84211650562
37507862512 -47605968338
284320924772 -193007210798
-69669040466 81803287946
-94989334784 446184388462
-53495292518 -144803072344
422892990583 -273324219758
153865932437 -47003311690
255730355678 138342871144
95677906766 285347586059
-239725234070 51794868510
-126759068515 -75279252232
-87315052451 343368283125
-424741588216 -110928899078
-209360879159 164139315424
-161318555834 -237273872
279147495657 1611683839
-21431882333 22314186512
209839379607 527028829848
-158730241509 -257006527053
191154213187 -363961018580
-355348036101 -217566943758
82235053716 -158655910551
167443708569 -254141398088
208396419003 -148934153046
258204177465 -57152798666
470853460189 -163991680207
96461523497 205103331115
27105449184 -2083134565
149598030512 168086025665
300503557547 73483329108
54984005133 143997044936
258658951769 -117853251356
-16490906655 -211194010528
55026774526 463575940786
198015179499 220344088419
-212004494808 -178750218847
-320105667920 25797757441
-57356970780 -197022694157
-116316117747 234929101012
448195244807 -373721816447
-153312816321 -438390183963
-97337144884 113505460119
217292148121 130560817169
-176526287964 -251045584138
137151415972 -241496724248
-59590571715 293492709151
-121668063939 129804837783
168996946620 -56849712870
-335485851482 -153684609780
331167234697 40195753499
-167369809531 188430250183
-350895859848 109373680020
7700329791 -78159616466
-114590069285 112193277329
-59395971865 -207832869195
201528702603 -21217442323
-256431368432 151845367979
97683158815 113520475469
-38367335404 -267100615537
-613259863157 -351719961161
96059884732 23242235639
160903168599 -684024667745
-88297280395 26992297980
-88362536522 16245087287
-242946092873 -60122463189
148455704548 321314937216
211662990940 151144308808
-156679884348 352620724240
20508814408 -51488083257
225275558171 -254389041285
274108411661 125281368018
100262597790 -60076461815
5308747441 -280457602532
-123986017585 141978801905
561204809749 85621685437
-80131305946 7863516387
237991753569 247570300859
20717080014 -130549641609
-435456509424 413541609703
199307125217 -108407008478
-52265611312 303385050418
112117698996 19053875358
-108632115135 -149677768052
250878517326 420912437961
-280731356971 87780613128
209185883744 -52160436888
-191195589515 463872691022
379126717772 82692791575
249724692873 -189543364784
62322357156 147380222514
328017903 -104313971667
31556640088 -285079181983
469356854878 358213513453
-134651014464 502610773241
7359903912 -117723447287
-156309622799 91962128539
171306497064 26290269906
255008332134 23222750917
259643365289 106313764375
217477361174 269846970804
60291738441 199615853349
154364358826 176051746734
-68475729277 -44895723896
354603557761 -237279486967
-9308459163 -201076997205
-255077533208 -103131410812
327727498289 -3892466695
-147154587513 -50992040522
270804438736 21177626326
-150195050899 396383669939
-243492818081 92329431549
-109957649738 413834042013
-149088597655 204497477099
17199665539 111311577652
-385764327616 -158211330095
-295852781597 525875521396
23845053012 -180919339954
89123557261 237697154456
270931174688 208431890291
106115083906 -65334942908
190420651706 -30854435317
143402175387 237783526254
-457044560044 -225585000630
144083709063 88620251385
