# Packing of N=85 2-dimensional subspaces of R^20; each block is an m x n basis (integers / 10^12)
# m n N 20 2 85
-240057285908 -197907914712
157759224945 -248753711238
433466385693 161078579593
-158568876236 340378819108
427391189378 422687603359
-288876972204 375554082766
1652731035 -62670883946
-28490877172 118357325331
110970463735 91080521586
-162148791686 19631191467
-115091579839 -145192998070
101145016042 38121904524
-124223715335 -156393560431
-129435559589 189716170219
120241927519 85551022335
106197385029 407981696986
204265292054 -285415856677
153992335208 -131201397160
-456633652400 226669762503
208718307462 63391481347
162928804789 -142517627044
-295844172000 23508494603
-107509191029 406720861012
-143357788857 523647752567
118839634287 -106902042482
-389803890729 30513725872
255060389959 358988492355
383206725838 -4307070621
13784810092 -205647291414
214715795795 158196698903
-357580883116 -104728816453
-224256637310 -97158736006
-38342055748 106958120262
-302811733192 -10445315434
86343566931 -36858475895
-162035458642 -218172669785
223432193080 -115248949582
68499904937 37938634846
-143500648799 -374335545063
222074806609 -308506258588
-64495585943 -7299374027
360843720217 295842827680
-301852402883 98629405046
246224014418 8307509240
335486564313 -91679409506
-256495083338 -125286743766
-239683329439 -147292981036
91975424565 -593885772573
279068972821 -75690302037
155948371518 129575802139
26260024055 -437126466947
145119446086 -24205263861
-199212442382 -271449278668
-149111797223 -44680153179
-315401751392 128857724448
223547264651 -284921610591
278932319920 196631955535
-38658267528 97926794833
198717969271 -122626089788
124642370476 -230626521168
220392511128 288875869399
-22013361736 -101066110993
-263795734405 123090607466
34378415444 -46872269116
-148642385849 227036119782
-40343552085 278780044609
-350390015989 8395123476
-29465835873 262499645642
-7679066437 -447302896882
299821670166 -241618959032
-144729020142 -127316911538
11547040033 101023192874
331480133932 -66410239239
-413148049824 -146637827235
-251140874356 166827779084
-85046298747 59570418627
60390325734 -66470776232
292770261177 378636048744
-261565960869 -314376741821
336339012988 -319317169012
71545841020 50826531851
49691864683 -56338895897
-562054278230 -392553201160
-233778542961 -70622617133
127276719140 -61008039167
-50484197266 51975270421
94568896397 238075294141
130455496928 -378745607703
162486445780 254021426463
278305061242 -42004742191
13988612049 -124569777182
-254193620435 -283848746520
133400917732 -397304512124
108660651833 -107045081904
-422073269580 450826457252
22893720638 86937511754
-412854075477 87121358506
-86216309994 -195680399706
25522988795 24727757502
-147217050220 199052621077
-245063517690 -73512264904
544606258154 -35168875619
177720493378 -213186254432
394039316931 82342286140
96415556124 381441539524
195952573119 383217103898
-230004277130 -75954394653
1757515921 -6524760754
122277538018 25631044567
-79083211029 296897779018
98566696043 -186747365941
-171314134397 -65329059890
29679715985 -340047352424
-255840524400 50701770657
-49868607157 506270452193
-264705941485 -30418658792
-232337050688 123219377210
9232095160 -163256940
318064094397 -39923719113
38809245707 -350432929756
-77606192185 -24200576629
104295061227 -191328433226
75084857271 -155688453043
27902229514 69552327304
101762826650 -137726551654
190142536533 -180306238229
-107538649502 -251877707460
-341232716027 -76694737104
206883322917 245011374856
463232846367 -50403681988
-299804907592 -21363004668
-187639266931 -322881690497
-134528498717 116077270902
-3843696274 -106421680434
59657413482 330261444660
113962649866 -442121023849
-545846442016 89106150738
145074627555 486043221570
-252166666624 143609540251
-49500613783 226942989478
-253971470065 -110477093112
-352209708714 71228681277
-10116257528 6961880879
-183328604978 -403418400118
114963309041 -9856147975
-187142607910 140904195171
-126783980247 -350098931246
-65861109752 118152637139
-195961446767 433217594081
153079862080 -158129710047
302838554735 252904417758
-32233325330 123989692816
351930402796 163838043949
373490236565 -311126681793
3105944112 -407577414148
-389302949285 34538522156
308693344085 163969426970
48573254536 70135813362
37194317693 -188055544208
-201367942175 115345242873
-121185625163 246273424996
381763176187 121500917478
222906182442 1078515477
49274869724 -154179728759
-104338271898 -94351772720
-30527505690 -217917115568
9443639836 211443085302
12756832943 165939686026
-240179866844 -147282180573
-225127835290 136730169991
-87244284061 43202387897
-190304018738 527384791852
28339407117 -295373269693
81264782434 -151702263634
-87209569733 361365809279
-448138345090 32125387604
40687971424 -311905329903
623008222468 274984415548
-20892152071 118931456355
-130833917765 151226510026
-62651127948 -33921131888
-216820439090 406975789803
284858484557 -102534243548
-299218233560 66486927862
-108250785601 -103789140360
-246904249716 361468614833
-122401234119 87990024471
-347633895343 -250443736712
162105996913 -382261228786
-329771172169 4001744385
30412161681 -72793968194
172027061845 -344524695191
-85485787024 161831351117
-177206898948 50663725459
145893054159 217386062362
110286032020 138475395957
75916306759 35347594858
-391534413856 -448157789364
-83073376411 105155738501
-407687799607 -167073088138
-157738992525 -111749086233
166053163900 -341347375998
62920315910 308248210108
-35371408982 103858588073
-90240780494 163660472197
-241727730402 218299763544
-174691712814 84578811379
-282206621240 -163419759762
-282954434218 119036637983
361894901236 -374828051453
-11199688591 -97724199805
-193359974360 -134748993147
422859128456 270483987748
378062080359 -127487475178
-175865479995 -324186613217
314906960421 109035929799
-170067478424 -446399561782
-136554111106 23867355788
127114913738 -248540657619
38633286121 80642416652
-163897366265 -91827733666
-23311766661 -181856314290
-77180143248 251938247770
-47846855725 -260653039163
-369266187029 -124875855463
46323068976 -78932087180
-358575052240 258374242469
1187825315 -220079196970
-236054455 253227590919
-108596842856 82666881576
395069502855 93644762102
-274669372225 -139284742475
-10805861884 545714838836
-113707700002 -9126525737
331873933814 99637323577
212446362062 122851856040
196705073369 111495167603
-378358967314 393629703598
-13789854877 -291108428207
321857520471 126140046847
148806324076 294104823224
-9510986101 -217900199190
-317706224563 49499540227
66217196906 -54313349208
-320929420354 319682113261
-124533278427 242145604050
280073858719 345707570906
-20704888174 -79176862785
-137615273339 11080481657
163062053313 -163096005591
-201188760459 502147941914
-357087620839 -286439187784
-31065458102 179154367524
48884685498 106803954900
-86878095553 155970157741
29534118610 -119486352899
510632437231 281805000639
-376401340882 206696035318
-212313183061 47935440607
47739908752 -80886647944
437718209390 -108714078140
181753812943 268989411077
-257139899735 -438558570649
-60611126385 253496485401
71320028917 26241119584
-103677102899 -146551075775
147060144332 98407954739
535118398713 -143428877102
-116949729199 244286464244
22848635164 -351276062989
-221512818820 -185509299067
-342533414508 80451264004
-115502868543 338921441103
241094331847 -10643899650
122916500037 -145529474408
184665258026 -349321002983
42228927031 154287405973
-160434940956 -137563219296
216668947575 251357907035
-77577332065 -136964058093
155361913506 -96979186220
-12619568985 -115040749383
139987680527 -181790880067
-352638857143 -6844052355
-406562102917 466619168237
-72344336323 106511121267
-241283620920 126949505326
-79091315088 -182401013847
314258060230 36646814609
-301825866164 -315504594822
-40021214493 200502460927
-315814942833 -98422461313
-11620566872 -46219914909
-44632839644 49152094481
-129777705769 -434295729198
46085763592 -166400748519
-468147676882 -98296937800
117541507376 -304996464316
101750376263 426487156463
-202806832169 -97961951945
-159834942577 -7725953567
321359425254 210415614642
-159899611084 136185962642
-200858664459 21521567004
394328498721 37784934279
-403081633245 -57109954343
63853871582 79133886379
77968355400 -152037782913
-112258374233 -63638818548
21508300822 217389634514
-182329952646 625576759532
-164129104863 -62709256632
202116224448 -6997590484
43424290744 202568305648
-200506407803 -352320050570
-426841737512 155754140868
-128682409727 475105629128
106551566803 38493849418
73753602351 -9922037271
324669416678 198052402995
355169615278 368206516693
-259808317195 249537734893
-34011580367 15309833265
93837648205 -249911495155
102617526866 36916880043
-12912149296 -15488129380
308853219051 -3970042837
-458285731377 362470760747
17134454829 119415914686
-116285679471 -90172858872
261317121338 -255896041764
71601696906 167801574901
307535919686 538086171333
367016564770 254457273256
30860479505 -36970672433
37620688816 -176787879194
-303263352530 130806410628
-253837940205 201179088888
70382324437 27247439913
6788199944 212598074838
195690494632 -196925797067
233533542250 135910828605
-270263431031 -32988614673
-265277215645 -6633919678
154136659119 -169911786445
-373975076795 -116167469254
-198011396196 6289811679
-145498659055 165229415578
121949427174 -24450119260
-352181588190 386439361815
51805262820 -251484160567
-3180025679 -489979189229
-276260186405 -410796921364
286601348707 130649154268
-4999786970 121125564195
-96937984484 -333540531563
-184255161231 -148361350381
341883459872 -99399272907
-161394817448 259114973860
-231078284104 -88758370447
-65348766792 -111783972104
134765585437 24149238600
19602722213 203548902985
-42114872350 491740097199
25258828556 -140189871859
110880538677 147531292875
509297520010 -87397771646
47151700143 281940091676
-97354646080 105374108599
-14664700476 -275922242639
-59977113543 103696604394
40644585796 272170516997
9307223639 168611080465
388524305350 392028029001
-128125785224 -146624163418
-377371502149 -4319617181
278399104137 -192778213574
180109842762 -181302287200
515770286222 -126823631838
10002394383 336623942491
4663821026 81443431314
-20885950370 341637394182
430539419059 342279925220
-181256629706 -270214717984
-363045309764 85260654188
-244586331799 20001920824
143467634284 167766792946
356167859899 69294658871
52550000210 165240060333
20306266828 -45173759011
163061053391 106061052026
-337286368563 450275425145
-39364928826 -70492118158
62280466920 -160438929157
366485064222 -76831717041
-57201360624 -234053304662
225507003333 196221067637
-248953925540 12150037726
-33779040132 321268195629
-204332820881 411416003973
-71403725546 241680578294
-382683176939 302172900547
-167056511742 -105424813743
92327782435 -41836409093
-183014948507 169237647184
-128408116638 -352354464589
261255661381 70532386494
59816689738 -300445676072
-182688782333 195255118503
281325067412 353156362076
182596143096 192820000486
24577864048 -433604080227
-441327329938 159118108885
171330814362 36714778614
127818980376 188552667434
-187144626499 68235232697
-262627160032 92961479401
323682305159 -35516372499
-301630016291 -352046787586
-59446837531 25079209005
-68088488983 186289692914
-4616435060 -104783190359
71266408292 -86417662227
81447414373 -212753748239
-29322630353 35599881408
266863685187 585615951188
-79489927824 -215936667678
-58768775266 -261826538676
343972900589 -142265993528
343738480513 -184813300258
373082819633 -102975204495
57057210747 -242004696951
-211768933590 201328427278
-486853694795 10043852526
135221674548 131652163977
-138346182871 -191716774163
299341207634 165659582892
-76950688665 98121715463
1125192142 424521934709
328689498206 -81314722664
133959192086 -325213018025
-126491043996 315852658509
-88957712596 -15114881048
327750696614 159561551978
-278729172851 178159972048
-249423792142 -394687022116
-161112209986 283476346537
-86672365726 73286963683
-141762506674 -92682596189
199518827519 289524923199
-29394889433 -45843437509
241136996336 3999753908
266265857607 100799573616
169051298964 -347834573303
-18813277305 -33640297969
-279570174843 -88994478886
-471250293511 27920280323
375612741547 -194989276122
125550549389 309892448479
-38988082536 -354921708203
-257317602784 -175405635457
-162956158087 -294846294227
-144498875179 -10192487442
-89155413207 -154910430058
-63700160233 370434812402
168363174967 -301205513798
-18371840127 -357760379514
-144892529320 -408319728325
-214433202352 194049277355
-348736661518 -187881762467
-566285824221 221579953717
-35171396216 -212001743106
-172876714029 33834159728
68547545091 -38461205949
38487654018 -104737661414
118467958357 71290981486
465061835346 -63430494334
254628358571 143480488348
-54358871381 -41462823646
-31296835634 351469005974
-149703801985 -5093154650
244962119498 289949977985
-222365987 -280642264822
82903604351 422125333999
-330040692885 -111010529565
11872087621 243094872356
-153856101587 -102639775358
56968801268 83359040564
-80189108227 560622518584
197532813855 44700190738
-10471094751 -119450451808
-130676878005 -53506415678
-178651069649 159122580750
78304115572 -19180091631
-146820055097 216387371036
333632776969 196134705794
-114772318015 199910275236
36577622955 -214933581343
251020827805 -170861820346
-680919942329 101437214806
156477736211 -257468038202
234387592014 -188486592082
-246535121564 287042174420
153975409520 311997881622
216006978258 113568011409
179324861567 -304792440029
80853527844 418978342402
-64023021686 234028510887
206871804929 -109081645610
-304278494947 -196756147331
57006493860 192628704398
197940340821 207342000091
188588204438 -44238680264
-204180783276 -213798185080
99006947477 94722908428
-40939623221 190284084357
-468141865133 -206028518533
-304289241337 88319305346
-108565490170 310404794009
-395671720619 110381714825
26098840652 -58389193640
-31454815107 -119451617366
-108252911002 -180015186001
-467956537233 -46821516534
264231654301 -505927263655
-194095979052 -10412349364
219822583423 -127107198322
286499816801 191516591166
350605582084 234715998787
-267271628732 436671931950
10078391801 247762084047
258988287059 201030667802
291942360803 121831188332
-31554731192 357759302078
48555421267 -44223617603
137240094208 149907321795
100069614000 -110187447946
20588706526 -206730882048
168083881623 -219661228741
-349411317014 -144404989926
175438094087 211969927276
-56036058163 356661411142
-324636433931 -200666924281
423741845464 -41797448724
-263990589657 -23656173713
-5148698709 130688096192
-266134925042 -171285198668
51037534276 318634679201
-107946536322 -368899218397
85596826314 -363234974125
-20801252171 48307638830
379610307942 180106844518
166616438276 235152141859
30007494077 60880238160
345956746356 -105221779561
-172612848998 325317341342
166216327619 -297562027757
-314506173574 174407482326
-111115059166 103503251563
-239662347941 170185517003
-233313311772 -114397000140
415034153401 -148816354908
-119160044447 -82749115260
-106685842355 -108106121985
321915036366 -135505554455
228884336631 1992752678
-122366156032 -72530812701
-273568332021 -75378493031
237177329707 -407058944901
-129628952338 -197241717529
-186803738421 -236296902812
-182259155906 -261943021096
-161361146912 -331964605220
520425002763 -27320066173
49636091593 -149260187895
-57561500097 327559955237
138797920097 -461483694610
-64171837087 -297440008904
45302804059 -7950406352
180658341097 214127702887
141399508575 137110033430
-197731966994 -405791180287
-157299956055 -270819225429
-479708907355 89818613114
46688827887 -239967103058
-43157502160 -140606957581
-203171711707 -448371044401
-234126260956 58064284066
-188572992967 182942058093
113431720267 -208221545509
15866458827 -286027788159
284724716325 70346339751
451680403409 -42905150915
-42660189230 -8785156105
-7898975104 -294366636324
75332251648 38442500019
-436685393005 212475498856
3640524596 -73555723949
-180694005884 308924064002
-145710334160 -231816510324
-318743822432 401604678789
154411155278 60907356283
214496500333 -264826859206
-156195078944 62120812479
114072464218 608268521757
-99437531232 14474243254
326380862601 -90718243969
142212604700 294155435461
3161270352 143719998025
351736975100 88133385743
-88000618268 114536220642
-22405552560 62143504480
210816575709 34309788412
493959820716 234204566965
-118110535437 171948913760
79582572356 138705850698
305471650892 -216070358143
-139604366488 56203511465
-256125278007 -277491112659
-188158928272 137731150218
344403333729 146860649692
171609449421 -229968199363
-248967411960 338533707419
-123321692225 -151908018225
-94565781001 -326474970575
-109557368894 163479147790
245182253850 104793429958
-428644299841 275452675303
-406551790198 4788612579
116523554882 178031444941
-140621927810 -501888982989
-259062532262 -170132298304
70826308481 -2929134205
-1898715391 7265948258
-96150497450 -404588680042
-24452644962 201278351032
-262637301475 74528001115
355962873428 35345688738
65467166470 -194234896645
171350639515 -79657528053
-323356597578 156048125441
246739859986 62370432846
70028475956 44618137536
-245610529395 595684748308
-55802266750 106086661362
112431002156 -63716723637
75535624902 120994750641
65770356543 -130985125548
-634320363928 -153483177358
-46271571146 -19470878095
-306247841723 -300835671104
-9849285925 205775274827
101144482029 249090490791
-17463166838 -89478529725
-260130772543 -246217683309
-112933388950 -31977996910
-139296078806 -133959503155
-35890218904 -323044588722
-362483919282 305103601158
-45979048959 252874738093
-135745746684 38101371989
-36308507206 -78093487399
-187043701953 257586384008
-32746080048 -76184784358
189481335775 -153854847723
-642433542871 -20884798621
365999996644 -57358460441
-50562992706 -149958838124
129339746615 112203782438
-8753891451 69870912042
-19633489637 26429616245
100189901582 315145351450
15335578571 420708800451
225083243732 -92708807913
307287739308 525450767835
30333939365 -176505036435
419204643780 -246150936297
83459320128 -287130378372
42453196184 201227252932
32981502038 276682201443
-318731733254 49431656287
-183632516486 274180513173
-87078560235 287705722428
-475490881581 -19036756627
-244096558041 321373234588
-470239609815 56590098606
-120196155184 87844415573
255805738394 602175218657
-6491568582 106031496766
88043006639 -255065832266
161416464879 -48695747222
67491618406 -155029399799
-187840840283 -134051447005
-95089876266 26688115273
121618981346 -255626891107
-131001193653 -67799807668
-330119733249 -263945394263
-75781605532 -285412532412
197903942736 -132312967238
43035964468 49648012315
-14635113980 -135587057913
319763627918 -209624921402
-840821180 515586671215
130881780971 -292059233261
43638378880 87679290198
20487544244 92205252870
-172550726627 -164284855270
251863535968 191033276449
-9676526361 -84841812008
138306811290 -167588155367
-13592679101 252461891426
-8998172716 -263210830514
64658710297 173982356831
-50448822638 -547054217427
224525142410 66615562301
-583173093844 -27877940421
-278033301441 58327519737
61599245813 -2725979859
-533966909538 15250735710
44036752077 -13291408950
190994554899 -82824380436
-93824256817 -170866717560
97830142467 59367830434
218349117848 7532387038
-48642067484 293574399250
-31581230108 301409802005
200423389122 276847926775
-410108191598 331519491324
-258166070768 -40662473298
194320216356 394338107193
237636716328 -3722467472
297572248626 -19418684368
-204503433940 2174025708
-99449193149 -379447373276
51996910152 155878611829
-481823351652 -127091964763
115929696413 -432251486068
-116502799636 208191375805
301633627433 36663016432
178196936448 -152538608980
-223608784821 -256731075476
-52520711833 -2585862430
512489481834 -108833340949
-35237422611 149122589329
130470059224 -70906023528
-262373440324 -54840886269
90563069521 169307464319
12066322184 -135995035048
52444938336 -182604826679
463338599739 -140271255386
-182021480628 219371255958
334180378447 -284116440741
-219495834210 69267051708
278647358814 126772940085
120990248949 -75509539175
-214103658847 -416033368665
-196921761990 -536116822501
25169014376 -268300000951
34240954022 -103081222609
-4080593732 305372379745
150011385267 -14695790146
202380748750 -228459972731
-241388644927 23644259937
-438622730647 -132800961212
-204094555531 -275186954630
215354136675 120264242173
217361058048 154379682187
178844919730 208824701390
-60644956478 -53614739029
172324331234 42078238090
-141716180308 19341463447
-74044175982 80896298374
257622337847 118254551631
-26534466236 -134147138538
100213005868 505776103924
318855562804 40477134791
21732382050 157170988042
-100973438865 72671229689
-221951808997 616631856735
470065963628 -246075563901
-155074765699 193187598532
-172506000052 133045000632
145321608632 -142147683399
456272897579 144174318135
32634077666 340255754378
148785327607 12477810467
118497210560 -192489919479
31013148222 363579719735
-172385544350 -19995817195
-315490043146 88343768042
25312620884 -55479077315
-335811762059 65929232516
193780491146 319307716164
356312506080 -401938248695
302034399283 400942617025
289805719547 -190630467091
260908293327 128481514632
-38034445085 -158617579699
74741481281 314240213556
145588590581 46512380607
-296984188658 212681080660
112407851471 151874937465
-376800816891 -86330379260
183124026742 242088700928
-238320030251 420405983381
17940262799 -177493569997
-127406265015 529898539664
-43032443710 -248462668277
232102289541 344232841825
-173772647581 -96411791776
244761436632 221902062456
-207649538183 -37645397590
253234562263 -135887447837
481409781074 -103423394653
-132700241971 -196312667785
-1875188379 137844873626
-54438984629 -78423957421
321902980399 97077699204
160941791630 -136295443053
123979367087 124771275054
178023298224 -28729519279
-15059872142 -522862442390
-556181898877 -38327970494
84830180213 -232496535239
-5100246307 160420129561
-190373608420 -22722467144
269051975937 84780036185
-229132624141 -252694096463
-164139587830 165399116468
-162415324737 -248929432541
-617485348 -218523960719
399923272891 186975243044
-140817747768 -154586624065
-467540193922 344129300958
-107415354700 281822746927
-77648614596 -203796613130
15576171081 -124239725772
-122333138874 162504664844
-12897216078 307652535879
-75913480310 -34135724508
33336910280 86902919278
-8881995716 -207554508192
257437817041 231538478936
-105184386575 55213625702
25362856160 328849903321
31589822397 88883423679
443656475990 -326358112751
-20135353202 -98792195571
111967234610 -98841658781
-293374623768 77558925772
-343469841778 16732287780
196374251598 -102412557412
314614677260 -156106674818
5507655621 283034715092
78255495272 80497020259
-354015019666 46361969280
274630541679 571562919978
-364206544982 -220355074749
-158346379391 352460148257
-62041671890 -145839517007
-97324771749 157452998761
-182900815813 -100698875834
297477334495 -57036259003
81297202891 -449222832600
472873931195 421244308703
-81421193189 480913448415
38042909628 -161373939421
261483359682 -33608181813
469524469580 -275522046065
33523471758 285814487029
-69209381593 -29294670784
-94527592944 90851125678
487192977989 102147741311
21481940835 -122154568461
-129875642258 -191660991695
-157440233341 260907484913
-66681549381 130393491399
20951031019 -44365899144
170937000628 -517937338
114159256007 90941696443
-140485439970 91304513862
-110457542394 167428079680
431815935871 95611041133
291237334691 62719619272
-80944818495 197814900659
-143495637160 391603732257
-119330078734 67253086980
-175305472388 -116777257385
312981054478 -131449542706
60373481424 -42706256927
-459782778568 -47352594551
-208009260996 174657477351
-122704609915 185314510142
-283300254227 -482118608994
33647326052 -284587790349
300830378628 -358255686096
-21909415962 167540546489
-108564526840 53359477925
122434966651 32862994499
-232789128891 -424202140904
83540492610 -417058269954
151162622533 349813985498
207641063295 134426891713
-50217840990 101686899540
103914089173 -66818333342
-52440648868 -145835966241
-173907294072 248511986048
-579904652525 -271514366233
-56069873149 -145939202831
-73642530201 -281753582848
148726295909 -1079875592
-240973989182 172879909866
54387659695 -214411201970
-114554513358 -211127847445
-366245366314 -25787363850
304649952344 202741470265
76286651827 586196243
351886626109 -358709820222
24349805938 1808093255
-287111624816 350008785853
191031415654 -25217097502
136047842143 319757026305
350952208474 -122086002271
121536547172 8100114053
-10864457861 -229457953307
-314296942799 -311228905157
133636191188 -171865685265
274492847879 -192147142561
184795784695 -197555734773
243007080872 -83624698078
152429379908 -246385012690
-272441998622 -197810584023
-376353991172 157595730049
-381131204089 -426162084599
-8423751981 373902444388
60493990711 -126316487179
-121422513441 -32287912962
207792879066 -116981353145
250512571051 -39759650990
-113933738323 376567192983
-302279772563 -95430902850
421293143391 17968081718
-223111232450 376304257903
-439730140231 -226079005211
65867353446 364280633396
-109092264262 123141326782
-60829671724 -375295060089
-184509235513 -28926138533
-30362644205 140362821351
2654271407 137763321726
-241804477997 28065041125
249498874729 -148905703609
255750117560 -111912574760
86103754787 93904331186
-324000052481 -49063912891
100952055461 -159157040406
157056517063 -211386853265
206657530328 -399590274466
134951260194 58670009343
-196954268026 -435643847986
-11976658838 505747333257
90196618167 -111619674356
297020939483 90357714772
-39604274108 203971795103
-279477874947 258834774537
-17534307140 -204597458954
236497310080 108048164733
382122327533 -64590590523
263154624858 176798372000
-192429303974 -132633704784
67782192220 -179684068640
247130880344 -108976999496
-261781369775 -117354281763
315678447813 277164209458
91336239457 126604333566
414977905719 -461942673171
123633660401 223502838681
246368188093 161280713109
-126250572225 -255151331922
94693210807 -56560948720
-243558977907 68141815144
187435002016 78975523500
-334258185957 71387391773
-1211183529 224469436382
-40283538123 46287463300
-570697183358 93929456524
-143633661398 -9655539667
-86557562426 101033490282
-133413202480 107450554517
-250053091437 -198790370595
179308034305 -337083505473
-308652635611 66450930037
-123651050524 -25366662377
1875042402 32768670150
-147672450424 252758190582
229852388594 159490942203
-66133724097 -56619601920
-118440427497 452503302728
344925822858 581192508451
-57661191567 326305514156
381826488071 120084735888
36048983511 -91157661903
225491195314 -125095054442
17194577111 114406981846
-344202695664 208497519248
-305301103129 26703267283
158135855692 -113175968732
-229530330884 140659018674
61905860590 143522521839
23189555895 37453117282
83078511972 34974778736
-280616383966 -698982400411
101524929456 -196443010118
425141830996 -72670920557
14079411482 -163069738647
51103356666 18474773559
127739392083 -37516741557
248475536476 -56129262808
370566454250 97193144818
-114605378835 524542279051
50379539462 -70604268829
-111638139953 417369398760
-288527421920 98203360145
174842659479 153812704765
32134060127 -261239827718
184316373829 422302618492
-83390494802 -231488562937
348541496253 82489713716
-274325672434 -1460724640
-173368963932 -71932290247
313362101011 62587268341
-428062447264 227919379637
-245772977953 -168855564754
147776766469 269428071702
291385645681 -31649943758
-222428170399 -65324166913
-99338429987 383528113945
225417561202 62266630040
152171982282 -402403679923
-143304435540 15006569221
866356013 315403634500
-385469797891 22689372249
-79374410693 6674143062
236416264790 -244110734970
288895966070 203218458813
6629532862 -484589771110
-99650294370 -220298388957
-245417903280 34302515069
203732773036 -65344918622
509793583269 77028738567
-4782792028 -409209847813
-43258995062 -200373327382
104745338611 -184416767250
486276600105 -2055956903
-44793445589 -459372933894
-42503059478 83575279821
-16450850457 30080548861
11732636317 -168158924501
10797262914 39176122707
283706319714 -118293854922
-136217690071 239600664305
-301449563225 21665173683
-14200811618 147363291588
269369478082 207092910050
8217523274 -96673101680
198562883144 -169323917310
75238802322 -341399073829
-12986418251 -170280983362
176833886384 -286155990700
147390428981 90515597157
-249445250518 12792649063
-87552987763 348016095390
-259862853664 -148528589147
-94962529075 -373638395153
-158625071575 -147437262829
278905571773 432649049819
208643986413 135616149481
264505828764 -107889267753
-500634018296 269607461526
325541931174 96368953349
31586321010 540194641176
10224886668 167801238275
153552431763 224761224931
-341236034995 -253288139776
-170596658019 371366522748
11201258386 7158492331
15738093675 -153953108823
128228731291 -171200694313
-225731132741 285915633850
398100638232 2613233097
235479917710 -198499583869
-86749701046 -110403192229
361231192480 -135302277578
-149782925895 21583256041
-31224417180 162684808516
-252495157240 127880832543
-185814559158 -169999694889
314594090669 33143653104
299278837898 382206324783
315954813723 -58020943427
108185160913 -88479935306
-197125745153 -144934483822
-305918308031 119800076963
272947317613 -217049910890
-207067545549 -187320728192
584150540028 61515520503
164120979256 687809212068
-140972640342 -185670418549
-28341154959 -151704696615
-54335469721 1008400717
-62697875228 -91776541477
99975566992 -20023086284
-122393744584 -143244613616
-82384691001 -203190831301
-298897334596 151449015020
-271383575133 428029412838
113114463531 -96409917333
-261316286627 11242740868
-147798021593 -181845087441
212297411870 -144895586278
36865918378 133284361238
70719771386 -547267416086
515850107528 98630931973
-100308701091 361169633226
-126209652590 64146260219
487043160270 -11344891429
-18924080566 166245002359
-239918762479 -222985967740
17490378329 -40894007540
56930283613 -25488165476
-240279583917 68784781795
57012874591 -146824742832
-473275522111 195753540142
139328385486 33877249757
-77798709245 -509784218375
-5187780115 -175187450686
54243989694 143077275687
-14686349819 206588376568
298085940400 180207327206
-19765733162 81764456615
106811807084 -298037154300
85813815609 6581821792
150770678342 -501954298101
165040830779 -191053378148
355303244022 157905664952
113985217616 154926844050
-59387107984 130221881298
7078678089 -187549602988
-342681221353 185276344079
-116409891351 104115472415
286477055269 425507240201
-376489738704 128657868505
135668515188 -623490301
-167828787290 -15331320088
89582673944 98781952322
504151035027 311916042072
-293314716862 192072537334
-76277825341 -10075899387
52929326103 -351013061570
-173875158458 106474454634
-102555072401 80150112951
-268294146097 -49243625922
-174031699711 -21298613487
-199348957320 319679514044
-98402195390 -430579573108
-44921012681 44728716732
430411236944 179135809978
23818311813 -27891721210
168781970064 319153570177
-15105889769 -311204107694
512973403777 136452221180
-27272310469 373882706698
5610989735 -8458765748
-215611984947 16577693253
172798694837 -437168976782
-289595902223 90917158542
18966977050 -37511173663
-435720463846 192879616863
80650301919 61092093203
-19719905308 -262773686675
23543597308 29527567545
94624576175 -202062086285
302971405854 183082455845
48802635312 -20289536872
-202253942045 -205425121739
123683652066 -280671281244
494457185119 1807120374
-418505856085 -123230420809
265397549006 -4727949394
154144658665 -204030883190
105105114750 -374549913773
76882773269 9695582682
134982749320 -419918045514
-96221175017 -73523614671
43629325699 56852909136
97657211373 -177154202010
-184801416237 -252587564403
141045443448 183918550954
380614385622 -364842138516
267381147911 398850458779
-65746295206 205852852882
55486778267 4196752324
5437279267 -127280910132
-273159968740 -165632019117
506481628072 48118158365
22729973465 -73300608092
145527291580 -84011846722
-328263786200 348332247303
-179298991297 272202661679
278933683322 214551062585
41665301357 312313521243
168839158202 -155705632636
-484758812616 -438200477232
90166466797 224167640069
79117803970 -282465262111
107400954611 -241450558844
-169467690071 152013240080
-73256456403 -90286275395
307310704308 -318014467440
48383471020 152420018891
-177674308376 10481588146
-179374618409 227785568716
-144118630540 -53709641041
-321647818953 212304002249
-199324563202 -324888883261
89887171985 -295033397747
213191912830 467551503546
302462833698 149755758328
68151646926 39239090891
-103613352919 -36680084535
-170504645796 210662107473
-379374453449 -288510311544
65379639314 252762822675
-326955968258 -85174423452
-348533003957 77128997559
-323495785630 406084853051
-37243785685 -28008360064
247366486061 -258383952717
161093390754 149412012212
-114365735615 63619244222
360926310663 -211815025640
162011223698 219950389391
-125527774027 291450886649
-16154747246 4901107040
-78577317961 -186577625986
-7949837678 137291909101
442282382589 -58849336645
147503229788 -107350443804
-29728453644 436563050538
-10984559762 -359973001663
386572174919 77132221825
-26319991648 -279488343004
133177392661 -210970736078
145603430292 -61440992351
-99938492086 20899190187
341254151256 -122317131229
-66839037799 -58930360064
198965114531 -186361540964
-283529337172 -476964825589
-403609336750 -139746940815
-141843717815 -268576477621
-149453656432 -404860597829
-409537945508 141094806389
107568543455 206630710713
-89789341774 -212813152181
354839925802 182894038759
92575069280 -275779473423
10032311661 159970897486
195391133359 238456597483
535113943008 -274681071155
-37498685767 446188948973
8623082345 -244360266460
259043208029 -178607778168
-260252040733 -53447853375
-156940636798 -167824910702
-14132875045 8578891340
164507937651 -44918365087
103712977428 247460577175
-134391290351 52432926086
-306687701528 29297236994
150965350014 -244672066875
-210539940092 433686398745
206722048073 109461477271
-815851847 -195056986511
-71592703010 -486857912298
43262649916 140273130926
-150930515023 -69607656086
94001466920 -177964442994
45602354081 204322698763
-168403380164 169492723439
390004415085 326277359787
419044431927 -196904261602
-24577669619 -232952592303
176200026015 18209254887
3873120218 53512773918
-609352706608 -159461404218
-229065312184 -9361197609
-125971975972 258930750470
-93849955294 109766727549
-115192889216 176135179662
120034331056 -278195295249
-100185311896 -451830028733
-231641709201 -172787058435
-29582025340 -23409883313
-427097700093 -66707113306
-62158810109 314958423337
-24219624361 152718643365
30357341002 -204291019283
389868234579 -239179283723
-400238414172 142514473568
-279823967471 -124635850821
166296326817 -459961729505
128295694175 179279911343
99271496818 1795176416
55786463831 -5459422143
50383095373 108553086928
-236434542250 -48676204264
-211100349989 216955740581
223134885785 123074655398
364519389157 325862767921
304443041222 -606932537042
144397986427 303961298253
53023771660 186229228065
2083708357 -78248703459
99510316006 158475073383
340967975595 -48203437423
185833348869 -199252395965
311922837823 -12646279598
-259740808417 -412910946957
45214246481 -119732785438
181328033771 199860096150
-159840536532 118132468242
-128879686392 -217599256009
-403338242191 209686943906
-233954617136 61625287462
47791428950 1876506124
131218441709 165328648199
-58008142581 121423588787
473469067113 234744933454
129039898445 -10220763325
415339940317 -115918891027
50574588744 46609697052
-130639997968 -73837699688
-129703715987 -25264444269
-163283350024 -2653948295
-92769043737 313654547154
-254894762158 59655934660
-272647825344 -30320467464
-77635962112 -47348007329
109322595187 10595593474
65252084413 81515623818
-101102710749 -112503713186
-155751571091 92749449801
219139558101 318353396871
436567980158 357748373455
-40705205497 438374580785
-473523245446 -68996345418
-290752068624 542693141445
-102348950831 163144493011
15666606444 -312697460402
48940302920 273878154892
-186250538989 162300885724
68219959543 577425595642
-287922388571 142371166124
-290696440604 -123217910284
-36823683895 -134435685419
-195472738498 -405934773090
93245135646 -389220761086
88026841056 370694573470
419480777568 3663213233
131553083970 44323057189
2838981291 -11058272029
-289773303293 133161737104
-206327748980 56594871890
-307963841912 15992852867
11693980165 -132251898038
302991056761 23027195551
-339022088712 91738630658
254821946093 -19416334503
-219951314456 88930158275
-577379837888 178899757394
100881885990 198172453004
80623333023 242248364109
160926532874 -97999583885
-136594406540 -364388618102
186895324985 296893115068
303651088025 4959110150
99149661970 316564008853
247911245847 -253363501223
-172163899793 -232002765028
-389152615832 -132156123067
-37532616293 -341181474090
-59856546877 -78037204025
122073023687 -15441627558
-127489178610 167213711180
93483506989 -225815668575
-376945652370 -41091273229
66881230169 4746129364
79768400756 -14579303515
-167586116466 447413751672
378914099764 -73231688537
246334234285 -182877159880
396020019253 144872619963
16736769211 -521982162546
-52348890974 -79638271837
-136434027437 284537554461
335873346779 -15226957696
-144519865522 -440572090929
-388096550014 12099030417
-23265041771 154875193908
-37220992858 192975336303
-50213203990 -116139790449
303880313695 89117043618
-247894961219 44370039628
-112921770589 -258836532763
79648387820 -202455128997
385784796038 -73004849502
-18349109461 -343485024126
80300451491 22896253282
2820574204 263644796470
394656589689 -321712206146
-192591126553 -361972583971
57307626585 -277336887150
-503817544274 76511280828
-269197809176 130130355301
329165054728 -58074433656
60829765537 154687591439
85978905707 -124691194838
11769175474 227450904043
-101105826059 -17386433297
154719225422 -20009670710
262895036959 68234881775
15209454623 27821734105
-90333039768 -488567396997
-242887356915 260710708835
106368901129 284417579541
-78430933997 -128178418181
360047658811 383598674444
157404284469 17334450045
-124315129830 116697819663
69823607830 19993942027
-241905443924 95441454485
-114659271456 -137931323093
-18762978659 201989810462
-59216164366 398685191039
-163251595300 -101933475566
294549419788 -218485673847
104552285075 200772544286
170043607637 369666273803
-59401869639 -107931844703
-265072092084 165676626560
-128041772512 -387556422258
-142156451674 9981051540
-26024514012 -380826199429
-220575621109 18761348036
-257502985097 -45649535368
-167226663494 184372802047
-449638068936 251844172683
-4422159700 -248972432011
-556913183453 -200895453249
-529122957472 201097707528
309035021698 155876183974
-11535338882 -1242271558
-139589469772 15664466267
168816654938 -78606065028
274606228095 308370851187
151528427261 -310192435914
208320161602 171739247768
171548367907 88542193626
266292591146 347872214614
327150195102 -273041869280
135352484088 165138309852
-80131808906 55531141506
3049125730 334147011898
-368921288770 -1518663793
-222292135609 192162871447
-106400648880 153439783161
-71445119002 -377367177798
5696943945 258193734030
-23429997656 305077544619
595413463857 -239358491253
416108099612 43802574589
7732474684 -53592720374
-143087650128 -442814213493
-110460611522 -108651852610
252068917978 -49220247208
118470191145 423215860908
-217194828557 -332417579713
199271042460 -27171816850
219659787347 -522733237154
169385019330 220930478149
130679031416 72826400532
-231769227119 183041179231
68559188482 171988731204
208396060470 136533718503
56768901201 -14565657478
142259686337 119532255041
135252106392 -10454153533
-164792034348 60650345474
101832857877 99375242108
-139976550991 177467428308
-181620779578 -83082077134
3985008801 128217399613
-151524726567 5071209554
-162813566501 -130496998453
-147635570622 139678398854
-59324599873 15355327692
190246256590 -23395465219
266885318731 -600982826
333946591226 31801653042
-387581084681 384407126570
-65156586636 230005770442
102852484727 -395260834140
149932276760 -101869809665
-285701741905 -427589532101
121530401356 147723151547
-156985983092 -331694538848
234419745809 -171258134187
538567077490 142099256073
-10465843804 418718365396
-236403757168 396578487115
-35332629624 255009976968
-347473828207 -2348220978
273850953750 290106389496
-79501926646 -219027344181
-92899829895 242291875174
406304694374 121905943943
-232866176761 40478890021
-27119563147 300912734555
325886433424 -173288447497
-140863875262 -55848536637
-84239326606 -204141196878
-316593916545 -13512519751
-202523835015 -156247623480
-373977649414 203765501288
-133342707189 -211715560674
-61492124232 6989204075
210100327234 323375969816
125021457147 180437523391
128662613777 -396057917280
334281059317 -54877988055
-177974866823 -2117936662
196310023199 -268648828243
189575533033 171808984905
-64933222901 -192235579926
-132175455346 -114205244217
412697205908 -344700417098
234684354015 -38076913495
-13415611782 -300084056838
389822895897 200073090321
-56027081403 182170052935
238223750505 348652015531
-136400189897 -153140203817
254013114936 -92567825423
-333975581052 -347730840383
6492452585 -212726551750
176994187651 183419903060
-210184953098 296179007790
-1349731020 -111035432767
229727569666 -329120337554
-206446737613 109579504044
153440111559 -203952755812
-167063198843 374492965685
183820605448 276330641321
102486504515 352459044059
-339148361077 -198453149771
-234135458601 -119697698208
195435257849 -239808448000
-307096542403 -271508454922
-225735515908 363887396583
202017334879 -37037117040
265560108112 47159824264
-200010836694 366905871922
-292291049096 -224750718258
-143526505972 256734844126
-190600071067 47630130929
-98365336916 -122458435328
181088997311 -15337785271
-50939875899 -122839429394
411786164388 31362543839
-255307786252 218700057706
-121681576224 171781886878
-98327767777 171588939383
-164584866810 154569256905
-238895190766 50015960984
-398363106836 -189066051108
-195771624732 -101629139617
103866543603 -40443669866
-371704569940 -555250181458
-130326878292 -4372370341
-57235467800 318337233984
37293972045 -141753258866
178883300225 -138610560005
-327143843702 426717099193
89892285249 -51971377025
342197091895 122062260879
415285784218 -104468708947
-3753024749 330773342701
-141143596897 -217844361560
-44275596216 51760746132
235238584778 342221095577
-350571918739 473466402364
45978003235 96199113649
302037848455 113969565250
-206924773636 -287461299124
87770909230 -234900405047
-380436499027 210110295069
-266714878273 -241908869620
-394318345189 237003184728
-217567060869 68245701283
111728871788 -214952715012
-66861525328 -104572199050
168889054969 74055168649
-153526447311 31324018497
-207146776110 -347419210230
-45491233979 41997250500
91317625267 -228068872218
-253794535458 -188754179588
-229325361675 -40209970812
-140857880735 -244611710760
-152331020350 -150060769574
16630594093 315993882287
155955245916 126198259567
-304724703272 31690828301
-234499176709 -54651417436
-114082365544 17484960479
-62124288321 49589650947
93008027774 -305118561249
220275109175 344945823077
366214484619 206461890864
-110842315161 254919072996
-273040257930 225329874113
521749727614 -124264961309
-117309618727 -374568310807
-28365054964 290006507942
-245632968871 151751031057
-157603168837 -75107546692
-336079961174 231140869078
-98103082124 -42010335583
-121723397012 -400963176305
317680739077 -81751736665
30948750748 273630604904
136845640951 -448219451790
105105700797 -161229337310
-18429425320 -222532011163
-160217143961 338199960310
-163493689023 -98797092602
80542065397 -169962681883
409538611295 153101004315
198856941337 129307433321
10580299977 -167057107292
114852492923 344499964143
444716559144 137662433918
-49437482555 -38424347591
-60774987037 266287920604
560665567986 -196330016638
-133130932043 -254367910484
225266631148 187251989455
16784755939 269381381521
39304112953 -6005904350
184876924948 -270046458617
123079302638 -94438213906
92796240302 123568839379
-20472958431 515456906247
-138018541269 -164269170703
167616152227 -280304376831
69555709122 -305708668092
-241243533876 -83054062559
-118336860181 41449606506
105464274007 222646422779
456910473782 218404626809
-573007155489 -91041165487
-45640184684 375032704472
-293681637758 25846367939
87097672033 18915389380
-237948634631 89646988575
-166989003434 348283623611
-57966737862 97161283473
40827650031 201611282900
-289448493287 -53862442215
265606590258 448518630278
81106747925 -309593748205
-93210359188 -99100469826
-219998070906 -25669086477
-38048800606 -108921156518
178495000151 -310840545320
170242411264 -10996629202
-445602476765 6055488507
286682932610 -36364110945
-188382393460 -235494362727
-262323504783 385754634179
-218012092886 -5926131130
-126452514159 -506236800512
-265869062818 89918052373
-354254314545 -124479874144
-150696715982 154175011231
294224326106 37541795051
143430244230 -132075315103
-55547546455 68054806883
160653138590 -226113084033
