# Packing of N=45 2-dimensional subspaces of R^20; each block is an m x n basis (integers / 10^12)
# m n N 20 2 45
-49967231839 268615008567
-79895879985 36461127682
-238431803919 -194087931621
30623707946 -193568652887
-62112437001 230875315033
144791594537 376404283891
137011545286 8072103758
462224243995 -50299946771
57236746585 -295363687655
306982594184 -266888154576
-120450156325 -311953444983
-295108106033 -359250861028
-52075205329 344684861857
3941155503 98881111403
102001966523 -288560490122
-351782636308 6090121351
-536656372704 110308393579
125783600312 -73133719024
-87975658411 28419464349
-168911047000 -196825111399
-113215003882 502437920229
-195796869151 -184608275359
232233227940 260158629740
293656088884 -117454097575
-17723744446 127587856821
-193917588009 57415714608
-345024156674 -188534285442
104073483411 -122500601631
-291217862783 -118817836454
-267527804230 -132058765014
-311109413685 341239127921
29386488808 -158758122767
496522091833 -57035979666
-182912498551 -76514328586
-79940511017 -413792164215
-86359395794 -74809480318
-181081939635 -99750087733
-116552008160 18612941294
183891769864 28662461757
113252956017 -437743814038
394707649988 -13659806067
248580363878 -64466756860
25581398871 312464690301
-29137354690 102772718809
106090727517 508883796969
48484340997 -7025629345
274618897313 47121336380
-246641825188 35198836805
99947411950 45236967843
120960834267 161695352100
13301981212 -45058342155
-392738168873 -126146340876
19415071519 -260349284028
272415475591 -306042268170
-360664161337 161200041386
-167111645030 -452184768049
37381946684 117429939857
378605734063 -45565739967
199251778689 -354256796506
187035554476 213519576233
-104827134921 421696991696
376416382728 63407904769
-58079648012 -243539917210
-31333591835 272476214110
-522741245109 90619634746
37742972283 146349409147
483331243572 -269633374797
-107765614789 167372308522
-44592916450 -35553936374
-204225506093 -71144808448
171348098029 93480223007
16322176636 242234000390
-44668964060 277862916370
-254948969569 -387876924879
-278578879272 -267520691887
190908218566 -76076344214
187453545470 341494051098
-158416086145 233698491328
83152322007 -63251052738
-39282048605 -16240551540
255862331787 116728384779
-43573962273 -406242713093
65306837812 85054564415
252771323280 136175698857
28050705026 -166985075536
-138576488512 282297087624
320426437474 -20049165799
65668525046 174387520695
129153834945 -28999305560
243702073982 -250630397238
27826096983 125460542070
-109648111043 183484142317
-190850528700 147334483210
-364322970362 149266274075
-343223162764 151002625607
309057221735 -313480606120
-218874660442 -129434232214
273146016840 196337532950
-378812821403 -470068564453
-12067393136 -320601644551
81592067458 -195952376103
375991469124 -1740160635
-84785170435 -328871229532
127516667311 -112591449214
332245030453 -151525585412
-225340889459 129880138902
-446286412829 -90468362380
-102137305446 62385971124
-387990095148 -377999826756
105428457721 -327042582867
-45735512815 186409506348
384293147815 -286316105404
150189009119 83664662162
-43572288225 -238090446300
89306857893 159021743860
72782642201 175368365533
-23748280419 -398106072810
-60579472778 307124626655
266448639974 160228313996
-182684920018 155174370330
33079972076 -360724523793
93353394101 -330200374568
-73596389016 180691754668
-59632921306 247154385679
-224535296743 -103868972157
-616749155102 62669496293
176462478477 199971688674
-35044163136 -93897688257
234314991502 409185623436
-62416717174 -53354208352
342015374648 -237680867926
-186283853985 -102040586829
10653336805 493218375863
-247206567654 -73353258293
-132341260324 -95160936838
-149284926631 279231251831
200227114901 110552902991
248550511168 -21624083147
243264792606 87545732526
213329043434 -101884557765
104269658623 178216793898
7661286031 -26563258189
40858192723 -175296319696
-46207293169 -332303938479
-55231228936 -425940437987
-206198229176 36620132566
-138611731808 9300851396
-32648286936 -557681258415
-182486463680 137213813212
-6680228981 -70622039798
-229192952297 -214948218238
295120804041 217800034645
-186977218027 -233235992600
80061485974 50261302490
-489916847339 140081173392
-235761811266 -94103677167
274688616976 133960598286
241131319633 -214001069593
432162977807 -208308489638
298513355042 -150082619427
-236340624420 61373426387
-97102479049 184112760813
-367967510638 78922535881
-85864448542 -222105769041
-266647821779 400245976663
44863077716 188085229606
-65689951752 -314449401907
262266668480 431889552879
-78208368006 147508978243
138687549884 -279544132962
-297037855300 285410125045
-310539182760 217461114898
-279104383806 11187895257
-342418606983 -237271669193
41090937112 -48758073338
-307789426699 -251730145422
133732352036 -3563181913
-34735614843 -205302053576
294584816176 51190075136
195622499232 173762961682
217305964178 -332748832153
162932917067 -134174095048
24718020639 333602732798
-4705406641 239215449657
-393236912423 -54017233132
68886740200 483419645674
274172141105 69324910154
-244078319525 -2825950556
102232809632 72977716412
-153779096463 75989854140
-65055247232 278035774247
381290288559 182391343278
455994104821 101083361548
53416291462 -16431342196
299744653328 -260437712510
101647998939 -401543716727
145365517568 210055527887
-44992224235 -236175970009
-52290552532 -12220435157
333025164266 -7676113147
-9980914294 -42806437685
-21669900401 336315341036
242013889024 368760018065
-122322841146 -226646236144
-137670258721 -224171466260
-233975724400 126771784475
-177128285046 138171024772
77253254213 10395699809
162478918511 -26173289722
134120392560 163575741301
-36690954839 -104849288354
273338167824 -24126099208
286336371877 -60601075741
-395574025725 81190022137
467194755654 105834654540
136316091064 372270119184
-32911027136 -303816919036
192811910111 165529403892
333217260988 -538351966578
-264188660086 59904281676
-36278603819 111820351404
-213921396708 -347332148476
247305555451 -81451698176
49838261380 -466350281335
-278223548052 387530071145
-39040057446 -160018082074
-310007805615 194014033026
-1445485541 -132380701248
178219456530 -41183903476
-118060445793 -245416944624
-150890417638 14291537883
206700750477 212550030941
-233354517003 -271342529308
514607919401 -128418354070
6880705286 -59434425709
294095004742 74469700573
58114061265 -266104287284
-219503458327 79117456554
-314702869132 -342624851255
215946483637 -104027641064
411705188752 -130251962771
7612085695 117143993094
-261606984220 -136830318170
168735398921 708574536383
-89899535100 -316112018458
432692257085 -401778704790
236295492434 34096063419
-278699057485 -91683682341
292911639850 1362802210
344328963786 -64789053759
-11792135480 63549965384
74770830818 29447524338
69094264216 -96763396564
28684247364 68973912302
-197412839223 -334935109668
-95226046164 59497451797
1295353850 -147483675469
-360489240389 64701053076
93675423786 -71699816429
47565965872 86972056304
-434713717530 -14133169450
-72846473261 -264044655295
382556578914 64659199462
-99987630357 170678195989
-243855161042 -114088967741
257374318979 -232005215155
-337744356005 29261621453
-311214142504 -363463441098
123986453357 -446341953897
-190427485813 -224652453347
-269955681000 118896799171
-33278460934 -188055390134
-140191010028 104703062474
-114210074524 289113836783
76362773365 197672467599
-193410668179 26066306196
-229403717831 141308759968
25863936674 156570582644
-215994906871 206069519264
105990179472 420145790522
349212008287 -23675705457
-241952779719 -127596816714
-132543831190 192462505710
-343089078601 379301958042
-658706383 183156252577
35159886556 -182888746089
-242091335464 -280336437252
-395325223204 -217663776238
-223497850659 205560977210
368513410766 -111308687385
222733876271 480477888198
-151414029566 -109839846274
-109828019665 92660750277
-238761208971 132351006792
174184470139 422735095618
58728577436 -206058357197
-98410019416 179157331824
184224027100 -144857552603
239248883369 -94366276134
78060851917 -49634468444
-59795593671 -258708917471
-65752103636 -258395865869
128943457730 -528842606587
-233162600404 -230960632565
273014474550 -110725457975
-149654942511 17977172287
272023944761 -133749471048
-175083223351 256555624138
180554369697 319019204765
-106820130624 -195643629098
288245702646 -36542447981
-148960645793 270637750848
83465027085 110577345831
-144792970984 -117392010358
398276873782 -108257570882
459350704051 -1162038929
91642092523 180286748109
193746633858 339711822091
-128277858669 -182100078264
332099073754 -59698896325
375166817282 262902146754
90918784030 -238434791723
270253888038 123850554987
183956141964 -36897733779
-33627210092 239875937119
179292218891 169211369840
48934764730 -185076275271
4143958503 -13952037370
9042273912 326877101568
310430422956 -341164617932
-186641113603 -214279699927
345828464900 -408446986277
-64610272367 -155321160006
89933877075 3394899381
-126424078151 -32766572752
457081902403 7795391293
-290481635912 -428155473652
111733177118 -294393667786
345271365088 -54559358567
65510233638 -49913253484
-48941583580 278672584523
-161903647839 312094417983
470911018134 132455669178
344521864171 200078513759
93098493494 37812023454
-132323594678 228668809333
366436134401 -198573639225
-34772935428 -189897698454
15148793365 324837578009
-132365310346 -35153883567
9366779159 -567626835613
213626815842 48174961560
177097696765 151751508647
-12202231619 172784051629
215644193333 10982257937
-202068210194 -263935238961
-450183461827 31906230678
185345908135 44826455354
136094920832 -199701694992
-177248984145 203226955563
-209283293379 -25135322922
-227607982445 509803481924
-122382879507 175037591694
284733815983 10858916997
-123743562219 96211055318
236087574601 -47298001381
394824268207 44744900268
19575161751 192535346413
46694145639 218272001070
97449422877 -444286526942
387682204228 138997782152
6552521170 -198626775244
-110321473783 -338169457503
206793059372 198361711800
-141754203557 149529333680
-66784737237 242084827596
67421346500 183573127133
349746004101 -139659750846
397695043390 142255855247
233430775600 215011743292
63487388992 264344421442
52874312455 -51835020532
95731973326 100336390226
-24718363557 -257621054916
-134284993146 -160803135569
-186342151487 -256417424185
-55058274482 315936924057
440139065682 -43805746574
-4101984278 -737079807365
171620289042 -91096100025
-55974118181 -117254220908
-233841203121 143860252620
293492215139 139306635509
-368373306041 -22422757167
75541294417 51769134465
-94397047319 37157534958
96914350468 -84212415292
352902509996 18434728119
-414529204467 15216674067
323082537140 -199985256850
149923545548 -190241438171
-129871294390 227519307438
-134172320948 -206759204677
-306747668211 234564224092
-141698784479 -34498029569
315918522758 -39085158991
44903535000 17050842696
-18293228486 -29432596896
-256868183380 49754447584
87092461609 159591904952
466796518523 42432480988
17551977324 -114699871776
283971946812 363523893325
20353685662 230388207303
-315925916545 -83346572617
-125489353692 71082151374
178682594766 50492523507
-8999625188 -267912835560
-447795625022 -10186026005
73566955573 -704158205301
422534954809 -116168319310
-192889852294 -233261556618
-111771179410 -136240336920
439665660640 121452396158
97099941670 -83736924003
-145518246747 118408851288
106837606192 -390618107984
-50562940221 -187482778290
-320774419050 -173961258724
-294405117549 561089617333
-516784448309 -72364747898
-26892293629 319623279621
-239982151644 -160223541632
-4947100901 68141735755
46803952983 212719306688
-18212168129 -117141070582
42146001394 128502904199
-8026125332 -291131156014
-49533870834 104475341198
109962321813 189908910994
53243650068 42223301272
128618336027 265024061455
-27363165860 535887079602
11273683366 116861669275
14397964551 172774611119
205126121423 235997873094
604422674729 -114956704530
354775582917 71182630562
26663132330 -492180305493
-243568338599 65881364966
238018727338 259913120891
-10188206372 109219460735
-63951084212 -109202542255
110929070038 -219218936813
132911271908 60882511826
-394128806417 2883337716
60148524583 128047154641
-94524769373 292350358669
128159918348 -176256591746
-333318543646 25018048921
-83823875933 -22406204899
203384019383 -80984081505
-180219178964 379875331312
-419639703558 -89943331278
173365535465 -130444546560
-154453708321 -9638732260
-27423298710 -214012236976
62096653441 119981303937
93142131281 83442196347
164123740445 129077379164
-148766972980 227007903014
503712681207 8175358592
188387639931 31503470796
473270703522 40557283269
5886841165 84982954207
84211765626 -539562102229
54648939910 -35788989537
172303942332 609141441347
-263434999459 91614962140
-66089698143 79384286442
80352367496 -10752854522
-65245559403 40184355663
-70862026164 236462897984
-66959777315 415738593991
-219950599294 -203614493334
-226682277662 -7252453258
-178608222940 -8855207754
-45728673903 -211406965761
44618407237 20349712138
2428007747 -9110821051
354308280893 -166910155606
-585863373843 135794263318
-209509683804 -652827954904
413944048689 -71116904409
-83759936702 -95987206216
-112991806069 61225835789
72242888460 322682176557
-208398309231 117751857554
299517342541 30932771147
-43278288217 -270715922060
-13766611410 -486777600931
-25667799709 -177881733476
147809603260 -251132474542
227721570388 36984021700
78343546792 -94234561468
45273260400 -165914630054
-223831341131 -63048832020
244716843409 -312368212445
223037579488 121456797926
239718600894 -116320227907
53827924474 231207415190
-47156614302 192098542139
293589647647 269225303394
513403193895 -194961068133
-431855674595 -84987801172
-32549074704 -252960458191
-212355611035 -414573384448
140079151892 -178802799751
-299231835017 -46448292776
-57857208755 150564272492
4489021440 48477586803
163749018961 -227193421321
-10240723481 172039417096
11497296845 -158200448197
-127806821907 -247523517812
-3938669540 178059206833
-220822114728 148841587577
517044661507 -133609987034
-19892030925 -27421841336
9538712240 -19260415763
549450872891 184602422513
212507891751 99993305473
-86103837046 -320036620712
372306555435 -11290302958
240800500459 -479183913932
6263300184 -160155687862
-143316765926 -444611144463
-84380656122 -366669925525
156852180207 77202766605
-191379903462 131627980200
-59832432700 -111644596145
420600016788 279049549384
-303192567770 173075893663
-151342092895 37304516692
-528911677318 -169028170179
13689204078 -151541119873
-274388331378 -59104555996
-165210058593 46561034630
207595215385 -479210389817
-14500670684 -385080454346
69033119893 377733555384
-895326963 -127280860926
128669224850 114263954599
10592331637 153379896275
236297965740 -78815139821
-308795909501 44333052029
-240691627261 9385986835
124468953480 -406934206618
80816108053 -271037662296
162108045868 -20173488306
-300144894206 312243484393
67647170331 -753180585001
15840167860 59705329572
-4903261232 -53082301974
-12791576791 -98800489699
-304442460400 -250643769999
-147407598130 -130897384904
4703776432 -99588143344
221803931661 150499455169
47320907836 -90830382489
167224456380 12143531855
336826710364 -163172068861
-180925239707 114036780213
144473051949 243614658373
-318147089356 49449121903
17018892331 126659562400
-284368500353 111415823120
285100858617 201072559663
420057386350 -21561278048
-322334786511 -165478288497
-99137113329 -79893701109
-113225880222 39436764440
-241859039096 252477336214
65774985012 -246853900667
414444789384 294939987654
-342749263889 -110417453324
217242060550 -9805301645
-333691749653 232707935029
69848150434 -309574958519
-207181921395 329471190743
-190048032717 -304460476981
-77040552008 -74875405739
302261413738 273389808347
341700719751 -44043133775
-128105983046 -113332484383
-133255715095 258588370387
-166619784062 -216105441995
316413496617 -264525262399
19743498679 332086952019
-79549391337 -167056924164
-123959113567 -117537091934
152727104738 -140086659486
264526688535 307187805917
-106879569532 -225566923189
-47508246505 -62051491707
382725243158 181347351303
-19282790787 160533915230
889043050 -449772092576
173281514936 224788879884
160650965172 785911304
42394217419 -75734174115
39946231660 -275054899743
141019817018 -168343562913
38487684 2394304697
-335461273803 220907641382
416558457608 -63356117017
232699250204 233525826183
16308785664 437711345622
67621781541 178648090795
553755434791 -255716612111
389261863766 -18806000362
370981167708 53496173376
46858931472 430593524395
-244009962677 -367061331800
-273803393371 156514106487
-199630001351 -154574681824
-38596975266 143585806334
102008385775 -45417721549
106218629720 260815958203
569943838043 -397845588001
-81745111716 -70450027722
-186727178752 166190790195
-72396164760 -231974451501
205284150698 191134558044
163814025954 -94806608624
-54792266648 -375631641497
-167853489479 -25284564282
-43352494978 -23409493114
124687465374 288256532428
-148009426717 -148223636866
-80668094836 -113568088069
58895258978 200054821984
-166214923729 -149376732136
79575157301 83760328162
427348770924 -128819450137
144699547138 -111881617808
-203978843769 -219587751201
-420522858484 -215093497136
3849805908 -316675517837
150532611838 -158311669891
383420704638 -73190092842
-157119670694 -66096792951
234772581740 -369161445848
-157891314802 -441455789706
-311983625850 -292354581880
314731529009 -260340877217
13391002572 5190035569
-10427521849 -147604526361
205553630758 -383219578096
-143881244423 -77462466092
-218309177388 213778262271
-137007359502 -192014107959
78329603585 260155726367
-59009882844 29183914041
283042642826 -50188884313
152185590626 -511642020993
-175032776805 -338582416980
35078040007 352298852314
-192863382471 26074694897
83050246028 228974440045
257182433884 -96527218484
-74710680169 -167387195832
-8891174895 -185167560789
454162448269 -181035749508
168961209492 -138200556953
113713351408 -165519088439
565343127733 271870235811
92808348403 -239047881383
-207884976189 46940271659
231797623594 92654855402
26602856525 -247379584721
-57218169634 67737332138
22582895434 49913211906
-174367637484 -83194584277
-166813266617 339385965615
295843165118 58849637280
-240464409765 -8374379456
-148055767242 236083732637
-140335375095 242458909970
-294355977082 -167092302141
241163364822 -55261315573
376009116049 -352915814751
-213467139312 -21842574688
-229369811859 -360568680900
-100706084659 -105199244126
202700944917 207704406569
-17286711066 455158960173
470524781207 -96896453180
143790353018 209226177800
-268984302515 -301681853487
107560726985 117499866828
-389164951580 -172106811740
-255771418660 -155094344444
83795416110 266968766381
-92291288266 156969233140
131875088072 207053773243
394781242669 147359757751
396244935477 -124448580910
-24940805413 -16857784250
39813483116 28654852328
-103043508695 300120831166
238028397454 263152266278
74524191885 -504751632695
-175813997265 -291689467806
-88678465951 227595432424
-145440086586 106094243522
447415866636 -407954797073
-161799497354 -132463000858
4368764853 -80673960284
253824297360 -52077878802
290264914537 87529583612
290980078553 -314616432673
-319489817697 276157318764
34162430085 59471324285
269990935277 -219271479460
100888949722 -136271965842
129931231412 58314368098
9708783494 457902312546
258189173152 124824300471
-379124291413 -295396779617
-81403160553 1946516672
484549209096 277198339267
-97961801356 7918515078
57761030883 -129643121482
257528161092 -194787355886
-7212597808 506621821357
235873932963 -10101758933
24383952192 131417528433
145499722265 95123288426
-138808552341 127468803163
-102576675982 -83487616017
-401817608903 -247642321222
270461595985 -186266990910
-334728230344 221041102134
-74796822989 -160362603789
271937583092 193256194357
123580502564 -556706888405
239472631799 -73272436160
-291089698734 18520791016
254384834839 -413375470544
-107633082462 -321324530999
-53742730441 -234688214079
-201219973787 -43999856326
367873410913 29334233250
-199073039420 34195717767
-24163266448 164057572620
166538441386 183141294643
62499560010 48812775146
277659794025 234342443280
44449813602 -136096198851
-235162188615 225815140576
-278749806814 -203394065424
-182374014165 -12193904002
-222988009822 340841445469
-186751593085 -26372119809
-417690816308 445796800428
36463103808 -175448085667
228797742871 35365451463
131864466863 155710626190
417893348297 203324094224
-121749056338 112487335713
-21568482431 87250344203
-165830349320 -117531463066
29799512885 -14287634489
-15679901665 389365582153
102984418692 145799210197
133102047577 246290970726
-55373107121 23743836575
-364529110948 153423479485
-347533194675 -449843015922
201959187077 285226826632
-367456217636 -130485587552
76772491506 59335743
193093264781 -41313865623
-218902980243 299949263077
129532800312 -314574260601
44312219333 -146366021902
6433348023 -110084909982
-209097814316 489152589295
220163356803 107122242768
212609857387 85339728811
104347997533 358991046875
372261257275 3631923743
-114912777920 -244856035614
279806343053 -308210595120
79307344514 -62777902713
-265615689748 -92939520668
-345208025242 21939293226
291392132966 5601077921
234579683236 349983240154
6637749282 457253496759
-116691429755 -146761956441
-110678669588 -235515813468
-145303843910 -257756944764
239414297253 -213461180462
-329453047143 111770706023
101702880221 -200598184179
169625164997 212743079634
-63553237422 423004545166
-68310465167 -92322552400
85553122024 174026758886
306471239014 -251186034981
-350622854723 23639603854
226791331310 -243233279784
269538499787 295813885169
1072781757 236717445348
23275243441 -42240084135
-487921482726 -81174349005
137984065630 106917427282
365213000679 3616145937
137658901239 -285630255894
-89447959777 -100519354812
37208264396 227519248001
90854254980 -310059276114
-70740227865 -190348848560
-271874187767 -96973237934
-184502077612 100205331623
-74945780960 12454497519
331470262178 9494127878
-34473087028 59712119639
431284106003 -99611142331
-102975245321 327741967645
652777702 136971098756
-15522490267 -270379560341
-338938535342 -322675574757
437959360679 -127449019551
-77793480768 269906438637
-414967937572 -258842197010
-227996128294 171793440008
-364757724 -449436494168
-105684359893 -280051607245
235198729731 -191568225701
391702233566 -208492025980
-130477569325 30492576683
105585941872 344567491392
79870350687 255956438514
8992436674 287983655462
-344053448008 267251462382
325030929698 88546765254
213340616878 -118709630207
-5000854111 -188149857971
-107536799921 -42854073836
249142307457 -62588069066
-404578719832 78118741961
94864956985 55858517741
-307274898477 64905365552
-74746330765 -418106322959
-277290423601 -173079776288
184191914406 346370427799
136933674522 317193308067
-204891602058 -157069383701
-19758562671 82460940977
-378640995514 -306242274364
-260551088170 521813824942
288069379505 355830611557
248445750322 -195644966856
-418381918344 212149997216
-69700308364 -87502638153
-13041921294 -55419767282
26497034434 432589949258
49981934861 148797466258
175070162258 19970972790
-123614417605 -228901357246
236084082371 -5412307326
-328750216554 116499292695
-13706080423 -83610536070
-256545641892 110798431259
240294884151 251119232191
17209998617 -129453017786
290874775760 -84086719440
-527936734329 337954584605
135590519357 315288758815
-6080875761 11443285212
132664718329 271905916327
10119413763 -310399331185
271967352305 128141052290
-133784986728 -229968891596
74352177634 488054140136
-49269795858 128423639851
144204400729 -302767891375
-175367944023 -54525431055
-141564743093 -94103297136
-414407359137 -64941310664
-138512147864 109035707833
49627425900 -95848576530
516267872887 -112563650683
-158493603958 -272656799937
167751949372 233323500628
-14250981156 124828331980
-19245329328 78413317589
