# Packing of N=21 2-dimensional subspaces of R^20; each block is an m x n basis (integers / 10^12)
# m n N 20 2 21
-252559161393 125095865465
-172978336047 21612155165
-194316844225 -66686158586
-39293328441 -242498071895
183946261150 -96678659186
172961893098 449327855068
295665051832 -586643303430
-23122653392 267363468754
205252889502 68094856155
269184819467 325730478882
-12853035822 -532738980
-189305009780 -132775487157
-342834264840 -202068693642
158214429022 189912502226
-82908156393 87897627271
-81869671803 133939411159
-204380111083 3796370074
-490041646161 159333189428
-252836448891 128905088023
-250423997161 -144244807562
212833778010 -185267955261
-204897229603 -322892142170
223957403460 -68421624563
-250417240586 204899824324
-398200797181 -6244370585
-386601863015 109947528513
9154654416 -295061406740
-309222832525 -180151300761
94063172233 97018767565
347059621795 224204769180
385523153450 -224592365354
18127535837 146836481285
88569387025 211795843960
96198005282 159971886710
-3613737776 116047529282
-262396147898 -184818341099
-150648945921 149236899761
-70201422471 151835246922
-24162438699 597350671341
-60829459031 176629449806
37766226761 179855842241
171077081961 281702419203
50588538113 -158787976881
-117539417015 -533653969252
-79079314327 382143455079
1276731316 -127865267852
380538644105 -203196803416
124286816987 -145766758282
-128308755558 -126576910548
-66788254169 -203202284923
-643036658981 179851777092
-211351054555 132418012851
363169316892 312666148332
-242309492704 11009079105
90244307282 57972275664
27029648924 -241680784263
79498642930 -107698608257
52006245053 -24380363831
-31027944075 244404794938
-312829779911 -120840926677
-248470923500 -261100948371
-158856899050 62373572362
-246056030441 336254221644
-22154272427 -73441030726
-60780874090 -3148299607
32471352552 -119266855774
-163548782566 99359503342
-286038811961 -357760274949
-363849094706 -135555033051
-362259093272 632198575911
158359958740 18723383649
127577629301 192919947904
107558048524 51153154605
-217051631828 -209455485336
-148484024467 -96093824402
94172115076 183899480872
-145629100152 282920102868
-530720605736 -141039407756
106922723204 -12440624279
172640521048 -110114903582
305236592941 -139082593509
-269906646607 -340176225512
165457621880 20922435452
261336578148 -33972457136
-216104674693 -284290781473
123782127869 5741314393
23044692481 253322670010
456302714934 -71757399878
-115102835264 181599947963
-125698663717 -96042727592
188828790677 189600407649
38747012300 62778210157
51566316896 -17824074217
32487684135 253108815344
-191650075934 300548052608
89870959895 -117301702322
101079150478 285448847490
-386739531677 -145701720035
351673609922 68266355246
263353750853 -596016353568
7422335274 478572574514
154119603086 7356305459
-21179514836 -213431811896
-282553443912 91341486096
-150835444954 -371969661226
187904998675 -98972467541
106402160877 -30200180736
134127737083 -227441847889
-248559207167 -73539595076
-99860237384 -18214709517
273811619864 -163071114629
69300115875 -29560553364
64113544119 -29358965792
-600892656528 250374554419
101467090996 147215111083
-65894051188 -181949592423
516251531024 395745840456
16255927319 -21665035947
96677732177 -442017245508
-32558883271 -110554899158
281448376924 4608638848
285067421831 54487158401
219560402284 -67889134208
-63786169746 157991156817
-292190986751 -122898372621
-130091202717 -423084794646
-82395032569 206401467958
7379117482 348501267135
-479409471150 441314333871
42543806336 -177235759445
-8657352161 -6976291602
-287467174710 95381828849
-242478620691 -335437421261
213217212045 -14531845373
219130580808 366915308231
-188188343231 139580290177
29736385030 -140510706001
-281220666014 -193660803476
309453163441 -27673053623
18121815811 221609109604
-155737291782 -454396041013
135699897140 -216095991429
-31101616800 -302492790485
-260661647658 178405176908
-113440932735 -260532503451
-130353186076 32468934616
268373925453 163306763037
-137864692668 351627983101
199557686648 -121256004046
-493498039031 42846942821
158016770398 22431506033
-277216592295 453531473466
111725038137 102914289558
300186571940 -105092221406
-368118725106 -231461157392
15769993531 -162694343722
149907805788 247536496218
130721702858 91889157422
298119503376 100372407176
124721155929 6990309815
-375667790837 -329580430842
-57667284475 162619999476
12477598554 -350150164856
-248982961024 -231794155527
-133681776037 -46763528605
-40440945105 -150270051247
24228736323 -75699809567
-115615991388 279884815727
-154421639475 48912778289
-116529568605 447579461024
-313595795557 190690692934
-51829458535 -160691835770
11489376817 28261311905
-110117596574 236040934428
443867965161 89934787555
197884578516 -387914017811
-500635992982 88361228620
-40751362858 -91311124176
-47650843543 183203714417
344213847642 223764775317
122413222752 92373512390
-152379637770 -191258345080
125600136399 51050415472
-264905438168 -31994193410
-165238491381 -116574995724
10007985577 -410373496275
-51637904307 212864230572
14999836280 369426267705
233160681799 -466452837155
114269767064 65403072894
-354265610 -71848402311
-354729937222 -83229607210
574049881313 75540145523
-216959551581 130660200567
-253574097565 50261222124
262752261843 -109982711716
-285270620398 -335951645365
-171421105687 417844670429
177653940046 46590912068
5109526360 162788734282
-217277027403 49138601670
169868965026 482096813571
123572349983 -136388834215
32161520287 351942165071
176795723593 173353769395
29430202162 -357235567937
-62075894677 38962732722
157007860343 81717289030
165353105941 -160182224526
917003567 237447791131
12728041250 99842749236
321910244483 88851817988
122476054373 157791205956
-201871365190 196030813143
533798941121 255237376218
-502346182760 412802397229
-189074667838 174169667391
151581605700 56182897949
213055042395 130556528655
-136777911966 86721217671
-128901308951 -120245851967
141833069514 -273664094526
-186539770385 -100389635706
-414776733509 -67095184508
-232072644777 432943972910
119876316408 257952474620
125812558433 -105088274880
-233748704482 9479565685
101314200065 -427962453183
120269525784 -145730559829
-343589399343 177047229046
-280998633751 -426883703933
-379779562733 -230074671120
-256832673632 167935971147
-54093897831 290838650833
-141624648693 -23833356328
251492888065 162167601388
187972169035 -34206193037
212586077607 -84311493097
137978967915 110100830828
-85648391726 -276451379057
-149551853796 -240159142696
34885588768 -85909213670
-486441780120 111608135785
-209714214532 82081553123
-92039736703 -282285035562
52855502947 -277625741045
178038929765 -58879330444
288386107339 -290782973893
7523110075 -90532175769
-2017348672 -496301399016
-24969607341 -296975497180
103559654979 226987074119
357279368656 156009737165
232368639548 48302196564
573535676435 25471650124
83405066797 285630548257
68855423982 -268807612628
168071586988 -126761086514
-20132621599 -55509204237
-88816885285 -326050559992
-212844785248 -209317177405
460329416764 361783903593
220299273541 77122826141
-89629125040 113512478203
255696316691 -271939972887
263297523876 73828057370
-187703542386 63528509325
-72281962547 -100386235857
-171612911271 -94568665877
149437808735 -201834833150
-133505197911 -95781931651
348645868200 -373675064588
98721350940 84067571553
186036167441 -201111664975
-244761568988 156678656969
-59232687837 241201662426
423466954176 199051946714
-155636829600 441523165580
-26408919125 -208205900533
-248885492246 -183042301913
432805199810 187871958128
59737003473 265936367196
-80904077271 -3180550346
-87686349153 -368907816517
-197818598755 -221695580374
-58574147307 -259616096836
-148160023844 -93951284261
-293299622655 88631460099
-95854537638 -18981701863
177686895228 -203062553318
317900094674 69514811058
-218815899575 52865959978
265945485259 -85843915203
-478577189678 133891843335
182167546629 -185518429890
-61020499971 271592205574
185637214299 -196497250540
-96925355420 -326968440035
-110293555686 512762712282
-185091612358 134792650393
209253106191 162444109734
91678244956 140129951778
140004133201 3656664438
-99609637092 112344718367
-247518246860 31818074644
-26196592050 -69636404803
195016638344 204381647889
-25336494992 337284122720
71799135650 -274415264187
6633110878 -313466108862
-203015426646 91572252412
-118819644610 191109656595
-392305377696 245565194626
-34305315370 -264675233359
-110606052244 -442007938379
-315377813647 185949140273
-389696657289 -398574758521
162279903673 121046146064
-527155724860 97402347493
317254323481 265493493744
-89087075298 138659223832
196085950275 -53463803574
-104705254095 166248854898
444771179433 -123748100222
-167791363414 296358365965
281713108227 13879760572
-39324400025 -143353603387
-74826485026 -203128749108
226185588142 145080841495
-367109167723 -344031572822
51097234775 352623658508
-232276302527 164163574908
81077835466 188736869779
-310063933486 153213370535
-362428068865 318174351525
-116974925134 -102784378054
10093165974 -212283695992
175848973361 348879904312
90828230517 -293713051983
-171134085358 283047968978
40659492295 -315516368185
-269297540235 -196029681001
176311875121 230216823482
-510635404283 -228750499434
202630566879 -166837948090
70017190518 -336194261930
-196243222049 -33840207018
-270548355143 90102085689
18798014192 137863413992
-21244954224 -72900650835
-17453560484 -159729202625
3609041393 -228305261598
310990552361 -503563833704
-135065726579 -240552287863
-286554043152 19026674950
-484844185267 -77346576269
23911998957 294248180150
99631297694 105489319180
-57179378422 94868637727
-71378703779 10030049914
-138088131850 -44771834453
700374357175 -409481752302
-251997956403 -65048415832
-74286623918 -54616322186
80499661708 -324012104137
-306858806593 -253813867339
371484796167 424267413008
-262627744318 -128110383277
-78686886584 -95426754924
103707694869 4127500955
93752467751 -177120023204
-173004409231 234295994811
-2240940134 -35525313503
18330035118 -134443241098
-46114671942 -88676928147
5669706533 48017470447
-122635815863 200135155039
-153773229119 -240154791375
-108728075508 -484314748627
329407018388 -105557793706
-214819381698 167693434562
-251611846693 70951721127
-346307317815 -274266721263
-142090797732 -186133997902
7261116122 431028215862
269420585198 79250284096
-40870496908 431358040739
-163027095272 -70394219463
-294426326670 159006441253
-135930603994 -308103689399
439224724170 256816200938
-391294078861 36518800873
-142262286327 171063643389
203080990859 -285465509979
14850663961 14957554396
-10980280269 -115356892793
-18138472399 45791984793
164283156486 -362471678117
-26367541347 132201264956
106288470233 96286848968
-526378996158 125624527037
-140949965568 -98770395252
-356386383986 114791824567
284175015349 22641534086
-290154265269 231324111277
110266481825 607107144905
35570261146 194325769244
-170983037353 -221608032331
282252103235 318831081555
-19201846684 260695202126
379560426113 -349274117561
218183651192 158688505908
48277629718 -80602776177
-35333582393 30035627714
22288551593 8600900427
59043197018 141903738721
-156634338457 -133198553895
-197978486130 63493313925
118948051123 276345484287
