# Packing of N=71 2-dimensional subspaces of R^20; each block is an m x n basis (integers / 10^12)
# m n N 20 2 71
87948150821 41971843069
-283163003725 -35238301472
225321678880 619869067
117944104087 527664365584
36356303079 -38385771952
393766862219 -66682068419
387605384717 -83043190851
194645994407 -119302449261
273974208354 -241019703243
-59838991858 164230970279
-10127214506 -231487207027
171750253383 174297810381
-381259241102 -14320142967
-367842407744 111916056434
159779055259 41851500618
57333724408 -482465097166
-27910269826 123529252835
283712886271 441958510305
62495030845 -234523159117
-38440030 98217532197
-176393579981 405488208563
-233793938143 -16282471707
124791386897 17529660566
-256950143024 295503257386
-42627478626 -221621677576
-274765819835 -136811142257
-176021110366 -430806291532
128854439638 -234705127441
146877990264 67113988781
-226018695927 -332099541958
-383833626117 -10486043375
198469266763 192073921714
338928977723 -40937245604
240258720705 52283857645
24850923704 48373084810
-476545549016 -62856782321
35977985591 50120397177
138859680624 -412316942872
39183688027 -18904214168
161031546614 -322178364390
-217706940745 184638772942
143673165776 -254336173325
-523701358220 484418301810
-86614969431 104680898590
66696992707 -18430277947
-107287497579 -286166507019
-131843056769 -221127501857
-188194394448 -145992229701
-104788383202 -24500870720
648944635569 282464100997
-2900469542 530220385518
-149984815204 -135753650594
-28986199276 -65870289372
-172342902313 -76658686489
-84048481485 86222738332
67926592836 5582923896
43956170984 224963392266
-239396278560 -2537868518
158982700825 195865434207
-9238834480 128655419590
503706586104 441599615011
14583701142 -372200924729
206376165625 -94525573754
256227008878 -147133752205
-27239184660 -167691072659
284150738169 -91760885601
-63924349194 223800046198
116264101159 -4828553662
-263730651677 276523247824
-152550735879 201057417176
27525408823 -315147803068
182850893413 -100114621713
-307469483195 16594923854
377870348456 -71921537139
-212795994827 49016058832
131095713931 -63994456372
184924495887 341399060977
-39439074065 256882628933
142491801072 -296752334925
236369416499 201103238289
78749204111 -162692606462
-282048495604 -133846649290
11789740044 436023527441
502069004226 -104235366282
-35293610874 70273481481
279361934069 88993046912
-111610155478 -154541176308
175802589643 -204853825460
196072356625 -244232839905
-267166627527 -270218860388
-113132116982 -121073888795
-251990627734 -356258878666
-137582656124 -61802057339
51956300309 167392071330
510783784507 -302826052832
-42464695064 -228763279616
59998561984 -261577160128
-174836525471 -150885610095
-183461257526 23071530407
-33239297553 -366174896871
-182497646638 67876923445
-303293288441 -134269591800
-308540414426 371690839360
251675099059 64551477387
-44382579247 -336372964187
-251599285481 -91211157230
-392465818487 -27761947029
-214075538779 263945099165
-98004148625 -322191840438
-79095411554 -47052345102
173520385598 52797006439
1885560600 180443323716
-140206646503 -100965356353
-245373318484 80969906741
67369152064 522252500153
-142092674307 -201244439554
-76331645627 -267345208176
374313720114 -269373625124
-202277529089 3646056432
-337073169908 -166507014443
312903285514 -365497170747
158877228270 -583059888
123035232617 27569386766
-319885869272 -81732351501
-291403644257 -424063619941
112315158132 -63114693439
10667658678 -292519543011
-12370102639 -130070951686
-203466329047 -87600311171
88049720491 252654277960
461206669645 -423748898527
-239933576739 -438118669046
60984301834 133553369864
-42967932266 -136471627776
130955835388 -159879224494
-276382690034 -203768889439
-128018064680 2046360298
120895170234 127355986491
-62906807017 -11458839073
-456171708703 98759332691
208591265462 -198150873594
111471120703 102937543308
130672557327 -240539067845
-27431369688 111261210976
201405973108 11402350413
-143422515247 -433273267789
-185442214573 59557590771
75862647890 -522833699555
427110391600 -326831862611
261033239620 -122021275528
100590097959 -194307175316
503123504442 30212962427
-22769445807 -182240015515
-4321810095 -124995405967
-94098139029 -46881838375
-232195309175 -200803099858
-215817957889 -265393404781
-432690216763 -275084525659
27439508769 108349819834
115269597424 -74617732584
123710815501 281951115533
208189515330 -22425609359
211500880773 -170800423446
217845078872 -29642599334
-53290369572 -149261740326
-51083043705 129748314709
-327645169490 -360348157733
237493296832 -138356809881
223805081319 -208494347256
457741157009 -370164042919
-107480733306 311069065958
-12983567117 378324589841
14714844001 -256138920876
-192799897777 -86826201794
83421786766 173606593531
191457110818 -206882919526
-47601026540 109294687197
507900846561 285488768560
177093371535 159035847928
189813054609 128957486349
-520124904404 208364963156
-225564947789 63749606904
4009514849 259938742317
268078008926 63216496967
-152672960880 -430104899979
398991493776 -52064364159
341480261617 -109332832224
-317572929066 -202500450218
112324296353 -328914753135
-194450980876 256060368273
51937452108 205509727583
130663260755 530445537989
-79816093333 220946693883
-77485984364 -88806562465
-42383149716 -61828457448
11469603561 33219093114
-247127287987 -57030555130
-110428176184 -174883765868
129723993995 205994987357
179300258163 -70957191717
9017447915 250739862541
136233334617 234314584147
57201276161 -22234548448
290170498825 42368092920
-210064808475 246612792971
-469543818952 286593269830
-23957504752 -598342748201
-93173918808 32596174304
98073713222 99265348556
260787811734 -18148692628
10959666015 63597576553
-453936774021 -176488571453
30333222265 -34522800759
-132933946477 -85593387474
250916034027 -393702248957
-156561065135 -210132854282
30679777108 -63671562649
-379464317836 -37370125050
-291646971021 -306793578831
13142191060 -159004919504
147184047648 -137888731207
-92997517893 272034871016
52442064249 366812040582
-570476608307 -7323428945
14201026665 81035261776
51965181398 -25981580787
-319489540840 201753054971
-53968153551 5140259258
51358023010 -87604145183
-30861752724 -433000259764
-27737540425 366844412024
-164362382348 -11815783339
232815924707 -149971569899
292900681603 -141729064260
-190429641332 -95240546539
49336304585 -73895562091
372593400029 521049320464
283541358839 -236616929565
322339747046 61330175476
-20393909774 -78594716320
71489117581 -285963468290
65626197768 26948351482
-217479779744 86031435336
-63178959601 -54142143397
-580976936863 -185522096511
263104901277 -304398156424
251350344802 -294220053906
129895974511 224251434786
-128110880299 87213458328
305509449002 268934372604
-201133397820 407666198086
35227584029 111827004854
-74183698146 58972653755
-184299172438 392167707278
111164334220 33214403158
327209395279 31040665599
-87317104220 -209426302026
225518920410 260327463808
275367462700 52609515900
-88531755299 -332969439755
-65789357981 172173899458
-223359497062 301375058365
-406697258165 80162595203
-407978867501 531125433529
-120531592946 20836879580
178042274616 326544258447
-96241976819 128867096243
-191050622796 -483177875896
22835201293 104934942908
21125468505 21695586133
-16268007094 -121099204464
-113304862156 -108607921196
-247247132775 -208055170546
-130262177223 -30174861662
-225605439117 -322315276772
-465640486821 -116114076459
-228911269398 -129285951277
-113987410427 42581421402
230024962931 -25436508355
-209163795744 123252409194
-131860587852 127950742531
159472748760 -58891268775
-216076058594 -111661771136
81739034004 -116826376737
-4864750742 508982083589
-159901996701 -434461118542
97208074494 292862413439
218616168801 -8646510756
-231506618229 -220868908747
-81912176524 140354635712
-194220885529 36475954512
-255224155953 -143866836681
-66149910774 264618820823
-513092843933 -223241028065
292427023274 -108733796294
-445701225740 396676495535
-181121360517 160807592140
21898185117 -118488837887
39534325003 -13294804206
266757635651 -27572376112
-56945346507 90914580443
132418441609 75877709889
219057221422 4214874789
346376584030 159366082583
57776660302 37825876067
-528360153965 -45823368596
146614936499 -535343866272
-43091056297 -486833657652
-87025533800 224992292066
152302646646 6122505152
231220101601 -259712238588
391945887942 2867748824
-327214821880 -241507260977
132936642885 217028789219
-141831476431 183718541195
-23491642933 210879602253
8457886188 260683873289
120681487845 188184466304
327875345487 -165128323540
-1742622669 -32041661779
-62554858212 155132247448
-151355132896 174871251754
-61736253933 155498484811
143357119397 60541795352
279576684888 542245459183
-185217712930 -54344705929
283180248347 -245926473498
-6465077520 97380878496
-294241073704 -55905372352
73169008999 369642726286
306589796484 -194984348077
-7877293139 68901375564
-159142581347 -178465555626
32843873856 2242228818
138833707121 -300812490560
-8157701159 -157008944438
192454267643 240348695344
182591756759 18332573254
-517828461187 333857643870
431105908784 226882548697
112644887697 -324253056209
-308910654980 69981396346
-141532667172 -157313740799
2892716757 -812753572
331141920576 -35936996902
-220666948057 166410835476
180320021420 29443929329
421849210347 33131264863
197116532935 377070994563
88705791610 431469111476
-170455509358 248494286207
26071308833 323149507846
12487940658 -121550347947
306555821685 -419441809375
-189188009299 -288469372361
199461380968 -9339875940
-120790431002 -116979986192
25015637172 75737657105
467048173804 32761064281
-153318691817 -212699212227
27089789082 134176477328
17625493499 148758061836
-191841582509 262511662060
-24498036469 -291990100732
-150881947185 242984086475
-30134390265 68596768697
-93154157751 44772914024
135625854398 69948005306
-465978136270 -572993850641
-209637654240 -208316522234
328637965510 -226952030734
-250748136130 389959335083
281216327153 163653874201
-283750724079 -89317171031
260192630580 -175437458580
89046251242 -196437443399
220916067141 54170198931
-197956201704 -11549862739
302806740767 -172522207357
-252856661713 151003066450
307558443251 -398077322616
112831463199 -195038751109
73609184057 -21401137015
-257400498374 14726339024
-57981402953 187021520904
-12512184588 -153447635055
378961781428 -43891874401
-113926973308 -114764141830
-154789361764 131137015706
-260843716139 -204034630100
-195089508804 202701507405
-232165056292 50426696386
-25499141502 -284333237418
-16538724983 -85545444295
23952216506 505854219514
-515811306396 70158833292
108337029861 385030665931
368693084787 331411269157
189895445674 63764871175
160135878810 124975830249
169282874024 427385943703
-175809676669 19121979868
221790955833 102880914428
-207693349387 448844365719
138731854224 205083404212
-270767381331 -113278169544
75271768847 -50660766071
249083066676 -176948751838
-390439341215 -71665441835
260637161839 208346566989
-377890255868 302651313343
-156392967475 6842400085
-219240652589 -23865700636
-71765387104 434223676814
-136816535509 210333121530
99858281578 -251307339393
-329669820291 -151162553984
-168217958298 -201784104555
-284600393706 -74408306355
-17842332893 101753434134
513161401986 -105499173051
-188180208648 234638753574
-256238436263 50202739512
-201153346448 411147641470
-143918886534 -65167305152
23100402773 240196593909
103341317583 -252785905679
294426254409 452473405830
-49692567099 39353413922
-176813551620 -46930772469
-182994555902 150838040023
424881565456 276026202126
324054024282 -33616969162
-107757581614 -81945625843
127097042254 21739542806
131400954017 -247091368793
-103161245028 324669068696
-199119127416 104033131446
-34805193268 17872236718
-165020834068 -378232447181
-297265280425 107293773031
329287348577 -137140760067
-467688921908 -203986225172
11396640254 -186707057511
34436143649 -233174850115
-143860889530 10841575297
-190347738044 84493717319
246845337411 -84864498656
-165277388119 110361951186
9222206404 34488585863
-98588605995 17365003000
-44263341554 -226053435927
-254782228048 215862695557
188503000661 443492753846
-36251581653 534390977148
-189919486064 -203733017077
-13810034249 359381094173
488625762981 -29390520052
221735816135 33705254875
-16416424118 -241023663586
519298862715 -194610343880
-244586196206 -36504053229
92733379717 -435404323567
267188285270 -25815950337
385643572029 319808588988
-84552107451 -4624195898
-214588753676 20622823764
-33375744458 249719891589
345170911762 -329281787157
226798363243 233757562234
-181262712130 276818811660
98808114263 262860650497
-36584914077 46267037964
-133245714615 162639553737
146127227788 -36518442567
1902734160 111088263913
-133685884666 139444007810
146143665839 99445257293
-157367546815 -251494786986
-264274785028 -402272405219
-124261605564 -120422700651
-127590679135 505126721812
-3474623238 -18754389630
172675666976 171997759537
-69558542984 209304101652
151164661078 -134164755059
232489084923 -227687823301
126861819287 93041924629
-33335334888 381400643796
-279124467733 -174742898174
-13688990472 -158296382331
159407082544 117630386634
400616599678 -204378189424
-32779163384 -408339687471
-272953937639 204651766076
-140056569595 -87104534228
418660932583 40098429846
199189581370 188139681266
-216267120436 -243738953270
467529668206 93877065926
102383075878 -78062470847
-440769680566 101528981413
-79674120193 -136104034144
100992895568 575763966029
-196010455905 352868073372
228128697894 -71057361740
-175595737525 -308416576686
-228906649543 333541857413
-127027136506 -93879192722
479223067121 66847224887
62338377618 12765654900
-251039827079 -396687172217
-60377804188 196094995834
-57337656994 215316778973
-105466003269 111852687241
315722052278 38680719379
102101832342 31428681393
133312289588 65629072849
-331946626249 41053214525
-190203953565 145003674872
69252669245 232327201437
173890058943 453692163866
224130202283 435663276928
3164250345 -98688979653
122158496436 32418166949
191430348807 -9675920618
-40023905549 -180357392833
-69273910469 92838187612
27872819385 77110255141
55193801748 30950734112
50749366847 98136485169
-306042408739 -365598139591
282724086626 -198475440659
-433105253170 382280060425
524051821443 102981733018
452739785706 -338242420751
-33774131365 97607253530
55268960396 -46150494077
67676099138 161033861381
-28285824061 4881815311
59446556946 -332954085031
-81310838815 123358732087
527632801625 -88239638710
-315061678011 -75727335196
385302583410 467068045695
35385178192 183669137908
138680088218 61841541190
101336252880 217738059619
37094555111 193095405107
192930954376 -39018290144
8692476791 698311900
56777347198 36888669928
-374360760731 239520993991
315712486161 137966792597
21330668822 406252564473
218011306612 -127503592605
-42952268725 392919193598
238878821760 -277132796912
209477292440 -100195469372
-22190869320 -134840633147
-90299183349 119125873133
439163960732 -31604329298
115016769777 -171799985165
-134741807750 -42014533855
147796616301 447271563746
-28202540146 444924068377
139976699588 9400108991
49108532637 -148364380119
-201757057278 305842675821
-340300919204 311692561323
333062234371 73619535632
-322523128278 -224680753658
-186526710883 -122465212983
23311291065 244668676187
-69919391070 -2179296171
-185910755770 -17942421250
-424774013709 -104220606797
21706318997 -447692375331
-271673736306 18511545490
148298216408 2567178006
239804721735 196714507869
-137851846819 -355719283634
-235060006149 247068385506
-105834952782 -27145427179
145196749319 -18053306973
47060094734 96882885873
155616183249 -49829851296
341968493749 -87837730385
-134811115886 129559439469
-222201692757 -37735895710
-95125803307 7353495313
42985758027 250854658474
-424832934160 157583996820
36832484749 -116222809288
123395000907 -479096135511
-58934832587 -408690794007
-306592168543 -141070449027
-389277084232 170551434542
30793025751 334133093793
408795168822 276314564819
487954655692 15594160882
71774034823 148641219188
-233678165396 102895758725
-368242219374 -109294712346
56786801523 245081670601
53825701905 140176708258
-192982619571 70742153418
172673383430 238268114928
144996198761 -394789416680
305926837736 90423660581
21350575420 15373093705
30940569965 145759774311
-5513210563 48531523387
-521542467868 407218329219
76630941174 257514810791
-96526591951 -336460839946
-204257441579 -424208063871
-50051276493 285291016826
204001453980 125672047772
65290458865 57296867829
60774720742 -329251919325
212736331196 -8280676944
206485036105 58924330239
7576043903 -165991009248
175799024215 105780467721
-265123765030 -237486128636
74333089140 374251136974
-447530918009 289419914366
106466778508 275985642924
352685721841 -134601261697
-372717193099 -46605137921
148399585601 237235989607
321778609381 -213618134679
-236792013634 9157521346
-125843718108 -173002668896
-44053837227 -195405387861
273666355845 410438930966
-163551270410 220618700967
-51590624007 -72387858947
151640520196 -283092791610
-193274522640 -429578279281
-216006446393 390243877407
186065730145 -104104552976
77196482722 289546403178
-145386488165 -48956005172
31284407187 -43874464380
-73844382859 501534889561
46005001370 -160701376857
-108555200027 -27104673603
108975489244 92508584558
199437194300 -108910426820
17925292971 -146882762736
54668338419 258396981509
113141996242 -113380458030
-379994427598 -252726311588
-252863000383 -239233167722
-336556056919 2745050659
112555537700 99302854220
-646674337131 182275799272
117102503802 -16269306813
-269916617055 92707872148
-60144013488 59027042283
-191051947371 450061403967
-139799002289 -203841112049
23657946381 311751769696
241925972763 185897217105
-440901501630 -136131738360
-339520736930 -174168588607
-253701586903 -300838354468
226000791804 213999830581
74773637872 14770177086
287875832506 -323259535043
59069461473 149458805154
306316956600 -89218536459
311527288050 -102524019444
-110482889064 1393563915
-107226732240 -3910715300
-72255073014 398724091957
59751873045 -342367376683
-260688841435 71860709116
-154754800586 -34852743128
-150758018908 105055509431
-212509127134 -260318928625
-253055412156 49981789513
-220848900692 359350979623
-369935546430 -170704888309
-45992187414 -208584466861
-30654480582 -15019345954
-258728647105 276486739206
30923010827 -404055098373
279512246705 295546611075
117202373512 -87771805078
-325103661391 -388274664804
-403496871826 90010024039
-30313823141 -135502299496
118827031362 80389013223
-46575963210 73401946306
-197823852428 -118699571093
-17215842260 270776186972
412968702535 -322864621892
-112942250064 114220628984
-201892835717 -289503953044
87220152907 -145570503127
65202715868 -138361571806
-124967267399 -354693212062
457876730200 152790093199
-450193580913 -157455108434
22065848343 -63369722404
-5000164006 -525746957296
-106029839576 -90631016656
54567710076 -435378767380
-24678321693 179673729043
-14733129809 -44226245389
-243368125467 203137609739
-249065290464 -32149356222
-81185741745 -99610734300
113498871400 -91365871250
-470998049081 75074996511
189499732799 -253878969058
304368955120 -213939457547
-481935106029 -329474756330
-433754061276 359809722830
207047438228 13217903013
147791415185 -295844921780
-46768193959 4629190587
78213353314 179156508113
40089766945 -251314349165
-49609535941 -461638480366
229923834289 131994125652
355274294147 -100141319654
192802647440 -198460409968
89297060193 142659852317
395400720737 -86115074443
84968184539 233028740412
137239279559 -263757681811
-140571101890 -123398785201
141484647749 255196586339
-117011082925 -229103852532
-157852663582 20033683339
132277650857 119075807963
13004383195 -142733071417
-624133735929 155575691864
109851587707 238992171261
-296415560492 -97273607920
446254076896 -74093839268
-1944112267 6456305845
-128277591342 57822209819
91839795616 -207958692049
76322689835 299382906149
207206656838 396452105287
-65131167594 -129213894485
-207644336261 285296542620
-888386776 -259867965858
-318477816439 -128599964606
-165216698046 411844579511
37861669591 329847908056
121506742259 -46442223598
-4536866894 -152185567288
-4636521695 -2537537189
212695342249 322519510104
301685147639 -32901210764
-142403977370 -123177820550
63513699414 169899217813
23794498558 -180081904953
92039679838 -91822787944
66279464638 363803923057
365755804591 -101717433945
224900679696 -429311482654
-81686733892 -68236045429
447189511717 -113907576765
-176358709624 289038078566
-286146647864 -356520523803
216257054203 -20631692982
-190735424594 -314351225482
59674372964 -237093305073
-222681544513 189789473651
300423771615 -31698404736
-86072232227 160683805178
305208572274 372026114724
-200352875843 -45009572863
-307339203008 -118436133123
-164202859031 -160243296101
564208704826 345644762974
83247185946 -231855922714
106635180112 -216040627378
-364064074835 268631853639
280368749172 86480012697
-152906047307 262557766454
186546808535 -13166385391
-150386874168 557382414559
-156664130757 -79047552294
-60633583558 113573101526
-58638822982 -173415822476
-297882777092 12342258019
118056974482 -226445685943
-42014870389 -388499502232
-266121526777 -45396281575
100485832584 -42977783207
-181584384377 134443536862
3943289818 -86033460475
296266735178 382805637508
222445128849 27827730018
254120682780 -236768162808
-100617967070 426084697070
-291253282074 -179108661646
85163027013 -246885041610
237311885965 212557263045
247031148911 -291543384201
310204304464 118878493370
156842111448 299168499131
-43346851217 41584426725
8381370135 -10179181521
43784817669 318607404540
-279740558616 47683457168
246729671653 -166544278884
66024305907 256078459221
-166552516792 -6677300944
-15759279349 27227379597
-470307856061 258531936863
-247509178758 -147237384035
-30246469554 173767217235
-118011163702 -64510957984
-155301684201 -194553888113
160178282011 146053476326
167134436007 120601751592
-151146108950 87539335328
-166567274099 -152989053879
-49996681740 -96722669875
-309887517409 -85844276138
-22864661337 -231884214335
-239116808042 -237284844835
-75556166353 -240205076881
-242161979189 -94022592471
168241350896 64367291542
-440765953891 -274348140294
170207843967 133045848674
247893424845 -331701461009
-364640870072 213073003060
-23633418890 -381053058756
-435609018072 519394469880
-325668369103 -93001356114
-23283801289 -300336838944
-77787486611 -64464591078
217873125870 348555296873
-50077426073 183851882329
605332371895 -119758136283
-95468568342 225935559024
96067691192 -232540466172
-152705136771 -255945305392
204210586388 -143338274397
-137480667414 92657226146
-209152679757 182461563999
3938049948 437601551760
-203978509977 29715641838
-62262629940 179432382519
-17724460919 -189939613973
-343759176280 278998722204
56048427590 58595931392
335636587 60301342805
-397250633390 -385673360219
-171910488715 85463713651
-252341919081 273294523536
55466847080 59368935169
64217709645 -306229668216
-200412514644 173554257070
-146105484814 71771452060
90339360361 -10027647134
-73489905452 -426954875208
163820159604 -88217962592
23791484202 42518911638
-87133823569 433430729267
-88189730205 165021457827
-153323801686 -167705773018
206542611528 68081857635
119196158003 163695401838
-351418769206 5674061521
-293278669216 -22542674207
312429522524 -229749670141
612402412568 385159740981
-138531133841 342238420545
-10098572033 306526547435
68923916175 -97532938293
-396984452308 -286118882989
-75226896074 -98688809833
2231145940 -2071095643
-109360518179 178154667775
73378846267 -186633791704
-124587524815 89696022614
-85157079815 -333570599905
318302350915 78443101932
266827113863 49947602575
123384243770 -248938169331
-335249319077 -446935332904
426447101133 -264672151184
-196253243757 43225066099
182945654787 -291017143085
-440618194207 181778508333
-21232962816 224674179398
-41913400150 -327679194573
203583937623 -34047762643
-24866194457 424516717057
-156149719104 1601828993
-35368594751 57897617801
100404293552 -85650618470
-31955435678 -247311356875
280042383787 -53508506496
291655531895 17920073984
-295898484444 -286299732155
-167761288979 159463700767
274336863285 7418089729
-312292522684 250280623210
-55719743478 -282593361283
-173668798604 -340197013567
187512282198 -35172180323
410330992565 369565734121
-391272972931 269343226668
-167219699539 -50661738208
-223955865213 329026548504
83443772740 -232600780900
188939312272 61425537659
-159970985406 160188368406
-286704590471 -308906822409
-68813474221 -50747170192
-28617233303 -87949475259
117831243136 -104632792278
127723423368 -38859456090
-462359209472 151177346856
265269325240 -116412211385
361615756067 362722773732
196813454091 -233375224841
-216443627499 569579334939
14370025781 69240916048
-223705386760 34268518816
153961514906 -371413395222
43273379642 -102110007413
-411506001466 -293503723435
156176294944 196416422767
-9610625996 121046110839
-207039009140 -100010463744
-208450923586 74618223987
-10914849089 -35719564229
-403260912613 -144438687248
-164836110209 -33625454331
388635022793 46823830736
-86216730802 27497193832
37414048610 -69972988983
20831729907 381844666350
-298582758494 10808256477
68562838671 116823212371
-65745019228 318946479579
-96636982812 214449673491
-390737102540 -169937437784
268692134687 -355412538874
-115589413952 -129713075613
168245326594 -468833137517
-305388343290 -156970140240
94311604245 181445027396
154110269656 -391333445255
190974570630 -140802228641
336684290145 198103299059
137867906004 -153766249399
20485144803 72178014234
-88616471727 -238065589578
114896835266 -92939335290
-579141372589 156330112323
23488497440 65623991350
142960455508 202599804532
-432366292215 -469966825138
-167450381807 -52398776474
61999710104 137231953905
71487842287 -119414214545
-5746853949 221494009668
-189177861962 398951449622
-16762557887 253180669417
44923382455 117512024109
-168753575498 250518261940
497156620527 69471888375
101050112519 240518278741
232402900521 -321177418555
-34708769138 254191113854
-443708688810 37588805705
-445272262772 79954890579
-213338279757 -216274742209
174043553622 -86351649154
71797851790 -655808830811
-256003480103 -117263857351
-125574261630 -370045009534
110025002958 198987062579
-152240936129 63179930982
177614584347 -226609565159
121215914908 -112292880963
-300028057937 -74268008123
-274587784161 -28038482532
190517826008 253495294249
10779972561 3056177194
-84192604469 79906638557
-221997633454 308356082070
-316260257991 -57640836585
-52481891746 -248823045087
-9560336184 111217916478
123680379531 59183873412
131770970307 -53571730620
-163994127862 -93447698486
78619313225 -282642948541
-168700299752 223388079089
320069901124 175732270659
658954780671 -207736280835
49537954782 -311096542078
5442680127 156880337034
228769477145 33774538409
79833343809 237455745743
340305975025 287824555625
55228115910 476646260679
243553432403 -220517517299
-203607935837 -103892408306
-53020349162 -160692343410
48806886752 177658902009
-21424672665 -285558849269
-282567033870 63995966706
-53074650964 -299450593911
430451595157 -32628586480
220524555552 467089346833
86946316981 -15215292482
459947182426 -272912783627
34416495324 -173741616445
-38286111961 9799279435
13997549436 194632111710
76690225015 -14804255932
-119238659617 20396202029
-138219690457 451846184819
121275805430 128255798081
201763435099 -25842483264
151137371032 78464627467
-416459765163 138945812095
-127321790624 125544051474
-257296081656 -437539847800
189247223467 -56003394
-113452886179 -218546248195
232038954918 -229818889299
261306877913 287618514593
-64421661984 191057821674
103877114778 148326211229
572539367610 85751264197
66677037893 110318707110
-376962565164 123794324247
31701234397 -55519968952
28237969796 83461772077
-147912931565 -14523066404
90451201851 -165402425623
154687214714 -2628764381
48190777607 -679668332087
-302952962935 -123237213099
-425655928685 -66633064932
83803404975 -35101642751
-10900081884 -131011228662
230835445451 115814853608
-17325488084 386023128932
-217429438213 390943970785
-190979361465 48499230738
-187509546055 -226792418226
-34507703333 -101456100186
211870605973 282337837195
-435832451548 -74518618649
-253493303400 35134809674
-119640048803 -358707737742
-80502458840 251246205006
319063631767 264007674067
-153915003444 343821674835
285316068330 22361602399
-163039309053 11993478003
103504441786 43020919301
-58625890381 -469655298522
-295398225020 -136844611643
-355285442739 54874873022
88292977550 -100611437755
55365723388 -194156390972
-324241267960 272089226197
303470621058 -280523414279
80383832990 -202213208397
-57017358510 -193005880828
52808055370 -199255612308
-161904354952 -193477204754
-426567957656 -91897105304
-7887115587 -489929500645
-250498123108 16039477214
410362197661 59586777610
74295949144 111470078036
62310902789 -163611262547
351323451950 -269735627535
-125782812347 161581266850
214801514784 -270897546828
119631673671 -134670200527
-233068651964 -115618608636
31413140219 126224585215
-222000755146 167791005084
231460689792 74032737675
22305221001 526779098191
-152910486980 -222773500488
-309220530714 29905110980
266577050624 223706962752
124248326560 234414461421
-76952224641 18650654044
-225648992025 -362793415729
46283397081 -14869546355
132600730318 -139100286342
-23871153979 17495997807
-532399271484 211203722446
215221120792 -302496462641
-18320935533 353903800624
217257874994 -197397823568
-172351490873 -252234806172
77111532104 -144895412314
132714582451 9100399283
-131522795887 515822757603
171292210801 -87238038738
-233613817715 -168371046019
77447695242 35197259171
-236095552785 -168829792340
-222971458395 113427933742
513992170348 252074167131
-162402306539 -151091854656
-231989483352 260076513062
-223720975242 154217188690
219241411668 -1227855508
88989079829 46845176172
242430028631 517299686938
116415262517 215401471867
478311136192 -292919682924
-121824151599 -25980855709
-71412255164 -172033350947
88564296165 -198943334715
5773551660 99878936435
-65979435775 155511460432
-25302402365 -3874141625
-76641050197 -74819602752
146329977720 443710043666
546940572132 57360314586
-143850693264 -260039805024
353382927788 -127558776939
88594297558 -300119244456
-153759247067 -36688492993
346376797652 -111879496168
-339865552942 -237699635540
309316490008 -50556447775
107416075494 412919605892
207847049601 429256843730
-98469773543 -230841956490
-91199314583 -8477670125
-272531733204 220588530501
43451742365 27532738649
-122664778527 309309160078
18600667266 -224499723440
-382117567517 34172063033
-80747900321 -208558965060
189933979654 272731026579
-96161257561 -68022850924
360197091514 -187529629409
-193145272641 351433166936
99533369743 176755521963
325698594472 -99384450939
63089889990 278189487128
546611084006 -296666002437
-71353123085 -166085135090
-95953913255 44471563953
215655400930 -351511694654
108769334109 -177279307898
130411902287 79812877033
343711633333 155967280383
-162488548537 166562677498
194983171144 -93993686502
174280428502 263056240204
-257869705437 61690413406
499850953484 255074974919
187403537735 510160625885
-52764791162 150975534255
35668937464 127981139681
-43092565568 -188843817327
-1022542877 183505691856
-119312244252 19965733856
-151796881702 274839059477
64570967587 158986850097
-30946156931 -253886858470
4587595444 -246969520811
-219153054710 300681017870
-53954544769 308857744528
-41422021883 -173140308928
-135902775183 467896950745
60213254261 -81453509313
38515963966 68348089013
-382418939518 -173747030778
-71833033391 -128862692800
216968660828 -86536866334
195971555542 -392619048429
-540052733452 -154333374933
-268980318230 12086375256
-261289567621 -120201943877
-366642416284 155863240498
17283143583 -14260086165
-267948841744 -59421154688
-207200932092 -358307603096
-12645682529 -15527219967
144209215897 -192158947583
-206318093329 40204318998
-60407323030 -338146241933
-157557297953 129206905892
-364465892651 -387530081306
-131710119100 85723380750
-162777130378 -34263144068
265512084956 339903034291
-57553962554 -167950655738
-498627387287 -254449600258
232690510276 -266037977266
18128928552 -279275043029
99627818120 -95441462502
-344742417288 257648441504
366582186358 -219382210709
-130973726047 78114258621
183789833647 -393835270224
-15370716076 170048492979
-200218396674 -21826201243
-18639634530 -310196709244
89262312739 191493963444
-189158445423 49570614017
-133857425549 41676405597
165078873377 274643940582
77914727816 237402622986
-73993730518 190050131736
-58917923490 -207416081108
-290801767118 80446623867
33574904630 -121850638975
-200917229256 101044459474
171057669642 273708585410
-358023880227 -313463367080
-92999042616 53433260055
60409161890 118393558038
585856481989 -396642205427
163809002256 -179021011537
384029846319 175233684304
-246032652430 -268335432160
147801075905 -371917681548
93224856817 201999421792
-289920988582 40127210279
-56666905551 73403256858
370207869904 65286407671
245594558458 -21841133445
110573004069 -28540458128
52512843419 150775783544
-426348897969 104637005872
93406923612 -36296407068
-214036940680 -47949427797
-72955209227 -515348821576
48538228775 454617639779
257397265628 -478307069645
229652987709 176923256271
-166156258247 180063139380
85683616480 -83866960521
-480189988463 -119930338522
-174471433393 47274733776
-24957113267 306698642578
-179197658668 -163907092500
86204013632 -175019356478
9688266727 -299750646065
37147967238 166551831257
-231485870029 -224464629115
-135513096759 67626803015
-457192334469 -277203527503
125625783140 -126699752863
38299876114 -203960468063
-258566211230 -9310827445
5181449366 -84118829796
319837032026 -154123040762
-595287318909 163509059116
-228398482693 -39616202902
128215453224 -99239285544
-219505649444 212471727020
103560523038 23000473512
163852656987 220665031316
-11391506905 -161867984856
22384764035 -623997121230
-119728055270 -288645761905
371953652751 -91613028501
-57681946237 -205529165043
-379128934378 174118034355
-41920981113 355431632098
-9033663152 -46156354471
-477127575868 -13170001873
41164524164 -33350013326
29715208824 394298206723
164729523928 -364003951089
-30924991763 -446006852976
307977293788 85046797937
18328530653 -71036244493
57997185522 237280569694
126572417084 -47423314605
-219362180456 -25953801005
-57289265702 116147809384
-84752289819 -223917590418
-342506946924 -266588748045
-364140172916 -113666591046
-177090633055 288591637445
-72426416837 -367327993944
286230368439 -64019159150
-84947524201 516895598751
115707320216 -255692696741
-342728884704 -191681263221
-275722114726 -288203306139
-199567806603 -292414166596
180026094468 -32090945357
532990004240 -48572537877
187747238734 -133707110695
-22492634873 55161207539
20602353344 296545405739
45107002221 -171547676886
-70165798419 -25930021430
-324021536537 1630961912
-371770585689 245517260283
152797439711 109841905866
124059960775 -256450108514
118683904275 202415603906
57070969354 40841105625
32138889102 17915588501
-493080110547 43621339853
93137203181 127525543872
-367499889476 119833525405
352155490427 24103040298
200848051770 346426845471
138793876764 -187700669232
-339597042905 20747206221
31881463448 310593075585
-49811983106 -403349198022
183921828443 -12541651783
105672340416 -303903016696
99224928820 148588013399
286231931330 314048685474
141306567552 41996245075
-302905253713 461904910073
-9432949964 -31176831434
99813090011 -85199658233
-26136565797 229695003184
224600371078 249820579038
74544200014 -146618007279
246535824607 201020834943
-284966096967 -181700367917
-542438821816 -359260998863
143885620793 -100837639601
-25337485004 -110244936423
-54817721062 -202756109130
-53640620555 -97678728080
72628794028 -112673082091
-174575552699 -199232173588
309034024374 -367825441818
48661263965 117551256090
42742531721 110378796889
188748499858 -312583444406
20543224633 445918137618
-178816657169 98379143933
76709723981 -71859260623
455528824484 -381254140487
-301995452189 -20405503565
151414466620 179405190040
413853302410 312039305540
-18737577177 117452339463
134258761991 -228016769259
64866153921 -76154705639
183580132852 277991452339
-194974310984 -145281973402
-107467140191 114999512295
-510202316140 -235939674735
-278470282308 211825172894
-106691254508 -132619447267
193169800659 11812418351
-43422664242 -317285510045
-130646706071 270089084612
-175105529384 30139880142
-348282226863 393600478440
-173397758494 -171308571497
257138727314 -364172821055
175066694237 -132934658456
-54066336961 261644343111
-188813702212 -153699537461
202392677881 415179730829
342911305170 -37442335068
-158124046655 10015068713
96513463086 -303802771127
206258912147 9608834144
13064859334 364198034014
43865796164 101978129398
-278768661463 43771554405
-312521394662 213308324720
131466334203 -101010534167
-22280670265 -351223134405
293405243839 -62103314234
64251151114 -286663249831
-192153400696 70979849281
577935732842 -130172337006
-192830893193 -168308515701
16354823714 161474727722
-145250720151 -259182263970
-143375310213 -109155456880
-170525521278 -410134528653
-42989803901 -67619182702
378791561300 -118780495504
108462412311 -158617806354
-67901631368 -89583912715
-2864089688 45405615880
-244806252620 -60241269215
29539053505 -96512636722
-32995876640 44547836611
417268879198 -354562092569
-296825769380 -136895491474
-180762603869 -268480073405
-387427918427 -162915454988
420209477603 235057537643
205670897298 -263507273031
-185623538830 -178368445542
-26369390923 68034756645
-104278815977 -480787187224
102147539206 137042523262
-203698415204 524420825581
120710182218 44498226691
