# Packing of N=86 2-dimensional subspaces of R^20; each block is an m x n basis (integers / 10^12)
# m n N 20 2 86
162063800241 -339906423303
-415806800011 -145179626220
-128710840071 57792877701
86944171256 -366114897665
163683832420 6355645508
-209326131965 38731554347
-265441268628 -134447982042
123099272971 155110102106
152552836984 88935880480
237355189736 -7890323070
311216926982 208346725299
14967958309 -341102726610
378878441982 313223232791
226482149604 -254021787783
-106477457348 174725274707
310134112283 -346015960175
-77652867716 -162085296754
325428095394 -156595722191
-171736511007 -112137322160
3401394985 -371939089183
58261699834 229725399416
-17368955558 188212496533
466229383773 -519289054501
169377630746 -95151867866
-258388413382 101999398407
-87940646230 -552734333240
113898630741 15287913300
294929590461 60136894256
144074298739 -16854043420
37782639807 166978561658
-154898160093 -279343381657
-424532991524 -141273713681
-85820094387 49324953981
-10999280086 37275782251
64833889518 31272067284
-53828584946 180325406220
213209959832 294969605099
389282907252 112678266696
-361791776338 -62697250288
-83091333092 214962996867
39040508695 141781782023
282721210022 -306257678828
255798717107 5569294935
-294565830868 -324015674629
-11181869460 -15923901619
-103893796109 100730429970
-222040043232 206192928675
-307077685892 -33653305700
-334847479107 10956097536
241884241341 -173481511437
-280753415735 332550712773
51044994027 342676253823
198524256225 -18489118849
-264829732539 -98343730724
106098290384 466384226907
102297948355 -262667907132
290692029305 220891009895
-279570547159 -215439385466
-176008576621 243589254513
-186700989618 -133195942940
108248699425 4512214962
90618876972 307385591486
106032999712 -252971202933
165330215919 138362493731
294860894810 8885169644
103728509447 -409696171749
-49183886876 -47951368685
289633849297 -94775276963
-372364232037 -288771440531
-144319775283 76789719954
-15175477044 -148338969312
142489813374 -263814120824
-215394336891 203730078578
-473967941151 58972890436
-229080025782 334942064877
196215023662 -196511487199
222520801602 -121258779179
-235011303362 -404997343526
166938945899 163183218869
-287809438420 -247211641373
-32689629861 22334547524
201026362045 -74355588846
35871746646 -309741789525
-189743817233 192382223440
217868893313 369419997228
209218011449 66484775446
34153913340 72721927328
-105842187738 145009490928
-563052362262 175132209512
-151216840915 -229000929838
-109355795191 -63438736640
39735425420 235123965374
-4081736374 -358350489342
409272200743 -34074739718
-21311568435 110713854706
-422769556691 -284489684407
-308996239321 192507204828
-38074884446 362010311067
88148284523 -327202426706
113061680935 231200003950
-137294702466 -54184867337
305100143799 353212138029
140405584614 -95756889952
459210379342 -9204397470
7656594398 -38703104979
-29272396428 153054117671
8776090672 270314366650
-466494634146 -172136841730
281920258936 247528119822
185816856153 -155421036302
-42901231798 -131336195514
-263791820708 220950627457
43495951233 297984176111
-176457818753 -106097228269
76415535845 243077162667
-292840061 -163116429219
341706972736 -512903182505
-308665097326 71918759546
-48926441791 286206168433
11513283166 -219161526673
-72461605030 291886124382
427918579372 260651356088
-342543559543 231233199737
79889695749 428271254769
331539513716 29743963679
133556097663 308275544530
463226624354 131048369777
383544074247 -121806837353
-36393513852 31311246806
109254571057 -400272271915
93318277871 135612743582
-45752289907 230262158593
-57436372558 215292844334
-57879648815 23494897020
-180457595933 -183594893304
-130540284039 80354899649
-86173798711 222086489808
85486244097 -323186306310
86261922844 -22380682831
309812274512 -89998528114
365770348313 -323188958891
-41735524617 -28920309673
352582136298 101203596960
29514825176 -32210035553
-59240409826 369707856879
-43976783607 -100497620456
128447420530 575315564770
-18901497217 90672163458
174518389353 126157505711
315688630045 -273796319460
102997277742 -27332213268
169985878107 -76730493771
-440498638239 -33091190322
-122776490832 80344235181
-67811841978 -158124325751
287767167431 -4733541283
-357365052289 -466181114078
285623885826 -173966304055
-180763748719 138975912268
-94223563665 -21110311174
-9731275589 -112194221472
44863714416 294835040232
-112752770560 -204686432800
140693884831 -422185612317
74041197579 16253797353
-98835541920 -216028589625
-510945373605 236368610137
-164643027976 -139006652514
187638953326 507897061483
-40465182693 -197112164377
-260329301525 172932232626
-114488780380 -160637750153
-354070425378 -21435605541
112425214031 6961807267
54757020956 364442724964
481420854702 87053036227
187807253987 93165885620
174563229516 -178244002000
130634009665 -145252356628
-297754762307 56970266217
-96153740339 181670780442
66161567349 30557059079
-414481391397 -252029182896
-120609910882 496036639712
-173633782783 226879341577
-62414733072 -453651572748
343818991808 -87880361606
345151904208 -52301888730
24362199138 143214226318
152977416092 -165686941685
41514929400 -118417879936
12978278929 -200100778523
-64215666363 -16805862378
-311249551414 -210274536582
-219440865024 88505359685
243530940735 133674140301
-397121217693 -218015263498
-159480495172 142581464010
-174143161014 380519717472
-284316189821 62271473163
-13057855918 410345070876
-95330582973 41753906309
-53432595393 95016509637
142402465058 -266115819906
151932076043 141033536263
-297806610890 -133421850951
190091157113 273520952863
300050592703 -137154595229
-480296266937 47368705541
135399128280 253898995067
-299585469093 -382949273788
242569612916 29810664511
-163260501371 -67714589880
-271541751531 -123303935954
150203696676 -80529646182
106883817134 -83669441484
-253370634802 -116402040620
317470491038 -572209974392
-172618289144 162126922255
53912431363 62689342746
-118881085867 -82863565635
206648416206 -403569441279
-122568422832 226652554427
424209846645 247492056607
-54845741412 279782563938
-189111561950 -213936026718
-154153767471 112709188558
-14650140089 188917187652
-105868273990 -180154117359
-67946266975 73754244894
394505993814 137417772045
318733369150 -67365906508
-148350793024 -414157445708
-75897575303 175128173028
-64109753572 143981071807
214115026871 -421783768782
440378621799 -88901269018
-61432672478 77501511522
366471384354 140078117521
51521332443 -222541005172
49837944810 218935050256
99945945972 336437671909
141745412364 204721088370
67122909379 -87295896775
-384831893559 46836068982
-10295964741 395860419010
-269446753142 131425216025
198199660557 -157553433726
-341186357691 -14010626691
-145774386566 -97784625703
68763185455 199672431513
-8431652713 -32580128909
-45234078569 215714692457
-154682237877 283023888484
-324952329437 -185533008849
-58213374196 387095714137
-457682875043 -209555050920
109384110618 321464017615
-293585262043 176257982416
-343219148898 220095782504
-257163757904 -379355092952
94930125981 -140874648606
14457109944 -283880806030
88086432531 -85313035971
-250555797405 -99733278628
152346820049 258819730914
-50901051968 -89605261452
252378114315 -111012302309
82555831900 -42664677262
105154893795 -209745001662
-158079735139 -262586808963
235883489383 398445231598
-54487236223 -129495831230
69013410225 95146136110
410806846342 -3861627474
-621952836359 105333336757
-201187134253 427950761155
226776883506 -223000458956
30200421544 -18780025148
99874047244 -327735872016
313279497475 -238457290438
192181582170 -81234621747
-23423612293 250089985014
183133588406 -139171194180
-76673629999 98038751247
109821887258 381664624469
32346123347 119079108378
-468173551442 -114268614780
-252998273305 -412297470102
44444773623 252748909180
221205641095 -75088677492
-6731371470 298704921158
563817886600 -330531245077
-233147289276 -283933185311
148956780989 191641047427
8363554322 -76430441603
97426343087 -102592804109
242945800462 114263036613
114034065951 155806971329
-40961049894 251158614152
166078132698 -62375404487
193298984997 203832861837
-79063026493 106632797217
-198198997476 -75718424799
81032118326 231762346434
113342096029 -407133497146
187203077714 -204078319120
190127906144 24534203709
-340817768495 44532831422
-237584329165 -622513964081
-265723984744 303197215476
-165707142787 -246229539933
22153531231 183452658075
-10481918138 115155951564
-298563876781 139530731002
156677202491 29246064541
76965823375 -234148291757
326213867994 -55472741826
-323266270872 71699450600
443974384560 58211249185
274894331396 -368401219164
75504055660 257640134081
120992297284 -105637094631
-106503207827 120531563045
-676719397953 152860166101
263676806984 200434837344
-100018798512 214797715487
-155101304136 -101080600421
-63273890745 -168863121823
-14664094230 403477048228
-116472154794 43125048613
144201601529 251939107908
70413107670 189407523080
-76092526313 164080929779
26024191319 481504052657
-215351029640 33361995734
-84616810958 -25996034821
-375124204873 -313782090731
-33333252110 -27923391718
292995273433 2477024304
331863609879 148275351150
18858419477 -22610088961
-435759324145 47878109164
-256247596813 92015081923
251656547697 318767735049
255534653599 -173822434968
127012898745 475288436178
155995145242 -302086448679
386853202303 -219337669577
164924834800 -253876816583
-56379821853 -390596517515
-64931132584 63159976045
-126079678146 294231298154
67794348215 -94161186032
-22014234340 240419706094
376941831194 181152307357
-30458425887 154682212438
246087123872 -21719866721
-198207612379 -174864796533
-129541626948 -87247913677
230582887090 -345204271812
143545205119 296367858869
-19809131973 303121980848
281116365029 78467234639
100313467907 197296670547
-226703997971 -135686369021
-372947424992 -38064778224
-22070750153 161329235680
89099794851 438745626906
-106615072559 -191415041287
-302386788550 69517207113
539007219973 -203814753926
-201933805227 -2001587220
-47685443281 -97490945479
188802662913 -430190278622
-248275263687 -172583188796
226376615899 310237808436
-122450906935 21554806883
111644800199 -103614892167
-159554460223 -53211164160
-128105935519 59430111253
167130234511 -98661502954
-127055009077 -265015489554
23033581126 -93672916002
191022323383 289622856951
-508225648667 357971595194
-321584970747 -267697013294
379832377941 -60469976907
-215197397243 -467658734290
29295511144 358519497899
319155824017 72971809718
90650643909 -232738600658
-192286586926 355070741967
-213679305668 -3738168218
-288684306825 -193274391700
-38698688874 -32247116393
-190648834153 29633445696
68510918839 -94222414439
-8547933170 24261240733
175160938100 -197030518376
-44051591371 361705165445
-226706558046 408441342332
85395487925 -26422287896
115753666627 111501951236
335691087416 24000242335
-88594096895 -215938233467
-100000003696 -29777517015
-319444373688 311568506168
40966937060 -351834607983
-61782377076 28983753004
68489304715 237333813685
326882211551 -80877343339
-159260916735 -228166429461
-117893954451 120298085856
609609548965 65271057187
276316688268 398527337696
113466264746 195006614373
260548626002 -99544803684
-87909361700 -279030825652
-25021452518 -33767924669
148795905103 177406444854
299957732584 80375009460
76768934196 493892867340
-443753657587 -362770104458
3098926726 -66312324476
-351477671047 50596170027
-449667568219 82161335990
240745876751 62153104993
244075927075 -269637951725
28027608032 -164556133890
8024876596 -178664567269
175541137553 -225969006025
-172026663083 -296350423991
243586794662 -95912724711
154157268301 -195789982358
-28957085529 192934885034
-3806151301 -117209074593
149997509040 -321057712647
271584121758 -172107327324
-18128952397 -259191003790
143179999007 -47395334313
270442833510 -13245308080
-379359555738 209359397433
138157850776 -258411494212
163298515104 -323524591487
51597792637 -215593389883
21436338592 -101587834959
-55663110115 -18502647495
129936943972 -172814485397
63136399113 71640989116
511219857097 217208194515
259230172773 67423179321
-74046609992 381512424864
-271040681699 -156949041026
265365892178 -303033893618
88394544585 88413840274
-329788448806 80069785112
138538152523 469078191503
-198414034952 -187413560871
191197408226 327163680754
274152597638 22899473038
249155033137 -171379863392
68596274997 -252882117656
173546012121 -21560701456
-24803635709 -69332654963
343597548313 -110291500562
204447458545 202169350050
-217054236718 -7919918488
286253676252 5253198968
-189452393523 -315010600127
205010623568 403020594926
-347854963666 -303784823131
-73638847851 60878254434
-150189397531 -468938802564
104806697478 -211749239375
225663851613 -191346873026
140299215291 27340495915
126919721751 -76133663045
-440105557362 372980422149
141821390353 -207592075145
-73666700573 21227526073
-118332945925 -389008732857
-19864522430 -82720342641
-199436039672 -363945405413
465480669877 394143296268
113597523882 284443417266
-249716854829 86945055916
-289928452490 73535496040
-55170946054 -43278256068
194933202092 -186182940218
-262726052209 149175984105
-9803090565 -135415956165
62059897960 -47585748917
190068807146 196896765021
-47721436479 -41098538027
34838962012 234655624915
-69711115218 -89826367226
621802718268 -472133458908
-120227068251 -62564329601
69441965449 223366427054
-222795102905 -23782680175
-19798724030 222127995395
-196660406782 120472820337
-260741498500 -247520086763
-253116019498 -180591621595
383198711660 -479265285683
1962744694 34324398361
-56971915059 190671471405
-220326113467 -395417217400
-350736763900 284200218459
67809064696 32393989952
-76693522182 21700423919
-60966238758 -256650997987
-128747339327 18385449107
314749201389 8458826761
-141347312556 -396312058867
23947726564 314739241246
80228657920 16858129232
-216262901520 -111142512786
503975980820 28041022291
3712952581 466835206198
-202542782491 -90578524748
-57670523332 159326823898
-309355285017 30259422155
98224078581 -13890220097
75026115878 255531027780
-262859338511 183214153518
-274220098944 122656991760
-224818142709 515998521457
-11668706578 212351416018
-83484984765 -318594441136
10571690221 184191270460
-509511333731 -32721507017
375488837216 119986464387
147456352167 -159784322984
-31043837246 -137285503581
74208094559 -129249003466
-23102947715 170688565643
460487294204 259322258149
34881439147 117253531362
-333368451816 -177429589014
-84464171475 271186250720
224892360159 -236097535036
295380392329 646764598663
-455006472007 58572603531
-99226070699 289139905316
17306233845 -251312407547
-59050003205 -56378728748
291561107456 -281430196458
192047481806 -244958096090
-136075373077 -85922200706
195185044629 20351550259
-251866533970 -126040234765
67868228053 53258312082
-292714453812 201479877271
-171339052719 122871111066
-53348355977 65021512935
-103977778136 -36227649505
-384578242260 -99421903644
9933523228 175265272211
149776397605 -74819121967
15069840849 67403707806
259218151940 -184360051207
478264667094 202524442135
-279491511233 293107726251
-294983420715 252668954949
-156780533713 232895116868
369368426402 128384848324
-117270368932 -140117472666
-51091169879 -268374700488
-179133549803 291124972135
-113528112475 -140169598925
41974195695 355833285301
372324207540 175477011428
271852980399 33435711625
5540930185 -152643301148
-207721475407 -338886286831
-101375185000 169217533526
161253764683 -209288471221
-13227901036 -359459008121
582379096870 277734610143
72830630351 357533033171
-151280084412 -152250639802
-180877348302 -112338838176
-141098917904 -125624701782
220803015483 -36832745669
168087497521 87186307969
-111420628803 79799995707
176485112162 -17075669081
-155023764387 -175159953706
255263484736 -360119251255
-100072615176 -49289042443
30443857145 141735175526
317294032201 168988755494
219775099391 47966155832
-10709716410 -402491027692
-268536835785 180822579079
-178816246569 217328769712
-234944806127 335900570422
-225697503414 399166797324
-124188836686 267114657851
-166471384431 -140465583193
73091420940 347805342729
-19298223616 -119717388969
-142802989816 294071888411
280282250484 -116124827472
99565396255 -306648684683
-299084373075 -86100321154
166381457540 -353515205548
243128624973 25909299626
600890825276 175408822750
-164729152693 -252384242949
-339137458509 96672597235
-102947337883 297966385538
61594749687 12031120799
227913583587 99295581981
32610076519 126479482549
154952631439 257892645567
253406580459 -11866461435
84821926505 -401643718466
-180103804617 -61329218427
227994537380 242919887320
-204217112640 127301593627
-117106935498 216103640232
111170134654 -180491024197
-278786184140 -165305664368
154868596750 124597457836
-77858084111 -496182841206
161998134837 -285173420796
45846588360 48836631523
611416318622 -125667736833
111916209570 -114112429993
174522265097 -223793719301
48796809628 -3391191572
-358555183418 203089071227
267044432034 166741161128
-115867107202 -213550616171
-4830056630 68258048216
195511720252 -125746403844
-202356723664 -504931918728
35086292304 -193375242461
-84809243797 -173745702981
16001210263 -61965640463
-288832989148 288725408763
144052575466 190432615171
-66543989390 426029084800
-257627935877 -152687226252
-13614786092 241936826277
55723000378 250804212068
-15765309903 102797631539
93813997129 -145538509336
-122571731574 184371153434
-238220050083 161079538476
-68329918378 364264963874
-133737409486 -392177487001
-79133632807 -190325084512
-5682002392 209811274939
245985348845 -17699794444
-777944614135 -48836856352
-194103214122 -146895834557
-84748879963 -449414714255
-374487663565 137899655209
407258973341 -34099443912
-146183364183 -407918806953
179791423949 -66649263480
-292001319786 67206656862
357127457779 202124814480
-185858630436 -201652395331
148330729773 -169670904858
-258300454443 -120265162072
185435888583 239343247449
-231077056214 358485433282
-39147273706 -163038622139
-156476526260 265753184808
186287793585 45157014369
2633116967 101219552434
117806898955 -52929837574
-100018234008 413104654904
-145519196798 -81589105032
-321534367765 48155563011
-150801287133 349947894875
-45684665441 -442207619097
-112607017160 -335174212570
231274095357 -114094259399
-277176669687 -356086016603
-30257186302 -228507193166
13372599391 240193623223
752654546117 -162225410877
-146389690819 55888000124
341752598469 -58758547956
32578568707 64214213663
226747012335 120733427646
26245600369 103484832041
-69387090040 -112050329845
17873881528 89556756606
-85354860812 48144518600
148738316111 170985568088
-78750182234 385809722143
-79405006535 77399558853
161725781390 225060296700
79525687068 99944102706
446041016892 136856713523
-9999524476 -399502135974
252261026844 -57077926038
-154805077790 -505400618611
129068965928 -328212779881
-243130305195 -244300966520
-143934761618 -48625795812
239648340395 -140866178913
-411668567645 56022449135
46300702237 276002377266
-109069723409 -163218709041
-182040736389 -63625705625
-174977192495 284293262463
-80244928309 130009473408
-230177082959 283970261509
-322471983984 42940136811
212067264142 165048817000
23233732389 156840936960
311311895122 -146030004549
31723290065 209791040485
-98697717671 -285000835948
240336751106 79607221656
244908620587 205314762737
-38653212849 -321349843580
-60092481949 100369561808
-290917238789 33223719032
-333426790634 -277512424859
354572303054 -148147489605
199616520741 90271338477
38113369082 -135416088962
-180534948743 -16842599506
74435087579 312610826812
-375508167388 167210204169
-395531760836 -99890255383
-15645823451 3133007667
-229640980500 -138648069664
-69989325083 364184085127
251499752116 -528223869842
216477372133 -139820647179
226782251179 -58142525669
-160343299967 -100135586078
190673388050 -612165864514
292785632188 56010905928
-237292308753 -150430325781
566388012422 16994227575
-61649541160 12930745795
101590369842 167347568747
-180263094022 -135040118536
116955875035 -68708251842
22768690480 478610949135
113064656048 140422996451
-253145798757 -365709358648
26015014475 137798617215
93732038846 -93468572151
438390055053 -122306659111
-10403712656 136592763060
-256689983824 1615857434
70889770673 -224736249616
115437575403 -200699191835
-337183859040 -60738380418
-140836781240 585133079624
-355249545229 108563568110
252737077754 -111403162445
341399535398 84406633710
-82571000372 280208743377
-305274352605 56961052916
-225688706278 97376083714
159044947666 -64989550188
-192938208438 97112756411
287138976156 230961292472
-129839093578 -51881996186
-273368299471 -508449333163
25071298212 -174719649827
-208317512506 -171762649380
237702447435 -10029100989
58109985690 59788013140
-131798279621 325860662358
-77304317739 -150658484500
212334548175 -102798421412
169212790754 -314393465164
71528737091 10786898982
142455196566 -29766523766
155838045803 -25132042148
206857256278 164805554531
423573173163 -43106124177
59138831893 166015942861
-70417246258 -108978584646
-126010545414 -132235865780
-42915459733 -243789938669
-322973177391 116621688794
332044468104 -212055460228
-2113770665 56962383842
-84366015313 -164053732689
-19479944084 365483305985
-211557803845 -250613739602
-83077760589 376576035755
22739089557 422547585893
-45862954744 360144270598
-630035944638 -137748303221
-336165602364 211834420737
353288822211 -116744354623
-7524370570 147142148823
-218118694894 288847827526
72186331705 -48198180389
-441974539488 -254481161173
185128436570 -212409990235
-114319928447 -267996144055
6656803658 -94002124245
49436490152 -388351119162
-270533349004 175821398605
85711522552 -117091014224
-74357259103 -486861135277
244924831492 -138332150861
-211663307561 88459076769
64528040933 32290319750
168092000126 -156805016104
-471923503955 -378390554726
-125773883792 -94815590752
48601955904 79488911666
53447144848 270304518540
133741466968 -240353623335
-129132799972 -219971936429
-146596652300 -215885190829
318866796424 68192445368
-346443788078 209822802343
-17300404244 442472819356
228172822784 -112497605412
91817543445 -110691581824
453522548474 109458789369
334991820203 130007988693
-213029120755 -214615622148
104037646459 -580206578556
-126277555232 -227879417885
156869115212 -11809386228
148645515907 -113044719052
170762578330 -114930586371
-425039036783 49327063072
-106339588727 -61441463869
26754275370 -94644011525
-154516443349 113187743280
31541619207 190860408465
-2729128657 60307937422
420055675070 -12769695246
14901071260 241986749024
358507173894 14908485424
-231658607977 231039855917
155844739845 -309004960733
25162574071 -466877406569
-92277636179 355121148591
304837527993 383143801490
23413297553 115036809767
-34647887935 -46609820668
-397489779929 153828361211
168397472499 -61735569080
-400535987664 -92766455125
276924900767 139427449353
-185755016695 3440917153
-34717794575 -411649229551
-170198089296 -89664573388
451283943041 7522596864
-35432899636 -199179952148
-24173725340 -394959726034
719736855 329501118256
40246177536 -85441112512
84418840194 68566605201
159310618837 163769592133
75330402301 197351915743
131196165728 -323568404302
333386044991 19595465393
-46303153991 -4269133578
-11225594210 -174159681108
286410429859 -117477929132
359515969039 169410663344
-155432928385 208405295295
47910858783 -309762305310
465119206903 -285452488047
-179270504907 -350728484294
-366971235314 -119704678196
56512938410 286002023279
154028178307 -362690899866
375551806585 352128936122
-199262946385 -170934551724
-54928649214 -174487119046
23749705073 78106428115
269190386667 55647194815
87711745869 -125680684178
25151934049 -456237077093
-82651719453 -127485973128
-59316717102 420430477806
-75655738544 228260359931
-502993602472 -103292511831
-264321650142 33962006088
-54345920943 9092377452
114001373233 -76458617520
296694151476 -219949882054
-407437848838 199134643176
-233671555541 -25300411239
97970187967 314482477958
195024009642 -34792495351
142823956178 -383202471944
-78433496478 202568559764
292202728673 -188165440691
-85569216257 231534350637
35895033928 -126965513713
-288024235569 -59541389267
-369748504502 -60216625312
187510101030 129940953018
-37821406582 19429780747
232889264225 225042729748
221404859357 167409040851
-36636991745 -537414987454
-46115853996 -190199826270
-503288655835 63382175556
315631892944 18370885938
-102578654199 54926224730
49140123229 200914336318
199662959174 -28257516938
332337774471 -35237282930
-17142368961 -478659130955
-301469122436 -248121431996
-311614627576 -74580343027
-314149555334 137587653923
100392809773 18128324663
103143053428 -85799618667
-187357513516 100655154201
120622332471 378826423429
-181185752981 150315363429
-340099279346 153451874423
-134044324084 307958496484
-94408742553 -23568931220
13348252736 -142399836721
244934928901 -257013693023
443267218399 278593388587
-194582615730 -95994367592
-3540495806 -461306444778
-62863362222 369490960783
364125629666 34746469919
150254195384 63551690788
-118019568638 288686042908
-41565304869 203294613709
54433526479 169977566610
-269967211145 162664534952
-26020245136 -256887630872
-249992441583 -8961002255
-74010192083 127274613171
-501708826277 84557270400
427904454822 47599062613
-52284327173 -348458737632
-349096341582 -58307116874
143026482639 -69982858587
299302757534 457813187192
1890669596 107589749186
56730652392 84868787122
202185759126 -384329814528
70119675780 -161140441889
-86393060509 338929782954
-312496240116 -183599800747
-141335395024 356767664081
101047026883 63246349958
317833932581 -220087380567
180676403194 109368072961
254930135996 398617762636
-15452117029 -459713505062
-236509376542 375867793080
172160727097 -172386890413
2198050664 11741962504
290626951199 -79190338147
14555682557 -294567782641
-117037149097 41493078151
325988684507 349870920618
-214141206697 -18949216985
-23470679807 -3505114176
12907893845 -220238934010
-97002024095 -88151097295
170143598591 -123084239471
512501675738 -17871967581
185956329445 -228499646847
280865637734 -40988648768
223228659067 234637481832
1879917899 -528737676122
-86887591286 -150510720379
-218862236439 174793220411
-250033536900 136710507780
-166691384413 -299283279863
-81922579677 -277105198308
186226750212 350180272947
117408709226 125993637599
-75621938520 -221425440774
-432622419867 194971090995
85027090177 -259448260355
-76807949380 -279291548216
-544016661569 -8881579598
-48114726088 -4448231312
-38636784520 -58308462560
472679716702 50682684940
123217419878 -238725826084
109363777929 77982879723
79012047143 47634566923
191005718405 -199785796003
-351893859044 85076742152
-57125139034 258858809035
-397588390034 -71790513333
61075540164 -313381995679
187370445144 537181854695
113430838985 -7122767068
-2665738004 -154448061040
-113819701484 140010305049
70336280554 193072351237
-76084657908 170860695379
-144698516262 -338016013215
-311804073677 -258383517898
100785068507 -44335628571
-474591098157 -37928956064
275945750327 -307215517287
255077069460 -229140942096
68823156866 61561234802
-196128887094 -140708985766
146475585220 -173198071116
-282853194428 197370188323
183862400096 -131265312323
-215038201761 348025978905
329267695557 -51652183568
269611926928 20970447945
-248072029686 -249158010024
-96063204399 -83933386849
-9945305340 -303551259470
-172098618816 283583531115
19412102161 -237178116605
-117542775650 -382278691801
178959185346 -427394102344
-79170358951 -40014893192
282007256093 -170248362447
-266597127086 -323889722892
279335933640 62182604876
224271152781 207963897149
228866405442 131531092445
-54128586358 175422422188
-148965237810 -28903843335
479003744018 -16767342717
20824027745 -114542722371
-496988987563 161345576791
-117384274359 83568881018
-1719705811 130968932294
89632367109 19372219503
-224896311801 165269305557
-153269275656 -193066136819
-298260810795 108877222483
-157394866897 229635133384
181620408644 -149813876884
226586706360 171672267423
454774142623 82847875096
-376190337766 -57010232215
38311431763 318319882621
-73071680607 336214021867
-117823548046 -167080662912
-160765623403 -124410003937
112934399403 -293598807544
-121137807441 131828996523
190577767704 619508504887
-167525353643 -185326074102
-37914555938 40971132619
-96391046042 186578683010
245379023039 51528037933
-279792108825 119291310288
84157509603 99167950248
-210504433661 -443500118497
-448955185459 -38559992177
-119663265186 -127943555773
-19552100177 289116775065
-326149061280 309167336532
-380517473839 188745696304
184532310182 -21267821903
122704694025 158337009411
78995549781 345924372618
303249838995 -6725398475
-101512655608 -494649594687
45730392653 241126199148
222912377771 -796304035
307397014918 -158256020107
-102943684064 231449186051
-188658747493 -76872167784
-136513127172 -240088387694
-287378311393 382302254716
-138975120902 -285853654818
-248565852455 -11820822408
-164469247945 -11198409342
1297063904 -143708118025
121983391629 262227519456
-292983133201 -83922018964
-245056538315 53618042426
220716802943 85015776891
50096789120 -291102326485
294713990941 243220848738
185034474092 -307475590546
100428999587 -463010740140
416514614898 152751356638
62321839042 -191877575634
-282021134309 176446370269
379941658997 63920562077
92222105249 203620834139
-20169093215 231478518131
349340344104 -179476360274
183616625198 -238320011904
-156491997416 -59779969158
-66963060692 217810394165
-12154151784 -545712619895
-9527578900 -13469086130
232601564740 -15327007664
-201853563464 126907553001
72359032174 -236287109015
-251016548719 -322084084389
330364956758 -46231032759
28866105017 58092571772
-132125577173 315935378076
-173667585513 -119469660065
-179588858903 -196069748346
331960188394 -35476506983
529403644227 -43158795835
-250437557508 -360380825357
19591331372 325268848496
-575535726 -385858999924
44276639615 -234412078148
142476757259 -100702505391
317793986478 -160075710342
-442455642987 -165917020197
1033491296 -123837124153
-20389143336 109008666064
-397403043386 -151545175390
68856020843 -299211666079
279116952083 61647533608
233816406907 -334234554992
319632568804 -96686465624
235241971987 81295727513
214020444046 497766387494
-167700131565 -85575620831
-155635891926 267152562525
185986034349 -96163949277
83810994947 -125155618479
296079075409 -67166239540
-181894526675 208939045675
111942449420 364718288561
701323206173 -73055426480
-82699025427 169942591465
30878319395 -313230852094
-182197026000 -64437453230
193795056860 492286518272
288566589234 -250248659435
92378393514 210135894803
-9904471346 330477330514
75690909514 97656865296
131058453867 -82758103539
117887153604 100189389185
296919216669 240087253533
195215815631 -219415181920
-90244257452 67407524065
97652454489 -195877527771
-248016327938 -119372992945
193251134757 9970974973
-111671081595 197558197482
-29482678233 -123481049025
-53940529550 -994386069
-111053652526 -116225580914
-361449469066 -192772361372
-470527368675 -68894110638
-220225518462 -165290159488
191324755723 84907124522
47880484821 -501203990888
29797941036 -125644591289
1032476803 -146186657634
25243783246 172078505132
137123942775 -7498899884
-462329825700 70356079099
92560442521 159754419628
241489726400 -493153717568
-196823687215 -211612123039
-339921839288 -32444547559
-156365311067 -73027591593
158528855105 138697804481
-199044829210 482391063939
-52853446719 8422293449
-84063363568 -20021878906
-196249508272 225962516498
184107063345 129325430721
1824583391 42215938794
-76101205992 57663188351
416835076020 342344197020
424296451149 -43230262266
137841974692 195631472728
-111546467378 78312156779
87095260518 247232452835
-206487099638 70191623939
356096488935 -510295409549
84274750478 292435205377
385618512901 -22907958043
401369777722 210714782842
50219635632 405309169181
99899216625 -210986076188
16863971829 -82769516018
141417230931 -301042396814
8582430043 227757327280
-21911939128 -65345052176
470328954803 221538178196
-65767659886 461857448041
-20309400998 361282882415
-175971303576 47564577826
-17267733913 -239398009461
320586385373 189029797942
32824292793 255673858887
-219229494664 -16179901637
28041637723 415921642547
214717779675 -138802733301
223681964856 -129814546609
-352641741000 361645031031
-407082642042 -44796927754
71052094603 -73864232564
-327133177070 -377649736
-290061461886 -118576619217
77291723788 -162464655549
33911403336 46785646521
213425567473 385981381072
-633496139879 115091555462
126539562346 -82750451193
140599884942 98166197846
-314647126083 -112359922429
2214177858 -392299974309
224881739646 432334718875
144416784999 -94533562780
140807485765 -336877051673
191586022295 -294222889416
46938685502 81230594278
-361589922151 53787183877
-54879562534 -18416278083
325540363952 -156553926153
-107194967146 -324666716411
118338250534 -160812678671
-43862475718 -259598057331
-20288622134 -26345890480
62458449062 -92760887091
-129281839394 -128693783701
-182135662458 -344063110799
-6578214226 13533681017
-51755367062 72373745949
-20928097953 394651964
-536576734189 340314366016
150428628700 433276755167
233346810824 -146811121412
-233624023272 270303292652
-406968984827 -177667685260
-2159323497 -109540395475
192481052088 106522318488
-67365395906 -133496948871
-147367225262 -31030485537
-47726695282 23370854946
-344060474032 -243305022593
63387858521 -86189104595
415476409381 -97053871607
58730715479 279270965234
-2605776208 499321737701
-120040292926 20905956063
-101515942847 -5731520677
-242136617981 117611293553
143062645763 117379414484
-153515106545 -508979273115
91692382942 104610729017
-58852161844 372769844128
-53614270081 94694479573
-67480542956 102558545173
-92733562662 350983469877
-483044341389 -425504300507
168700941986 -189277077491
120277261095 -126954705615
17414800257 -139222512145
350663447357 -114460500273
-488607910119 114589884983
-281937939362 -86105791194
82922901177 144493992325
-261560041052 282243425027
-101457597010 174008903449
-236209813365 62258360190
-596472511332 -55268513696
-374668108605 -339028318911
2708031355 -268422942002
-138454404115 105437145447
-225522429079 150501437150
-36736334552 264509789341
829110059 309614964003
75486172195 541597471659
205792993009 -167403878376
-355738951135 -8751872296
145725453779 -99131764673
144870721100 -326185342672
102322809295 -107136130804
-219970165102 22843540686
-58245700737 -82830504146
-5428859247 -79113716054
72695309209 261343004318
-234914218453 150518552873
-266752772191 -46450555909
147407688846 -233396274564
269798882305 -93105911167
-45548806758 -350014656387
90748000649 -230501854130
147976540315 -58188596706
-338461902509 80352014554
-15162544789 -338588493415
74607407583 212154308777
-202035531453 -6353656431
-323867344567 28500538808
308703631741 349659463120
202418467684 -153742382824
-425533378240 -154646316744
-30486172404 320708294739
-76336156776 -336597491124
216189376731 -415398083079
-351022169362 -74772612127
213649697741 -14005352369
-162664279945 29483219444
250005336954 -152946343859
16467945144 238271205431
164928996384 186600578579
171157411403 96137508618
24633052661 -178956473120
-86147035688 206904581461
105578430182 94673241161
147152200737 -298593903002
-552460093414 319405292124
-59600153362 -240452680299
-150644693927 44587414932
-116246694020 -26522120463
-115739727906 19617599364
-179834653368 377203443092
63985195998 113969841211
459432965837 567840344337
-72766079763 170578518459
311443724131 -17116959906
132304748162 100931606942
-349434960924 -122537999189
76828975687 40945811318
221337691574 -293401506557
-295620837598 178705649507
-45505621554 -375738917898
61125589131 -67342509282
-164178881356 -286328102489
-44321176617 -349847760626
114404807177 251169973238
-29164203899 -254070255294
-388936658116 -144896806063
-116155361354 -110409734411
-106902255921 107467652189
-293553983193 175916789927
81801949776 178352680210
-233218254179 152928682638
-206289923238 294627764492
-187393480346 -444073780181
485619604234 36532369735
-328409605557 -24514049819
-27066337015 41763293363
-236008763999 213777653245
250421961893 -161456913870
-142151864283 -120231638559
-129515909703 -301768508144
-46044476538 320397811379
46430376809 200233929877
262972210234 263219154180
-241118441658 35848720738
-38593655641 -220739016873
204163147122 54208997921
52326913610 -456618620516
230892123104 -172802110607
-110913725561 29963553745
-680117268972 -70210273057
247282798676 105281835751
262869066226 -32601119005
-92601518959 74980808510
-8561582864 -19985052710
-55940353919 -191924164933
-82722814303 -79577358975
318844068863 -505466404182
82681468936 261681435399
170964280905 108835474128
52758226635 101687781899
400980004054 11953162123
-27816745227 -105868952623
281298101408 -164245073327
85452779090 -536729344487
347248019114 -8941747795
306237388658 -264872113248
-211036672296 -195194740820
-239625713946 -335006260650
172042523336 -314305496218
133896841549 111318970770
-183080176339 -146067392151
106622475090 127157499443
337264528915 -79667451319
81186368536 -27819037686
-95252797419 150580964577
352486684467 217299834278
121017381992 365653589481
207271112579 -267281406625
-359087093935 -291514888837
48416352516 -146610946101
294726413182 226961921714
-26651110952 201597487079
27144665725 217013283555
349967156978 99150434019
206147306982 69250142644
-5343262842 -134284396226
131877908579 -109591109987
-9812474219 -513472256221
119517899194 -200915395014
87347806053 -247217304251
338050391711 -200443009039
-409200183645 362898929629
-16620542336 98850074734
160380315457 363202332001
409970349183 101436455718
-133825714527 90096519510
285147764144 -107120091472
31334198121 32069734081
-167736667825 134222558304
164596743705 -428506737692
-211792502273 -53216594378
-14312858903 -174602148041
56195752097 115325137976
12038649519 456295630
-239901348262 -244399643659
-49618641466 -14332061390
288784196795 -90486328667
-162007949463 -53779848352
264865202463 -69993273395
99145556702 -415090465063
203227589898 -187074284492
247630879246 -152802162382
-325499041643 -161909967107
-262841682445 199498552922
-521710247286 -480961252994
-118856861740 -129680064066
-279109411775 313620796791
69993257007 -180759580538
98183423523 -125173293978
65660968665 -151025164540
165551904628 -442578174474
-415387757774 -300614671521
-352127952049 -274350112260
123987580164 201547070960
-78180122430 -55736700964
182598011046 200232018437
250494257349 -213759375130
-9883733238 193495505559
301455978548 -123936298680
56923004256 -167045993397
391316091663 -212703021963
71514095750 -88989276794
468244555248 -125349168087
173437781818 48343413158
9633515751 141896217806
89097891988 -337456014871
148383852743 379000542525
112636005820 202306575450
-94279600536 -18941284479
-137712435326 -209665651818
-138409968218 168485668138
-5283882647 65056288133
311219474982 -108328630890
62680761648 340435239431
-52382787101 -33108624625
-187791584452 -408416356976
294502900163 3001285575
-401708248891 137685048774
10455063196 -31753353549
125284987118 -321072924775
219031512473 -368979040923
-12353028604 278182199946
269026048479 -56963356176
-223898215813 -212532371444
173151293497 -184190587118
-339204561532 -207766187951
-408955580549 -275994763450
-259498782425 298758102145
214485479406 403506553082
-375641599242 -244699438834
-303882383451 64538357002
89444647885 101029635913
-3889549909 570558446547
126333616173 -83736367459
-29264013009 183331662125
-420868176662 181235856115
-196415291427 -71090588866
-82472471805 -225004864819
121750914601 -277940084698
30058943337 -45946426702
140213181804 71077589143
-45163676217 145721091968
61898513778 -260848615629
-576329119073 4751673168
-181084141383 69078006876
30044001295 -103614543235
-2253262213 309989859565
-257079646646 151430785832
78365606609 177763150823
237133393301 303856444259
1959440722 -360140049483
-209114330953 160316810994
280611427693 110356994505
7727534180 108542548773
166585575577 -226867555572
-171170546466 -109903923646
-312578253896 -3550583821
-141445241273 -291895395139
-139243514357 87287403178
-499824220679 143688509330
-156700496561 53402720729
254245126987 4152295548
73122430850 -551356152345
-77415405081 -115534796991
461440036073 175544434115
-179890696693 292344598942
-158532604589 101884613604
-12672576031 -269828824737
114432775606 122854736605
109217183625 268357299144
-72986109194 313098543221
-36376281848 -21480112599
367955688300 -178656763232
-112430109876 -268966900988
243220367225 -58938986028
-228747905779 -152858088974
185361852824 152497481314
-37757783269 -31034369491
276144889784 502131235795
297240350530 -230808035484
-311221346374 -86655136058
-190163358111 132742673535
-125926705471 899902114
-197643378741 -447218015477
9328888588 27030571681
372389490974 -187547361280
403557321991 -302881220319
137330387914 -29920159526
-38022680365 17151753908
435685248542 -177442523570
-194621330204 191327092204
98451704893 -171080268031
74353064205 -175830806072
175626420010 220266847294
-297828717627 -13293386517
43661496091 306131141559
106585260025 -415665341429
346611875526 -385442817889
202495060476 319186263687
289701966881 -61593724692
75753886548 389204697458
185005284660 -23251408027
-72804677524 25723043494
222673909674 240090231017
168978645840 96813507281
-67292157886 -61852277559
-191938444421 29400265247
-461494615588 -278589580224
181848865480 -213554504112
48681455937 361271519233
-256578676359 131809144307
-589267221956 -118439355729
-8421946731 63404542971
-129877721479 195550269248
-234264149779 65837363203
13375452158 251502578081
-173395107044 33479500108
-74759149721 266846929690
353623811348 101378804604
-110467595102 -287324634489
320757292411 -162035424966
220550767008 611191257582
-108866718459 184408853384
-98109726639 38264063070
87937704608 -121714508488
-130826520585 231640317799
-299179333117 116448578716
138654053071 -12389038699
247990917308 212810334146
88696103677 -98352379634
-416473040857 -254372210522
20258534922 -83230873365
-254163951981 79946752315
324111879312 182254183199
138168624772 152565539688
116925349255 158939968854
-252067798245 -133747623114
-410122771196 185418057874
-122176688995 -169754325789
19608070976 118303675301
73488392522 350069900339
-4773925995 -478002042309
-155777874020 344169556158
86084435157 -233937123097
-110114961883 148847532948
-245942565216 44661271859
327448540083 -374574937101
-300627151435 38838387586
-252482543624 -26442384458
54321933776 -386686397731
83285378813 250772401171
184160270860 -150323016690
-101060709294 19757229094
213187326826 -102386940721
-17273762324 -145889298033
128466616259 36541037508
-511096758704 81911729080
292685962981 -141957436253
124170996946 213058805654
-154163054419 431005560551
342711832989 32638374112
260777688992 176074030059
116332454742 -16006526157
110463123892 479488315171
239500281847 128093248672
176251711387 -191910219511
10125720272 369996557661
366329217424 142861877358
87417742418 575792723138
179768055869 -49647148325
70232705000 72526576649
320823470832 -105532073038
-26665302622 244595189574
100660075091 -133834530758
-7157878930 15138328532
-48233328238 -218513747815
-348935432152 -45910071118
71072030026 69807688200
266445149030 -202266440766
-9625596701 -4274677018
-118484641725 -261293780389
-446244266842 -213631790064
-312165468942 41194593866
126499195134 -367619089872
-119113563381 415370870079
-206008482932 175463088039
-55213535537 -122774158114
504746750479 82622687956
175101733757 372246598046
-319381740320 -177400769695
-236586419833 -168184659816
152445338739 186340885756
82289044671 189741977314
251043829851 46258406080
-183438622864 208507133712
-176354334725 162243013349
164045731661 -99198215241
174922797483 100434506266
72933635769 283865716516
-254070910497 441119097614
-81685966621 322812516330
-231839253469 -94748437156
-174362406042 107284825071
-67634782634 364867389963
505553729923 8349025379
98600128569 -318259153232
406518516014 33707987660
-15295694398 -60009314794
107206652341 -104608944583
-180755514943 197737899543
-48230349470 -132267831742
-383831266765 -174729182347
-45813101220 -559252201433
41927281801 -9835032859
-510052817180 238561308535
308129358162 347458848388
284804025815 151151128595
206486948393 -399134795538
-286104258514 37289861899
277156801554 -46236562219
175684812616 106993286113
-240967517113 90577946109
-131300570021 -89291291270
71273382492 -198605339194
91427255643 112225834164
-32688354819 325086347875
-95825585583 -187274321963
-186936554530 -73025578222
-494098422701 -15042252957
-106640087593 -238343815158
-136245747403 -224774299082
90583581371 115375374720
-121810346725 98267316883
-183099248572 -148459823359
210726812147 213127157578
-482861842323 185476967350
325728619366 80747792567
51457333260 440130430048
-203752800145 42965653421
72140585926 161363134636
98912084654 -304259581268
80134916081 232312548539
-77815548435 14306874902
293537731689 334686835563
234424589176 -275449109153
194183951399 -225053430138
-184153317508 383182304730
-36549220805 85891174850
-76245262029 -71228031533
108796542967 84117799071
231958167994 74711388478
-406630354580 387397177262
-66330081446 -250904970751
233874363556 -153616088989
222492755629 287111633754
-195210301306 254060361053
53067799636 -293190316564
251813381471 -171581797642
-136954604119 -240187775529
354954876937 234385263137
-60776194099 107862512962
129856077572 225769498559
182759078669 -321496270638
425633912476 223630668718
-231092526371 267922294958
-75154858728 64864131137
174262611295 6288636724
-284558482127 -280406785838
