# Packing of N=97 2-dimensional subspaces of R^20; each block is an m x n basis (integers / 10^12)
# m n N 20 2 97
-166084922980 -351488342629
197820567107 -167125221565
14439277455 -159138616748
-160190849530 -280231689347
114199028737 -77296223483
-338219188804 -133605728569
-315233196084 73588306554
-326534771679 297188577172
37872214160 433720029934
178036223949 -455882905902
177892866211 -88464572746
-336753631792 -56992550706
94987550961 -29784378410
-203379939354 -89515066493
-211286194422 -151125365327
158498979734 -131544538289
-372362506150 24406631257
252982933205 108522683870
182598957995 -198836003025
-199138591581 -345167770525
56475788450 123531700720
50256467047 127828145640
-247017660988 -8206737436
312664032987 -163957657059
-130493427693 155866225038
57211519947 -37793794924
270814430948 254002178854
653628905995 -150962311895
-7504062844 -336178585385
167423665351 -552974156519
-227087396272 -242821173940
-78114716648 -243023693678
-143639955122 158202338918
26479010095 179131043968
-162255858763 40249343038
72389445429 173993938423
117008618966 19827814340
-242361749656 -40720760882
311241223630 391054936906
81704722970 -218212850309
-82255217404 -66839259663
478106614947 -217328156934
49599301436 -74223944483
-125317078025 -173496191364
-448075048931 98854297416
-132865748136 -21738317051
442612513776 93335088142
57583912859 27943217215
-52569949065 81333231848
-99860106960 173878144355
77542170983 420910394773
55646421537 -465874862981
41378589769 281186651688
83257934951 -198993134667
-257477031225 -47505990427
32167274865 182892205352
427570145442 170854362305
-185476831121 -68982653014
85468232545 -390175670951
-80600867122 -348342891644
421360011568 71503234709
23017529931 123657547457
-75626973194 516130975137
122469980857 -284212499699
-53568065754 -201825363337
14119059407 -198916564634
-92190442884 -233745937025
-132177325314 -206673993007
87281314811 2406175820
-174414885330 -200098346348
247631275912 -54518145940
-62904927685 316208224214
-287402014878 -12286866183
-672354047638 -53882832605
32131509686 -398054552839
46371493908 165645802237
-61678211778 -140262864537
-49239706079 77443720682
-125975425457 306571026169
330016272380 -56332074216
7684064226 -204654636685
-165687182834 -27020997822
146701429146 306274117036
-365264529712 -13426887613
305993982473 16721912551
-97170348717 345560379953
-168796414328 171369503305
-142494875949 -262306375127
-49561307116 316531510005
162107204187 -1911303570
-27352556073 -133193526364
-119259946781 -66334372815
-559710862950 -27395419647
42917135832 -180033639194
-156360746900 -114044785739
216445513014 -197940620636
-309672895068 -289005495799
-103851832033 241840168348
358916990107 -219716724649
7229299230 497560317765
-130553537574 237769224932
-307533737595 -81614448740
26619563421 119014349173
419725229154 22627230242
64971733723 -246384985091
-307049295456 -20658464842
-217535552569 -40466487852
-209575037365 -404539559455
263159847738 193956092746
-141186075575 189023272501
-133492630055 246619408643
-75446010339 202637249191
-270253199141 -336821030650
124669706475 289025162397
-423736636879 308061688668
39506537832 196903602030
187424383926 -274060649616
-287466588667 205337411511
30390551594 86570396710
143793405928 255049966205
373588154045 -370243883529
152448234359 212863246431
110457246915 -89412483362
-204666437571 36337599916
165323447468 -165997282163
58618434328 99185702879
-209264025759 -110761574996
79219336842 -23566105553
35408582538 144650346429
-127561203076 2201647080
283063946839 624284646068
-294253852184 -73122560760
16642044789 -53369511128
-90227658635 358517287672
103887111646 307949670407
408273293300 -285772688352
-495199769536 -93128047735
-142036941100 -118877063043
-40138606408 -32290878435
-255196011121 101691862607
-19558380494 364625046392
-131056527635 376842044313
-388217817132 130610190250
200767621852 102327418553
143182983463 162638584106
-244442163421 106215087698
38453193905 -118440678246
126043929279 32579662891
-133100576276 103695162512
114811529421 338705750016
652377336774 331469481418
-4586215745 -66608367831
-87598216794 161724044128
158782153106 -407851934683
-231168957392 -136512466111
236818969799 -143248838022
161493784092 52737505670
55666519095 211643858011
16702504008 -32604447759
255776669403 -353004268222
13411802691 5270463596
-2071225200 79285856745
-280865323368 -21084218040
588940306112 -393052617596
-102343009349 -131082087832
163414840207 452995435618
99020489515 -122219691783
-243213494258 285542294837
17156816279 251276676215
25925334474 207408902529
76399573538 448286338486
17092338908 169538460099
239300157415 20855440427
-207860708891 -142009975177
331738518891 25486676132
472590152372 209028139788
147546352175 296670432791
-10696329377 45621012588
70251984201 -163714858399
12873196365 -46775974474
-257671994826 124672725867
219537188293 -361028743266
-62305664027 -5120184515
-145369682912 -55777011072
91213878343 160768804167
-37928417708 329928033718
-192728263743 231368155202
164272680132 -20424634369
161744963511 276419253308
171083294508 8018033090
-283162449959 -50036731832
204169840385 -464022440479
-9652265213 99890809625
254732201914 151015964379
15881376738 -505065346551
-288685436497 -51904257102
165919456574 -92658431871
-200381751395 -178619574508
-623411618003 -191589128464
65661634335 -16485952165
-85658986375 171330797229
206216977149 544754822180
-541798090485 218695445515
238336414849 146060693891
103361387161 55879432729
-90708280327 -175529671344
-158432433275 260890475085
8034788559 172565752296
-56220152804 56370613522
-289335464432 36468183061
-85341782350 -76882277883
111753334053 -168919061074
143806031703 94599388262
-51436651209 -416825250762
-187534269276 -113017759140
-342445260382 214357203435
111734793363 136301376731
361460396328 136827309007
207525359818 292516307298
-295117185448 264042662217
284682973512 -68625033046
275808624962 -224188684831
411944684488 252387153580
-71442768024 -29531060831
78958185818 138945944300
-139034505281 -212799826943
103313309717 -33572180929
281964267836 -339425844064
160266967783 -395803614337
-385144743337 -59407073614
-276445388049 309050589379
55253153147 430913123051
166018046797 298233531
172040798873 -33372298555
-127391267165 -216772756521
-117459481806 -187079922351
-15669030906 334530677280
-73214141804 -108534986573
-160217225735 34976742702
424714749314 223890018688
-1290630669 176768373417
224928604902 159655001150
-144264961677 93081787141
-51030423772 79651835316
21681367295 206064558175
154987622351 485153576772
563468598058 30380759192
394408362434 227830942615
57095674516 113510571434
65196185075 264944032152
26221911051 168908226464
-48166845903 246966213390
82816543823 95600784197
61808763622 259643358114
-202621085988 -43473132076
198738788351 -126039774743
160745771643 -357067280260
290820405576 -343188576864
-385935175529 -10708956767
259483784623 -292002619999
7044222716 -130834845195
61434974505 319914856141
-6414379929 46871611005
-374384389690 -237307634119
-380714678527 395865701352
188887066410 135894162255
-152920779724 375797255055
182375980524 -38220440843
173319691830 267540810132
371425948647 90528069891
-346799347898 -200447154323
271883428062 50318533356
-35045183739 179443490641
360864274387 -42729542190
40424065674 40704471709
63673563168 184717627381
239638553302 -489608285209
5485015723 -69715598554
116467214616 248967770124
219898308182 72900301420
-135683398219 -250212778098
-168764512117 -199946988930
187458916203 -254210079316
171526435705 -245397883144
258260097758 229905950005
-272545547707 -80823898199
312811300188 -177711055013
-11804368166 -133717096293
257677859065 -269859672063
-198403362628 -145632710734
-248347139220 -296905775110
-396043373522 95849765553
464022423358 -50198873126
103265114561 7955213595
112669050291 -96873642477
-75436205954 558456774732
-20343469746 170636146023
-21349993996 174501411243
-221014384637 -268714656911
-176651889359 -129348826089
-8835126767 160624869726
-352083628921 -169880939608
-84207672733 -118914711603
32421360748 224115886506
-78488725699 134996317792
251597749562 182446719249
-269619739337 64638295187
155626656513 -241453802220
492455976868 491734907338
271068563454 -78378716408
192578106543 -305875726536
22420621170 273516685644
164926084109 111854034214
388873673884 -134287029840
102593449632 181474958146
80419567911 -95663790345
-151033208047 169940482351
69231298349 -77857750049
324490680640 -400868169895
139807986115 -287052087068
55703277252 221509957671
-629582782333 -198333538325
40674928145 -39130410612
-245738772943 144391047673
83331263801 -359543174087
-162257471867 -76580327838
-110094199216 320012644414
149393069665 -73404599778
131602966768 152446877608
248192057056 152259087471
34743827689 -82294440583
278838722766 -47269370400
-147948623011 91441726483
-234106750148 681364788974
-131488416777 -140695668938
-313509580831 -146393398168
13492997387 78391076444
-168352057040 -243705214620
298591745611 -55641318974
54217377504 91521327309
-300660617252 -46661261815
248180856535 -257122593483
-77418447635 84285404771
25363453436 416507222657
257783051859 -186452042605
68123599747 200674879385
-253925868192 134396423263
-180174667738 270081749856
-150860317318 -228136306487
-12598329922 -220925265161
54074390084 -344794030500
-206122443926 -88014941092
-40493804670 -195228489898
75774470770 -73079621265
311396232155 -57221131357
-20796837582 -370624819956
236862643797 -277975494794
-274289427746 -56187947123
-233300174667 -144384280393
-560768295981 -268769956749
84247208480 189473616192
-194118324665 -181814126184
57630555981 98635006716
-300193423427 -250141246678
-80070928828 120747591049
164685181882 -192344056414
33288888719 10408645596
83082219062 142826746734
-324146208522 -213868402919
384756883730 -296188686808
-170481036353 11605376793
-73915881323 281224836534
-240479014089 -111011242669
-407788686561 534351635954
-33229488061 356003467675
-20920922682 -75836622894
162529040826 62024049583
248024981672 296653922785
-65001417081 118579912055
463446717790 194200271315
-316871685697 -281792417058
122358645431 340720254024
156965073742 -232003827321
370552326907 -104279865135
-405082653318 28611195006
-42022728236 401376165077
203424512772 -33633408042
115220669787 29390800895
-64349409127 -199329171544
-12515129941 417837148316
163783001679 -184404275107
191562060741 -344828188030
-86963747690 -78470957054
-105760212224 155913982735
276577339180 -56586557643
185369589494 235093230823
-179833976703 161747196560
24279077991 216764270584
-70703796691 148796943633
516533135407 156293459328
-69611030750 -165047084582
212411474902 -84553264122
230563023440 -93812287429
80939217537 -304259417862
-307777117570 98337864122
-149854222523 377307689651
-349174152501 14061912881
67132834707 -47679646679
-282815541278 -336632353288
-216210891790 -388947167715
157130999528 297694859900
-137157231553 88925827347
263376603408 4620374084
-407449852172 127666643397
71445080742 -202070907364
189057077181 29437538715
-91047405551 479549152537
-345720159423 53032787769
131964129641 -7097433607
-234568825478 -240317081620
-21047744741 271525882238
284852476803 476537515149
-202941605350 -90076332696
-114851343923 336078413382
329784859817 -274924474144
-185824818100 70708781226
-121817578611 -256881501090
490868385682 183840464542
175228056066 12176315425
227123343270 52384169606
316914503764 -158055306112
76676062631 236350681552
287707847626 3703601411
172789483041 99235134607
234900516400 -59918211343
-120183638981 406426505199
-15366388290 -141699334849
122073736873 -230044918521
267923420298 -69247474375
-84737018220 239980278729
-90535868659 139044898949
-48017485447 171483522460
-67557350545 -196200020549
-272728548950 -211880456528
7095427185 205999384561
-92731702124 -161920726254
306333299220 -238424384004
-219328920087 62320285909
210736358656 158196772919
-158641133843 -236703696695
-272753585141 137540222305
21361912936 173432571813
-176844786640 -152773528364
-162477057042 -279572776778
-289759103400 -18660875204
274446848868 -98492245666
133671314612 650654395710
-468373965639 252869087337
196856108771 -76717105046
-350116361612 60893091724
-108538919032 -412370724324
-308508620045 -21508798335
135737322860 242493288556
-226992124096 -357927050743
-20863655523 26732530577
-84974743823 252530901399
-173059148614 -186540573009
-87680672053 -313788480443
465141829937 106547654318
-256923745432 236601002803
157796995527 -122500312379
-335226832988 32013964561
19638698101 -102852888623
450442744180 -29327133370
-16454838191 -156352755093
137586921387 -148679096208
40242948441 378149886490
241955327424 -236146345650
-243714294626 311627339442
126928589694 -87165152562
-181068495460 118413740953
216562829211 233542121381
307716418239 56333841311
-282551148594 -230253037087
255971751335 -247347707451
-21205293476 5697392022
137386776622 -54523328910
-81461909915 -173413039942
242063504592 -408810499962
-117766446462 331921446267
-348642649020 92128174628
-66424420857 -366291277355
150344179186 -31216911574
131916649168 68876707817
31303530706 247117884237
-274055234959 18070495638
337240145168 166890939383
465646455593 -27812970810
-78614510173 -515064120574
55235060737 1954786730
543289626404 191702202581
-63531055245 -498794867348
367517865126 -23052897341
24898659668 199570712921
221981235620 -407275910353
-34743885406 214241526933
411954170497 -220697916886
-188493216456 -28258942835
-71032106229 48725314740
-21270194992 -285818569562
-218513392737 -22167767806
101118015586 -332706191372
192002870053 31174820987
256071346450 -160016596532
334777980007 335727917768
96094883660 -15438802837
-87264245582 -231577198328
44677377556 -61881554957
-32126942045 40659894585
-107376772523 137565429954
-179837937648 -248879712205
-356589803169 238837335022
11630271488 -177523793189
17504893876 -302925385284
229786004281 -104784083608
485021006450 147610101651
138373563500 95924505348
258036493609 -224092064476
23957052521 -428772349035
-78489036045 100022626969
497999792779 -165927297902
-12697843463 24332868907
-279125665389 -319474481272
-103396632758 -112456013201
16904837246 254471981677
-283009431340 -10926909691
-66389465951 -476153320881
-96293990325 -146269005729
-168169434415 32480491963
20990985053 -121730992336
438254884620 -80410115406
-285967940527 -68601351219
-300096713669 -446521586871
-180349087254 -61387909027
31312815819 -93398186265
-17417951435 -449229540493
42745364088 247163832029
-161096215204 91681145446
86278412923 -58372344504
-231148347153 -208829792369
-320320916175 -141098328985
363000880914 -156121485532
50134469004 17462361374
274232748583 -341047972778
-152277001870 443548131555
258185937801 -99253002374
-258019789741 -119481896823
-168226135941 33327483268
120379026815 92999849100
48257562342 -259059892675
462735144138 47174931370
-168083563508 -378813241532
303026755575 4431183377
-58106823164 -103189888333
14729421929 -93859517192
245788798225 103588539098
-446979208462 -55370311899
8180770039 -302505462503
-192461457725 438715062701
-109333418755 104747347371
7441364327 318755210470
96575066173 169480771019
-395905946253 6846261073
154400674685 -211392931085
213870125460 -424855575471
180660601034 71112693998
80371640375 191234701568
1903755566 250264013680
-111796195872 154428498648
-256197866630 -205854436716
-58786037089 -70463396252
407913098727 -33271342390
-285435197332 222381266145
205021319008 -71717448256
235545468030 81067826906
117470710477 -199097295680
42478994792 -504750073144
-567780269637 71434682974
-42417137378 -100550392052
-89688041984 -296329043554
-78868783729 380203285281
174620396605 78137729205
-269645060766 -116325310178
-30302631618 27387894322
-177734316294 240851243176
211809768245 283421496467
-106646049408 29572524020
-153796816630 -293642103212
278084116314 92507227770
64739953023 369304696319
-334158498466 41574683652
-296825020434 -59897690139
-230744434170 -480236882706
117409292430 -284524368058
154946729279 164820677716
-268184109222 -58651760738
-179840219187 39824986031
-266604525266 82664899037
392545642556 107694892845
-162913903662 208654290999
304058155298 129157481316
53830115478 214197379193
240158890187 -482247271911
-99805489388 21951681021
169127196674 393918367039
179689341210 -238556572630
-259459753980 188440220587
-102799043888 -149992709186
32991481863 89653048864
224424108554 -123326530535
314506419212 -36326384389
-265370297161 -54271688797
85465950724 -337807271054
396854946061 -223038119569
-144400833273 -145260189334
-62793154354 12019537319
125311894726 402198342646
331977636255 -68643638498
219308731301 43054640048
208735808454 135971889918
-84876101125 -50020959762
-178383601907 263448121880
122738110926 267006808516
20104310422 63990965834
-30122978435 453319155723
298568146322 188294189312
-74222326491 -90731531632
-219839876143 -271025249279
-248159936563 -229973943370
-404384199200 317789803200
-22347579266 -28250905810
166449243283 -156220775787
244914650550 177185672558
217026188056 -125539401361
324873448985 -69965185355
-242314163820 -120050290116
306958487372 -528595657907
231985984533 180782896926
65181067867 173087317371
-111701896751 278950036007
47937367797 -141961104228
51947365119 170304577047
-240387881265 163873124693
121705692534 -202193584335
118653904105 160829513077
-449258298223 -28963825573
468175751318 296476075520
-57884314246 -146542291451
121856476298 -62942599697
-69215968478 -481179718478
42343510642 -80127118142
-80798907178 -23391400700
-155168376449 -80062561773
22381965475 -73390775798
-34139398262 58382734095
66559954798 107259523967
38546443941 116934050305
-274942897812 -39274659186
-336909621646 -220623862695
79258266605 -361792143102
-111338861587 89545132061
-22670051550 -393790836113
29433992809 -334467687111
31997184703 -69217371254
-59885319558 595259183518
323587466437 152675434055
658111679962 -15279505520
-440729048682 107190284524
-118964770896 170809265017
5832786544 270641946545
-92028384691 196273969528
-395746422018 -271285573386
36015303801 114132548429
-297930577722 -96134024726
226419778350 42929894294
279370264328 17435483385
296588936396 -210588786678
289435717961 195415296659
-240540367741 335287785331
-127263279654 40019696800
-151986786434 -92189612091
264518965951 -371430502094
27579428373 -327096783479
62745450912 296555940189
31772329133 285823982122
245957436637 -342167395637
-252379805593 -100526273717
30688210656 75806716327
327415121387 36569219795
-196565745352 -330984603723
-203963795061 126369523177
-108586992452 135892827063
365860727513 -307125348427
81463811704 -202391645491
313701027971 74478354675
-109339661246 -96843336420
177424708310 -92038315622
-60444038266 336794859136
-391445551409 238329446757
971620321 89245021872
79928270545 117080764855
173475186193 137228969044
-57699004292 81110787311
-15685959904 -480387386832
413224321005 189295724523
306158213699 -117524556585
-146408512344 -228900037972
-373472575046 -256969806356
-16422898364 -355606400378
-204104455952 -253499961069
-38807376378 376148241532
15419834400 281690940299
-113415455024 -380178484945
-316487580351 -78507986599
-221388405463 29242693089
-205641811738 32064740799
283203155213 -2055783484
-248680435632 -126812412698
91280972093 -287780345037
141797846825 117439517349
-177743204810 -55790140499
179778239282 -494382510604
-322662765403 -68893082366
9421002731 -144932464560
-455419779565 17967048464
-38724045721 -323390437589
41585253562 -166450602897
-230203335145 -32204989702
-144760091084 317035982775
413212478376 80298284167
-124058954564 -52616490915
107379718087 418031881112
-67766005286 -127514086879
-95659100774 252907206418
386209238102 -254743388512
43532104653 267134976697
-143682942125 -298740001388
-72156897577 -132291075222
-130884442935 -12617613542
-127187028388 -235425392207
-62236117787 -27945404396
-45685137213 143624847838
380905177396 170891972570
240663900632 -69079976683
-498863178235 260425257249
12307800218 -244996403498
-178744875863 -503451040126
-88767010833 -2150260490
432273403014 -34009541603
253871778942 -76281720654
-250739201159 -112352631581
184027864496 127600007462
-400762403385 -105849743832
-45643518998 -246993782825
119093076610 166321007945
-446308134489 401121445332
258151335108 -13395657277
-306771056604 118061558156
-198905722855 -117059104985
-67737981198 -192435666351
323668488971 131749814758
70423890613 -454774312277
124950972288 233174001870
158461459548 315975749550
-76050868533 -73508525670
159948324081 -389147697404
-130724506268 -148889892723
38987034067 272297729430
-212185066803 -82229412703
-277220046430 84662854064
-452475200727 -92270473714
315194508662 -207255239719
-360404374488 240140020224
-5198456040 55945772176
-36728388057 -210042641797
238808478979 -109016330020
331795651060 229167312352
77900234675 -4592967674
267677845845 178218147561
-117722585707 24827015714
-174776825515 -91584188991
137256742518 -556276699219
-220568223989 -304702283324
-62532164603 -42801668807
303765688691 -36623381832
109185756988 -264616326513
107673676299 158712086594
-263711157795 -162014961289
117409806815 89317178887
-69933038691 451141945226
176822243044 -260710006799
151331051416 113782746481
-184432919728 -132481469190
-226733505006 145121398881
-63724818236 -148482770322
-67669301542 -378165845589
-384342955002 10641735796
155706174067 -93284533694
136207700624 185059817565
-322516690561 -294980067881
-234443769293 -7638674413
-100204432135 -403661556265
-81248551637 -228195912417
-24258625984 78628098653
-33037507686 -35244018189
166302156204 61155692264
-10436047769 -419095120926
167538220361 -288891870916
629878771176 -252828703944
177110217252 189946180562
-23066496838 -21188001414
-2671637760 144243926203
-311995598697 -400018910334
-82505668113 108816264728
410418805415 -57708715143
322687732698 10202375088
-130744294782 201593317604
152240620422 -162232608887
195282977188 -524152883437
294639675704 308641568771
99689012441 98530652164
333620264231 151096067811
116017995193 63501193245
-199222132496 239207709167
-307742017966 186259646802
101979150991 -262955762055
-232369365957 30060498679
115620180919 351418113929
16630789926 210105493423
332245531238 -18084395344
132160821279 -14337078348
-454239900265 110947641667
-265760981061 -234910801987
-214528764271 176614244448
-56976524623 239415715377
-285645650843 60246371642
16250159488 61927493828
-83142982456 -458400194505
-11550807495 88666561235
-322073696250 -377968979980
120667373726 -6276334642
-173870626184 195878249301
-10528017660 373947392771
-223486446730 251705358521
-376453151814 21753223780
48001415919 -17430461099
-64693583687 450661166403
-153386913934 -3712129007
-404126966742 1067442349
183753926758 173160243764
12018434629 -76443426668
-226689664047 129201003750
-25715615256 245999626693
-314216358877 -192111692291
190393786519 313685975234
111263364956 -144010677926
-126747099109 -83133985400
-7448026912 -25809828963
-219233316218 -504535891890
524590281812 113495538156
-499568008081 166342084129
274965972901 -166528339531
-124425402888 566473291421
32705101800 140463599217
-97856550362 176628508433
-81334004603 -125867421339
-192022382608 137734980333
-144129197419 -63472847674
-148657373277 73263264409
-152985467418 120236631793
28216829429 -423902137949
86785565920 -248306590458
202651705480 -227893576903
355379588020 -265996028951
495966552147 5329256380
-292436884902 -100989005040
-92723574102 44711065610
-203546096014 -160665544526
-24680389583 -52233156255
-36409924361 489542187638
45656783946 89916075136
-326107448784 -326823551367
-176760668086 -163041622633
23807427205 113697848209
127210646383 -107336299338
297795137305 -145361647519
323908658317 -130028954326
2077751774 238756189526
-258141664267 -188032113674
155497893987 243340078464
69569235320 -259874568840
-117736463283 254272068053
-112596763085 -102964767708
65882670899 -13986009710
-134270991142 -209851505791
317801465627 6689326569
-113410177584 -61454364780
390537005292 50254414596
-73214984329 296931558932
259949246063 -47038445779
296676065723 48794059608
-148449654522 -47958981707
319205552700 -318680760554
39011179389 309033360250
-321618840563 152484435382
-338980188528 7333832195
174157382260 391066419529
-104055010950 381429409154
288988193345 24678721914
-224613994814 -438374753005
-90355262116 273040938478
254509490187 -175296352529
153600581344 98886227717
-63370754556 367756048985
-146378241119 140298221194
230330452220 380096229914
-319438607009 -77826452291
-339260924527 -185496110793
445896057701 -115783500975
287045299675 188980950271
-81307105838 -135001877236
-22688563069 -411872774688
-274079959809 130181944795
-48529648933 225171370731
188851832534 57839783910
211646903928 159350686589
-233472231276 235348090377
-288659563019 292160164491
-132572082337 -239305840757
-78402002799 -116999541667
169492742426 -503501662581
246755843642 125215401348
-49170133059 -71353918098
-54147166811 368039476962
654885727290 57443064560
105861612564 -14451399515
-56837394297 -142947955000
-151526213261 -290110443340
-202097543070 337600977582
8064920484 164197833252
174672292963 -305449784482
181972336659 -271398925890
11346015763 65583508945
-23412833481 131136652497
211537726073 48349165119
-492363102976 -204848651537
-177559465597 -92424184882
51478274427 296391325723
-89830279038 -75073276092
-64306161902 -80243591186
-88635510542 -181108716442
49279862809 2418357272
-89282686781 -261925760689
287616991160 283641888714
-199044965357 -434347170626
76693283026 -299559618752
-680948598803 211578928068
-285086525686 202223972683
-33813819659 70855828197
8843211210 108859644027
141898070121 136477717709
74120192913 337232431117
219826685235 -119395762714
17590580556 353903752304
-168063223189 957018123
218497708593 829505148
237164452697 -266497644832
198511747967 133721115826
236086063922 193690666211
75455757313 -197322774309
307849094692 -196514774788
-30995465418 -253274405385
-12880696505 291396261359
-354205973196 103189056199
-55071455257 208383459454
-98127755278 7160060830
264124163371 65326551030
169202486437 92051830407
-359416382984 -291495230870
166947499424 -491458088252
19106505414 -18836956554
-150589409718 4939996593
269331889076 -284662713703
381213362253 284519288288
-241408750833 -41679705289
208269741444 -63298200432
-180801500872 71342526547
-150226107846 72587116173
-130383960463 -487054589797
-309384575007 57181329377
-146739239713 92052746430
-180057616080 -305864204096
-3938611547 -187100136419
-132192982602 81692802856
304433918704 -84148889550
-499430891693 366171803685
180707179938 338676033
-126698838484 329000620822
-114898815 -21723278082
-112046787976 -381135203101
137568266848 251452785853
-232179750842 -242091028046
15175866302 61748081136
-91405148602 382809264418
130219176960 86036533784
-218143950596 252123201413
174109414747 6252153176
-589733498899 -281822989491
-23071735279 -17897157464
24278944462 -195470192689
-31214620786 425614677920
-215078745603 320312013714
-120322214578 -298287152267
252779902912 -177750825774
257676086912 37889158072
307130071907 243970279834
435781506410 -86962040267
90086716847 -79607528180
-97223290050 -179259907690
-205416077171 -194457552343
-328474477295 -358070957641
-73149285125 103870304074
-278121664236 160005328213
-146118882762 243853296958
90060185901 204446026683
357120538756 -305004025447
-161568599711 75264593364
146490238273 275493573305
-258610739958 -98385997761
44256375838 27206460657
-84818965745 285523944593
-13214462969 93779756518
-88265655188 281380456553
71650481111 -9971237891
-302158267167 -341694350963
-338035928957 163564736135
64177049177 -138971801967
3983149688 -23798823311
115012029618 -56091439660
138235396046 -164199847739
-236468420603 113834334422
-34922702255 41566660289
-368966064410 78737742145
-339061161346 -204313883030
-339119182216 -180495009315
-304418160324 -405172592296
83048189133 114154765693
17941270112 -416192626746
392525684898 -434070148499
-245895034585 -53605849278
145372244089 21173390664
197519507076 -57369779655
297108390064 -334257587012
85563679477 105525762853
486876254753 293028313590
-48539302035 433306192695
-190416746436 183539770001
475593297232 -144072168288
-271329350720 -497916791578
268290414153 32580732738
59916875651 77469224180
39987754600 -215132843337
-235108712960 241241293110
22335501041 -91473740928
-143277068950 -41331888878
297595886957 176968287593
80174983666 -105069947166
107420385932 -269361897147
15090977554 -113489881310
92500870519 -219090043330
-107151248623 -273916958214
105317834361 -58561184658
110979595747 7819925868
-61517059127 -29357860314
204661683553 406401967731
323604325495 24294838245
454347422834 159571391588
-308033082165 201903714699
312512154421 -109293000930
225928882519 87442959720
336319086201 584160459
-241552292349 304224069095
156930187472 -222701896315
43623223080 -284105598034
227809205352 62111188128
-11892693495 128969363669
207649298043 298934713944
259560596367 -322199140469
39401163001 -164164630895
51255733996 453392722595
61589621456 453877607205
145528086771 -146909830890
-144855542334 -177219649638
-146491696667 -440859476376
395144218943 72151419288
-405251777553 281006482359
-108258656914 208552224537
-67458647058 -292679456495
-123219672951 297355225283
-217240895242 102782777933
-104205245302 -23226391277
102093331540 -64587757814
115666024100 -142705618042
14151453123 -247669898336
-188121801896 79070644375
68082817513 -170777588184
-240441863937 -255954494809
570689886271 143149534705
-62599571572 86720395812
266957660922 -137768486229
523627086871 -338992580794
215207989278 175710816051
198968832050 265325307835
116016989834 -89817168245
-303109917941 -253992703885
-51491112549 -188445722851
16855157812 -106681239954
430022998123 149309399675
38495269976 -206427116467
-19506781468 6493499878
299827233563 239237006764
-201443002733 311848803427
-170013535745 -48171113525
356525936655 44303039336
104834178218 -134467924747
115604597608 -118490606406
177013279365 -175940479227
43519777754 -107144439112
26376861071 -305677744556
9454446089 -522139596775
-207348160661 -105223880281
-179199530868 444801023281
-248104575126 124260833384
-183215498815 -227372255275
-100448204003 -634533588009
-288029944114 90394032852
-79651466819 -189672927748
84267745733 46458871045
93158947839 130831329987
215483894317 -15786544365
157687819924 90007166312
288547231400 -334155951235
491066131409 -61684163213
164889016053 -172949926213
95508410924 107970842610
93232456731 97882908450
96664186888 -31586502680
412942412245 283417297663
-293461855574 39226438233
88900933554 7627541227
140083343956 -88621589566
-112299788704 -611111905604
-55143769331 -1981663840
-510449526847 64449569268
45059843805 -239501970692
-163012314580 -171848984465
-262986360485 23407944341
1582511323 -102061289503
50119617831 -112579187523
68894911678 -259653251900
-172648677615 -116111773766
-392643856743 17947200157
314559898609 428415892212
149938715543 147678407167
227660431877 -224632791814
-54607958817 56769820105
-275061894767 123311756643
12185469716 -51559279011
59206163211 270055702344
399511107459 -270090945260
46476844746 -61690765848
116855606847 -179115315794
665047165476 149440412760
392688606404 -127253410119
-55801956662 -102572046120
-132984855301 -13746206413
-163120745254 -95449122072
-237513096956 -115350189939
40424375856 205874778854
-3773043654 282200219556
-203113014871 -20763877385
216586977834 -99960366469
-67453590081 445959676605
218411561794 47038563408
129442007209 272817300886
-67085714911 -252939977500
-236944303245 493272694949
-107204687280 -230978574464
-216870022873 -91081101996
-76696527484 339926326754
-52793493510 391177087199
-88903116053 30027880046
-370286352682 180227771542
155401441797 2835250686
-49174066261 -12185474601
-80392332065 -46424729095
-42814759881 -230569928561
-172350358756 -110733462568
-119230170015 -107544999617
10425698835 119441829066
-146043846520 -417971279459
-193744399521 -441135144392
95351631563 272462741490
-348516361762 100266230894
-50489765650 -112582958633
-255677986000 -93634640414
-299008943048 -7664062568
337546981695 -481109719025
-556196296524 -52656322512
-57129939441 -103433501242
-323164869370 75382688891
-173043543027 111251389449
125940328568 57899878183
30505958213 137863004356
-41707618820 -153026431254
174962885099 -43462101222
-433343571775 -31865233151
200257111096 -337004504658
-225238193965 -512631366355
8946562761 -254953869586
-363650750012 -240425667298
-37452086949 375717303831
140306786522 322415467743
-59371284037 166591423770
-19969639699 31551458710
-44042686888 -154604222136
271169644181 -24142578793
521970854934 -320520718462
-110597173016 -108819900520
-142699463558 -145490731941
230598051295 -129415979951
62126404726 109186288991
-226859826843 -747668831745
-103311998481 111554045630
198898399484 -375789264557
-49167192271 -50218020516
-108329948967 101519370084
-151371967754 39740358445
173441115687 -76350400804
438814053820 -12529841546
-261966239415 -292081123257
24158475528 95641745935
-108235825749 64810867338
-148192280424 81470837300
470662747386 -231708823896
201659403008 93687754143
278629437860 80856783611
366353575169 -93859192185
-67325382263 -232213284400
-10091066717 35102250774
163086118269 124116312395
37825947906 -364894341526
-175278081931 -15878738739
-372424321476 128926141789
171315180387 32031645330
456651299891 -185154412005
-261043117877 216149046351
218807325058 183691628218
-93432315812 -89485692927
30104120425 516677933812
-171472339707 254582555759
-36435062436 -231673510518
-92548693157 87928449879
-133979844810 -158532951307
213515239585 412942426538
172128655318 120080559573
-110017011734 -50448079907
-494487473646 87336250254
222890564042 262027781841
15797061219 169461541760
7374069322 255153690035
-94872321295 257121610879
-201003751384 171542791164
14142146790 -96183042320
438183338058 302519491424
-71169816822 464280995685
-72236682866 -137153596349
482234878559 -124699349082
10999880157 452327723308
39091563955 -400024518059
54934384697 80207048337
108940195587 48087529414
-252146223812 -7345195306
66364408524 134805127962
-80167211372 75077723385
-117038892643 156255418221
69661713890 -99628537016
250131822035 228494308420
-378454941538 69936157762
-447454352021 349171251
414407832597 -104174036755
-11870466702 -85659110224
-323149018316 172522873295
-60066736118 77123483193
-9068252865 231354247353
112608232288 65060609791
-3096934731 19788240969
7510756740 441231481651
67122187150 229135106142
-323598681376 -108580368596
274654714415 2492411219
106082289154 117799153562
518884588195 -202969490360
-185844948386 325091369668
295434140815 241366139128
-60551220600 -145708845502
-130182544098 -295819385333
50428928306 -435799076489
176027129834 99695861613
257195385609 318354047842
-92014847334 29625406012
-87835638964 148812042349
-148406030212 -117757162864
146358639838 281922977524
-169484638715 77377611034
-26363767397 -260100103409
87641370184 -558297115987
182203212610 -34622512798
88671585891 320993418012
-137780364298 -187506310454
-485752024300 5968103824
75882421238 234715686135
388925961421 -172816349458
-100003139012 -222621234983
361607063186 -62355494010
132118866261 233414846561
-122136680960 -112112399422
486518178801 92691293476
126720659897 -319223344575
156077156457 -207154470917
126195606459 -142285998018
-60570321819 135173769620
-311160600907 137196994532
-104087214318 331087686986
-122079683217 160319930699
-330236695338 383348210227
-318677466315 -46103512349
148067244087 76044736191
341038905238 22931450846
353684329014 73917427901
113362342514 105776307633
-263110815473 -445071129035
-3521495322 284047800999
233124543400 -74795854254
-229897496179 219406282821
314185973780 46072917669
36587393032 -94853676967
-221962282291 -421109165407
-195812801007 16944587020
83425007744 337714024036
128036067891 196687689514
21613622792 507020930655
-5018890339 -46277066885
80723956185 -233058902378
-353561069430 -218799694485
-61134527315 -63541921042
546928157514 25614090116
64919599874 -190088166569
104254034094 30625784341
-281663603729 147316948702
-132433918235 22248621246
-146891310315 -2379221323
257082382974 -115675228468
-496107291737 171958542421
-73801820229 -275432046289
54879737621 -57059590161
-149560263263 -439003713737
-251568221372 148053640416
-56374675710 -410241800955
75405038434 -175877136269
522308965432 111228674316
-130864787397 -93118946276
-156626961704 -77673972249
-104887133596 302570733443
231460796473 -192364643538
-232210938180 -509027983386
-4393795725 -185990182754
-229916535964 188779423748
31736244584 -58826777027
209587502413 -69544228650
152767573848 -841399125
175634512555 -44194099606
-122450656203 82093377782
42339373165 179115770517
166838574198 275604203178
170392410845 -353879757317
189698945455 187416380650
-237184949828 -111993537732
-461080647304 350323248248
191166812396 307206931232
89780290792 -202003666988
-34689967374 -146533348101
-49825321555 176703195645
324269898943 -74472983116
176682432880 70466931856
192693884589 -115941200922
-205464022098 -12398762159
323862197073 14367912071
-297944279829 -181122973616
-494218326891 166806991196
73986650395 -424101658675
-71166793612 -656219834251
-75091299284 89180961771
-202036832145 -297835902247
-247706779962 89519696338
118324144151 112506393018
-126174796299 -81198253549
79638516769 63670762047
79366617673 283974441486
416789177478 -49475292911
-54219009790 -145367547890
-105749222350 -369931612475
83047041518 2293939259
203403000731 -291781825508
276974440772 -208353718721
-221534914920 360550319790
-497278742649 -231385861634
166288847768 -72510511042
11745733894 167350355817
-64101358954 -440764865562
146720402654 -134487531828
12340326176 322231996092
353577584247 129473636300
148966917258 -113008072839
-161101564073 -179675652408
-429534178019 -43253567375
-140171125367 77663855816
-265311688427 174956896391
-238070630924 40374381627
81077604995 280199363094
246240472893 74399533524
-144099691666 -265074958881
-216047722388 -96652552299
-103305814029 84388933068
-307761689767 267953761588
-46235250660 174426910267
468406943343 262983027009
90795939891 -290775042479
-116813083434 72457744688
-10148859677 -288117277552
571616212262 126425683652
-44353539870 116270219873
87732536677 -217621786249
133652961147 -19889081398
142500311223 406095196803
-245705797804 192628230343
12475709024 133415541457
29384549167 92331260909
-225103458841 170917205151
190680877373 -478254613915
355824963309 37112176996
-216265415898 -349409139584
81707132342 -335384365574
-284301012946 48367624512
-161050876850 -57740628275
323867285727 229678492647
-11951200605 -208450206337
89297144682 -195668509827
-370440803622 -444876239756
-365238477441 177655338421
99253394466 -253839410061
-108596888954 30684843682
-54434284270 -22398010115
-252924066320 240061143853
-146572135554 -114087161957
-131976379833 -15112314305
-135916682169 -72052353662
374492121164 -184616218898
-174546838340 463624847470
-113496041931 58649179619
-112458522815 -44155744372
-125690264267 175301105974
174256730514 -359427562189
-247993278623 -242533150024
-270066678093 57389066438
10997891429 -433325566394
248832385357 196440908488
133439512382 54448566923
421228079580 167150246209
-69854065484 -127810556788
188262219426 -103997097004
-49402072088 -338678026644
241912030751 10325291339
-128207070937 486137500033
426192409622 24560854037
304248284007 -34469576689
-185415490742 341803459755
-33544696205 47460406153
331426809402 120354878312
-110449417022 71435689766
400114892351 -321369190980
-28543466914 -225352874045
-498930917740 147391585223
321540153288 -141614022689
117063093136 -300325047141
300897504091 78858532457
-369248885410 24463349303
65047682752 378455205020
42004649498 -238524454778
-46405141408 -184306920558
-147174942809 -119384601481
-46388767382 57033972277
-112222445884 -416403009028
-244596935525 -267368227834
-156855200542 140908619440
125103699232 43981400273
202390414224 268084056058
-64208711937 13401834135
76180899923 228003376428
-225077301062 -254654576650
209256402346 60158705829
6473338984 101742416264
-128346296215 223515952992
442207331536 107304990643
65779981558 -141139313657
-146932974374 -90290784152
-131765955048 101369614617
208817872481 -121320629199
-80093086677 -385346212987
262614701992 58144820143
-541506014488 298722436346
230959676249 240625927786
-11146386717 -208137443097
282150085350 237478545809
69833344891 -5745828949
-52861675477 409024634443
68193370003 222893222856
151046322403 361775700351
47638661694 -335216061442
-343765949032 111784225352
-455118534597 -128386042025
195287796448 197807860633
239417377779 329268768851
182851962249 -75367114719
-281877554491 22140174559
-14978492344 71130753091
127560465315 167799682548
-575644482655 99418690214
68043849687 3142723186
-110934504829 25626022681
208067726381 -374431011014
5897836454 31534309251
-150241945708 256733791348
-320382724175 -129419039151
-44692393060 345463747075
-41549976391 399761923806
-52205849609 492829313204
37320920262 -57645554200
143901248147 -61927143511
-150419129793 -181619846373
75477132518 62190513354
-283848899923 -59939427451
227942328216 -129486951446
-147020543379 339946080504
189288573872 -354033163194
-162595728176 435613443374
145322457186 234152131382
68875201682 -35749811829
213226857558 -291963551419
371234473069 239489420334
305624952090 267056748407
63771602619 -236748144654
-116502106788 -325565856818
330477450652 47604680546
-95825010203 -252049591798
290578135277 -110837148369
-349306443212 68328085264
221077935085 164132436214
-98849746776 -50144006286
-272411949549 -29032355393
172960625323 51708310985
-377960456184 280347558257
199006503552 79492032067
119096266370 539493888787
256963078440 247362649115
9897568318 84281484700
109660427485 -7588909350
-181126343165 -16152856872
-25548274238 303259081860
-164503888607 111549245627
103835405170 153776743535
325313971727 -85283374463
133316833529 -179879787999
-394981225746 153315125664
99259328847 -345502167622
301067120250 94339385987
157593360468 -264137428122
400710240345 289913648210
-146532866628 213259835940
192364308428 184354716769
-117755359890 41102776694
10733426114 -170628850125
-199441081121 -92998852744
261916143441 -20047831686
-36382123333 -227031716115
45495427127 -357215465607
-414448213997 -98443078205
6127950814 -228674898289
144448393054 -108972310347
-144454286093 184053035185
-289435078249 256294439302
-136572046204 -18796373123
63609549018 422769709983
427643429944 7046195780
433040012491 416256252011
252632497140 -149201669813
258751599954 -360692909310
-133489506451 -72133373358
-146495822704 -137173483585
117394846270 -280699206899
110246715063 255861920270
78005533750 -168186005886
203113373080 166960040777
253789450004 280333795364
13508098003 340341812799
63858682368 -241109891083
-164579906454 -52508029623
508394684168 -112698244833
-126521874105 -49339677776
30118512391 136214297258
-193384155121 -129735284877
-185567482390 126228397315
-76957535851 488304851737
-380827197177 -268226420584
37318346453 214031917192
24001531783 -338379336854
185198697568 17243038973
-62327380023 145176613881
-549201207487 246700142777
69362556337 60626192989
301749899334 136543622188
-173312110709 -144378014641
32152570831 117799728496
120150627718 176197762201
-1075339633 244800771531
-20688760154 -319711172249
124889497304 101995755284
37475862666 -46825325570
163558086106 -256749005715
-312120148136 252141002115
-314528995105 126071152255
-392429634921 168050274349
-92642583471 -593937647112
-334090188219 -134907167158
105077858124 114554015034
-221415051847 -227799019795
239261605041 -268458193123
417760305220 154014144387
133345234886 -105739791845
-197720955796 155795016484
-305708041070 -248317862841
-38824840935 -30551822806
-339171354262 101954128698
349736064541 353060020823
194323249094 74020060949
501247553882 154271797828
-218604839416 149135703371
-257819394383 235092266396
110266512586 54490829174
-220041786301 53952749953
161063596460 -398624134413
-76157959874 423138779902
-121282839146 373724389683
125226816736 33803281625
-170772929602 -70843388857
171107214331 1006964490
-74850324591 -143585884910
133185711478 -418783460828
-243913522444 -40027945331
20673095842 91166471754
-411300163771 -193843731186
15619317088 123016932414
27893172309 90504877618
-229043492177 129779341086
82511433753 148445708162
363822623938 -194994780993
-141271991968 249901474504
92016140314 96532895132
262768134364 -185766350902
73972514026 507088676427
-111568951894 -239957186310
-136175636083 -11516851434
125922140716 150217845838
-192616205373 -133421567339
592080045779 -209705753800
-43428444665 298705946259
15719841601 -341021293056
55693735240 173978117451
-307399127286 -339131276411
-31522848453 76984729736
171955773665 -404058734289
151354630967 -164636770898
-184690711364 -332873509926
-392437867214 91502271310
-212625177208 -124996347338
104045732643 223389399048
-183767139033 -125268961387
126767689626 472972838151
-314632299319 -269719664922
-331794650520 -47451415520
-23005679762 17076480329
-185115879980 321134352721
126626201429 141993986821
270867941642 -70853964839
-135018082805 355473315291
238443535058 -222684500384
199152436121 -15729158343
24474509900 25898321728
-159147463704 66550764518
423761356733 25153861496
-200219278604 400913416113
-71482417021 -177325023717
-346894388113 156690573310
-162201676318 -272123580089
463467704954 -275296119464
-55640183074 -100490017946
-277592615622 -172011168368
153831124461 -8354774569
17242742465 270024151598
-255916286840 6074635148
-366218506857 -360243937648
-259053999071 83395185816
-399546544572 6819789465
-117722991322 -107112059542
85689777060 -2791617769
-176844030263 95235668461
27246874381 75028282917
26581844927 225405541181
-51853230412 -535263537859
79194200156 143023665081
-212506765350 238881417699
-60837811337 239025374171
214066667 19802977182
209821058888 -154034378605
-51118625921 98870727397
24201765392 -206554943727
-306698330291 -320962243378
-157685244545 431671612554
-319497704584 -473102514
380068542962 -31484157085
-254608002315 222339259489
-72625620885 -363004505185
-432600255936 -140834484714
-95243017547 -217306971992
409425887336 -201833237191
-151031332017 -151043553161
203306527344 232174275835
-154539330588 -315067515799
-38105857727 217503110414
122615397128 81242046279
1084704404 -551477060382
624985196377 -92682204578
158277705725 269540800558
-246804571677 -185979542667
302696071646 172227043133
-214169552065 272261986291
-36737092835 132185387700
144919802261 299011461060
159013020589 -76577227351
-264046337894 -183285061684
-39332508246 25499534178
-113305422276 -317329221626
-274662867354 181477110322
119374796620 132114818515
165439165451 -83208015974
-15777718053 281455874365
-76611072898 196089310265
-122529460943 -71480481681
188370180482 -117049507969
-283755556942 186485903907
300283806033 -336878132942
149789905958 -478793390107
-171633959886 46242585767
-250619466062 51385028350
-407739504343 -92979706315
-29698998095 -227482455809
-96963684889 -217765737833
-256452440453 29645090348
233725195938 -238531756340
-375522349760 -295450680427
115458082326 262509492871
80429158242 53787715448
1428160910 -165616935562
-60744723213 84617917869
268658027846 5437063187
388697464462 238719177884
89378078851 -296208764148
-164250026925 316094940535
-170410585216 61076215963
-215443557064 -211689871806
182978313163 181150337232
-214016643106 -95367759240
-44523026804 205893140885
679413999867 -97440708987
108945926742 -16570937188
136735605357 396523821804
-50587156946 123716076847
31874280033 -478392541008
73970377191 -79128299449
-104670096579 -23406484075
198532940252 -60210277872
57735057370 86376406889
-305240691812 325698306366
354452877262 129045271062
236662081102 -329826555403
-251236338737 -500849580923
-29722041006 -21530574919
94850072817 33242478217
98559659060 -7058120733
-79258092456 -51481595860
-264425123004 329214308976
119956751626 11789116191
380107710165 -52733095261
-311464779113 -60454524976
-75789957716 156985958058
159718838754 -48401294205
-287219787008 323418018575
154623285290 400858756239
-218655796365 269584222192
-175675709573 23209512679
-136729511911 -140090263524
209696760517 622338836961
-66290081183 -22048787695
54966073010 -152205211745
73693047701 170878542889
172786350785 98949327118
-451645534202 12814056673
100015951632 220550134026
-312479518051 -18996666059
202158345999 28521790845
143643280776 -5574005501
178845390731 87250308398
124409810791 -472700386975
-291285353246 -154351659806
-256086660871 156673581853
-64324687634 -439352925499
35344224678 -479682815788
-145725710268 -27444017632
-63859838207 -335865368746
-501251252270 -18943377865
185080041993 131132781848
79954182336 -94421620948
-404733221361 152872824076
182949073817 -278270899659
183141359587 120602532817
-329747031081 -57472729491
-202961517905 26521337074
-75320168309 -90163543496
-250173543173 -162153429375
99337970854 60039442358
-136911119682 359909050602
402133948148 -7552862125
-65651542854 -354558920958
-107814305418 787552552
106387140939 -43460380376
290402738989 -32228802706
212822362987 259219508302
32440018681 -65838088677
251097909870 -22483417096
-206370242774 -208103521252
341924800854 -48690583989
210447386163 -447562115771
108861096095 -428232530148
-183514847731 174024935243
-179825356245 -83662109337
-499789062395 -68782107373
38998278808 -12073167665
-87771727649 -159599972518
21502041743 -223282848779
-239646831369 -350531632100
-126217125691 -27931056593
118902856451 157402353
6899428020 316842156900
17449030131 -21076851721
-282880909607 293776766407
-281805756555 -321999357794
73263212589 250344096931
316643407228 198514321922
-211784031229 -82069508140
-42688133765 -59425455221
-366390989197 103154329026
-240619013246 -8605765431
-220254749358 260398321399
204252739214 -217236886148
30415512917 -91338056293
-19220855003 227728354035
-228610375078 146572927380
539785414519 142830891641
-163854963406 279686366845
-60767522218 -538540396880
47659675793 -23716955763
292882475053 36284727098
-296622630351 274627099291
229182403228 -99880081220
320625987533 -175741921523
-198704815944 135528604743
188987143909 -161269377391
153442083126 -41342481594
268165371552 -171558408100
-166508772637 210851491324
-39890797338 184635338984
48776961458 -249014338297
-67783518286 126260757488
107182643906 240375730241
-389969838611 -24037994451
517839986832 606304766111
24781785115 205729205794
-114898256243 152876933953
-120296047874 217421985395
-40999619400 -333004318204
116185330910 231200116249
88974534629 -2544690485
-130787196137 301755308720
-181901396139 52143024331
306425378398 -263265389166
38951299483 54725995372
13192439304 236423369693
-557865082635 -374061180994
46514559474 7985427010
49086671237 22207707833
-321737788423 119642105089
-148870881037 80537622830
-207116288331 -195694621836
466821683718 -214470645235
236542487352 149391608804
-100010485777 -281388368135
-37675571694 545575981825
-245957382859 159742255793
-49793742847 163441738215
13078589557 166164828900
