# Packing of N=30 2-dimensional subspaces of R^20; each block is an m x n basis (integers / 10^12)
# m n N 20 2 30
-45987900476 263520803582
-312553871073 -121051339255
-312990835881 220723100102
-198200526043 3279726197
-305208624437 -285367708575
-171410043753 -390264950964
204706962878 25476694190
142103373094 203936748342
-459247483925 129836287026
243708362780 280076775771
61293021819 67805124896
364352218855 41146680867
149743818774 -482015427677
-253798439630 120353687581
212623800437 -294163709384
-75385379085 -140663252293
46856478274 23350720223
94309439036 32497730961
-66379098144 366605879169
135204995744 21414925832
-500125779112 -186713603547
30911476132 403949226022
120219183351 378302592335
27769353870 71787665363
-181772911784 50516008686
196689782575 -122314065401
-16304011172 34067256576
-494478273926 105653568117
-329307261486 -102013924004
87904976085 -173449263630
-264093057527 26053162052
92169826802 353656119715
-70316284907 154679411811
-214625908527 -158918278971
197876421222 -119879929900
143641822917 -563909556488
-66897812480 29476760798
110117597381 -98369937723
48969064131 238019986178
-304934729826 94196663423
463857477651 -101753585341
78051998516 -415075307263
-118004586494 248882848522
-228091209936 -402754795527
53371796141 -53007437231
-34015990476 108182736633
-31141140634 68884538447
-27043695575 51290310061
70257898039 -260845490337
-291406956408 285471331941
369491783533 -96471774308
-210799862143 -43099153348
-88159250583 -14323345318
-346280917090 62533078101
-133045559060 -485628068821
-83227111498 -116316842374
-49434802877 -163144655713
281640230970 268063239285
-428067106732 -110754247410
-137676655579 215398663592
-38320981209 -127525919973
35370557447 367688936109
-17511267946 -299076242023
148490974738 -358852658244
-155876572292 -183932662647
332440838504 125844989622
498323031293 -51305645990
292714734397 180004024564
-78628753683 -446342092354
53869393346 191425365736
12472153420 23560151854
-213652643659 -94036600111
103897328102 -357487831024
131710469953 -83144197429
-287652253136 251895844350
79791145703 99258522494
-37317398740 218334149724
-461219277870 -82482253033
202259517787 -189727377655
280957586169 -43260579849
-48465265196 -214980341907
262395153827 -234280076894
-40462947998 -176505697732
-474294873851 -68899327773
-188310992650 -231610413813
30846015410 -118724484316
29384978772 -487955484818
10987691871 216479987136
-44232065334 -221695986851
314205759789 -206265494901
196297356554 296637244860
223391558878 64091944219
344149497492 127208786773
344960988962 -42850693262
-176243403374 155417781792
-321636074462 -51843045477
-19134847051 -271132526918
-143652390301 -230896719522
-177776607923 11251894343
226134912999 -393296964405
-206917988961 -343884801415
-140153833356 322938131865
125240939983 -388689378574
-221897728877 2915749436
-50616958276 89736282027
11911779778 173476824632
-23089143084 76126590985
399152496723 139743336108
325023890246 -297437929175
84980456529 -144673226932
104297644260 -15648532798
-100656627784 198396083012
68610770170 78456543453
-232495125934 -68642880521
-17895304743 -129860888622
223899951255 278057264717
453371312577 -184899116370
314133763184 -155314119137
403418199428 368679323805
-1239637779 -338539345582
103147543963 -168922055289
-117131499236 71445536407
54286934988 171938697879
39197034276 262948001317
-377150157770 311050237824
44484711122 -203270354243
-245977043617 -104549625783
-196217003740 210500050446
-171050494946 -161037376124
-246044880435 -109913662636
-309112925802 -35127097086
307784301344 -78344294347
-46084138732 -116896653328
-33918925638 308387261090
157570135851 -122270111559
-232965629686 503580501586
566888462737 397883913278
181640108646 45055536788
105452770338 140990665187
-718963794 267259655965
-172838223359 -93217282331
-20249729782 -85827220475
-74706369903 54364473628
275013232141 -433720103131
-256711156223 125524597788
-157339383617 -96386518949
-172629567049 -18571290608
-113339234751 -168694475221
172005748452 6291065405
55341876198 -458624268464
-91981977369 -229867450217
-132683153630 291182601014
-198159680874 38580617434
226505021530 -154787681151
-217319491171 -220897291047
38584226404 55127746356
415438221068 -262950964350
-358478611941 -41701832874
-236011919512 -37775228927
-447661233264 -491357666981
-177545434683 -134632764198
-131406227164 -573806136799
248641816211 -246908212638
26637746995 347114903685
-166003486533 -53762684955
-79617407621 38491767558
-1644875214 122041475006
185302304197 -122375425012
511696442624 -174803877285
39714046673 -196354517462
-27051663241 38653495406
426267861727 -13579168716
-173595558014 139443766183
-17681761973 478974477297
161579454641 175549800912
-285771322279 -260964829866
-146122581752 -88951251512
-410857117966 56022746258
-74227189124 -75480704771
-201765052926 -40081518821
-37857796759 161004976782
-401233600735 -53916294721
-96768222795 -86898739687
156813486355 62732063996
47656067941 284678684714
-509979407399 17371744570
64934900989 -417771427179
34138642062 278756034315
57227693005 50708023114
14229786529 211114000281
-424296020502 -121153235049
150261438600 555547882312
-385594796823 181325445594
-76788927138 248429836446
-117316032852 271223516764
62222045062 -117883643089
-115028897909 207442154555
-73303598748 72334463705
-351715834398 63658210693
123632594973 145870435580
-422278776879 -296776995303
142968775446 97621115540
-382381104144 315205037672
140474889127 89005942960
-47132941755 126490418302
94341604365 7239683338
224217269532 -284762312519
-212817778784 -169912955524
19562103852 -75562003394
-796927007 -303549739909
-163355516124 334655025755
-202730087668 -304824392815
-177898118916 -405874708562
168862704824 -161220588919
83892263396 83888952067
-324614711207 -225474919545
-353880337860 337555525305
182204682607 39198648478
136495767158 -20016817766
332868866538 -43098524829
85828209590 -355937606385
43565313547 50509570765
89273587537 314231656921
284346573782 -218568558074
217922814962 -14665184689
-415812659204 23454027744
-33000455041 -242591957173
25810848036 153409242850
-196072122555 -119421777665
-21402351859 -417125237815
-490459615609 26835571185
-314715885486 306325105150
242251326440 138945612200
188821758519 -15333129449
-248583159207 -178169468117
-261399897200 149623015692
-85527969548 14989854228
120820321850 131338577943
-88118567674 -464536752954
217089156804 226586611551
102330753471 -320125241036
192612983646 -274398653856
150975506296 -6151022784
-3401372950 -188196837516
166581343312 9203288476
278632501880 290285266334
344290476750 -172971263947
371188920603 91082609165
-433728928325 126991048455
-172206936054 230822132962
29273962562 -213432269203
345541195924 -100038401609
34109526034 365675008538
299864412784 341445803540
41688280076 22686963239
242309404874 -34837603597
114657914058 -43756812363
108646491837 149911375967
-219375077853 -41525144830
-72659596015 -510972765033
449639141996 35903649285
253516168242 -288323499771
233965667559 -35353143749
-106236642608 227047181026
-227139262669 253888112556
-251570320671 -5843099218
315473294110 403365535991
-184516942123 109870287129
-174910162352 306077231257
-231084739718 -79578439518
-248702376465 134809002674
-39237635885 82646639073
127315513590 354647389819
-49136358187 5794019427
-76660719178 373408933345
-110750938207 189557460649
100271802021 261803781769
32596342566 276654261493
242221644006 -45612143559
-406371184999 -223959512209
-69766155088 -300075468909
-481972937278 236427567297
209994443255 262191608293
89065925303 344845686130
169440731428 123737358872
232652266657 -246803543778
467162753686 -179790241653
-128022025254 -316482772252
-133089772375 127683266182
-8220043084 422748395756
306499784055 68788475219
-54919272247 -114689641982
-471842841166 8367703751
70969624666 221335230080
29239621104 -95101947418
-14536194604 107476520487
21766218267 -165140097928
149494418225 217943686448
-162820888605 -287944330263
22937904529 -132070497605
-173841442725 -204521574533
53924988001 -28397299306
64468732413 -126837129816
321237407720 92023407522
27571039386 -251175085497
-145001925651 183917386631
-10981193784 67612820674
181994876207 225860102438
-326459864657 555662076365
323583524077 311471088283
-429961296583 54339460504
-16907307473 41419527102
160702291314 271295744356
-364733981392 -155079086478
193639887990 -415514441276
253886151529 -75950545810
-218666881186 92275960701
-175237032439 -22106584533
-206743761753 -290982719476
161187187733 -10985097892
-151526326743 -31834764559
38349421659 152732880505
115075748788 -321492239594
93393452673 -295651698801
184378615931 206708430588
-84549658296 -262896743147
-39365177043 -24712344538
96593389258 -90396436423
75752927850 15129842605
-41104620448 447303105043
80524665018 380144768134
-264857403772 -182356718065
236655527277 103389402033
-89614199304 347704431292
703776003707 45367278554
-430788069015 24537549199
115666584501 32002502141
-107476378189 231446804979
-171634224063 75498325348
134962009225 -302744017223
-161553022731 219054535244
124867154809 -79387974408
-200815010611 221265731972
392331981944 348688160
-267163333697 -347502024043
-446450500975 94680703668
176258474906 -172329408857
-49722122250 -145261158424
-142995122001 -185327769707
36903043595 -330111366659
297657998985 91084349991
-37825982158 -175252265127
287234794297 271906177257
-164608920981 409762522589
125399735522 29650531687
-143075980457 -108158505418
-150740450597 215738354450
100068337246 -408945012147
409884958331 119797993387
38023790047 226622484796
197664278483 -240999306290
-51959144671 -100501049487
-98623541242 252787700036
-224287086503 -72987312385
3886754193 -248283997715
-6757768978 -143060310806
435458366164 -187488116396
-104923545795 66954152472
286940603442 -16809764482
-403863769842 -211224698356
-108516654295 303664960294
-150453483704 -26975660161
147875334334 247602221340
126664624952 470056269662
381617024960 -13394605146
204681653825 92053740737
-297645550398 -155252387138
-64173154381 518779824317
-243217832894 137145179544
200867968522 -6931584641
-305839883260 115733015834
31874436146 -198912710403
-200695091089 160720169999
-871641533 -299947794147
-148359674943 267624621972
-167426565204 -76408944941
-97262637963 -488982104304
187901322876 -64000982112
308123112522 121741813088
-629415852644 237657698933
-222580634293 48286338116
-123006502761 -130139358941
-98437015751 -244467630659
174134775757 -67580451399
-64349852143 350081535103
203356274799 332934149131
-44396792331 -67480549473
-301848639490 -213247104600
110912873169 228818428881
153908539612 141029758637
-125966721453 -50537029644
-14554847917 116939024735
313607209468 151735426400
-351388134250 392146234243
35386032726 -338175490710
-244493368800 293024001298
86838536179 -40539757998
-120521414451 -148095715315
212172080743 -17276151816
-46064572765 -5311433378
-187503182528 117354005489
-237949913751 -28590633924
538514913040 194760840226
164153089778 -363166938770
-45254452739 41582427561
296992824777 552213244625
78095012295 227448114713
-242376652391 124744892644
260849917064 -82082735264
-414757277 133151325077
15958472307 -83206641715
162110759422 37133247470
-515583375742 89226731989
305260672344 -147961198917
24222206933 -696542118849
284355148723 384348876300
-385763220070 126943468897
74601171686 -83076319364
-4914308837 90826729221
-90010689525 69933931787
-102363534779 -281581986332
-362117882321 -141293629251
81215081889 -271200941146
-58908738842 236146407670
-356236153438 -75080569708
-190340124519 34589589502
-22900932468 139232458599
129516291138 146883721809
129289541201 -108466786482
-147254355529 68306940929
74054097800 -84203551339
266025277688 -54202370338
-24653957480 -73411989108
90595010022 -224701177083
-333882279115 7576137610
-570858693110 -298751625554
121492468620 149518953553
189658988816 -413539166428
-31913185368 -72213659228
-27076244214 81078678886
-52774944154 -272797741480
193897295798 142339239494
14201444617 47769837927
229911528814 -56059772867
80624773307 30422455552
218178609588 286546073565
-9918562453 130065478838
241307148690 376845935196
-459915266382 517098261240
-87735628676 173679215573
16393098510 103166185930
-61112178145 33186684699
-455389046290 -127863698786
89415253961 120741213191
334124774514 290082907170
-124563214142 432011599799
196795306597 152021198638
239239587653 -138121561921
-152380793089 425590598280
-204574068927 -65120133593
116299081676 -242615544858
155463953806 422157227074
-42201941099 -156002279961
124131659567 128941010386
-189016447380 3654440640
-183416383953 86122986606
595131808483 -184145149055
-49516139028 64591016903
-8048225055 340830015141
-107149615344 -138820459280
-334762702425 57050834154
325018197658 -21736256679
116959120442 -55940077442
-192545400290 -210438851228
126198649399 269991551955
-227994035692 -52243091356
527310852800 -23849518300
141353517151 -227351207571
97135888163 99296922415
-18863711933 -31591037168
73763314897 -314463494385
-186832648624 -96049253118
-285777814345 357981093481
55406318323 -553951318429
-51311065264 -293059536968
-207859541311 -343043411532
272058584883 193008547450
115358222706 94180461613
91402035474 -112148143080
-298672665380 68785891691
6281257252 -212078057683
361661424183 347900271160
136864774058 91005242663
114585740367 122159596761
143928082925 -257886546194
189324322282 50132018631
-62891521551 127154781751
-382951629844 166821601394
92311246678 431854269703
-169386331546 -98363230670
512656839417 -220116088415
205042624172 90706847839
106415326634 -28291209915
46709912864 -109738533757
-175425594957 367126494133
31409428551 -192322726988
-261548045542 23525010160
173356074257 480031435692
-83337785924 -157047165119
370660468217 -68223108032
-105029111678 -186173908228
-192768158371 -420331399755
243550141170 144639629680
264115373405 51772907841
164271635322 86898195814
44539503953 68170569586
-36365326008 269200018177
583242283881 -377628239734
-113984936588 -204012479546
-105022046352 18907071421
21507755302 87227706815
-77118394373 -260443506237
127104388441 340131153282
-279835745520 -132157189317
-432812011330 -73675855894
117866286525 -61479101785
-211199027332 354873050607
240889494991 -211652311819
-10757147145 -206730146761
-153003254024 -254047119859
467123289863 -119067777181
-4397926882 377530710832
249127621641 421641260284
142508588157 -45844844800
-368537086111 375668697339
179146604613 137546392558
37743939480 196088156513
417775328660 33420889413
-200984947 -123870339951
173465814921 328298408072
-2656600626 -169495268035
-314028812692 104057304
202171753153 31929328321
-214631611610 136961714193
251434518285 162136009450
-23652688981 -63659948669
-95089705322 67669542596
49278245226 -450993682324
184665871399 -150258661983
-174719558036 -176843600540
-329364540486 -449493057625
-105839182726 -270678823467
93340545484 54535836535
-347199142730 24360444224
31928707641 -76466603560
-137515989056 -75902308099
117848873905 169389111950
436737524496 -93756106993
-107488005648 144537465862
-223040494221 77440969247
32372470153 359658452400
-450855879623 367283759808
-172055670278 15300227615
-146089669453 -315924801606
227673434196 -89162243387
-88241101540 -126433933653
-367597231956 134403042275
2159640862 -234735082890
117750129078 248787362737
36263019274 349073831298
-96956471022 206731260357
-58480906419 -124999566466
96078190123 480376974387
-112742683497 355313523738
215631099230 12980512983
380691705261 78961516967
-191671870355 19646824631
243621450112 -22061676937
-107542259830 -254525920440
-46677445665 21861065024
-455775720879 78306850485
-158097846606 196346892825
-87687473918 -134624736655
148124242685 112824895290
159196394962 -13160152155
-375473525410 -201137913183
137199919318 -382683833067
388805827032 66940022359
132996939397 278806676718
218217218947 -408976819531
