# Packing of N=47 1-dimensional subspaces of R^21; each block is an m x n basis (integers / 10^12)
# m n N 21 1 47
53011421060
-6042017288
318461899807
-177535230846
109346558952
266907018048
245874150868
-145852040123
114856607476
-131896332283
-447560022981
-65148731491
99770398138
-120689239363
-16430836508
-100585751065
-287926659270
301978960473
-357976994032
245716025438
-258120417146
-68826597644
-262716287586
451678157475
-116817479663
-344667826563
128372630592
204108516377
102398007937
100559132388
367591178783
28410795247
-220580200064
-185909227569
-320098411354
-214044235618
179668822309
179472237239
-12687579553
50149918094
263697563620
-83189811103
358089146333
211337054436
55818300174
470292650427
100058043970
-142461842259
77709160230
190066485224
154791971751
240092077283
117416915092
44768284650
-139365104095
-64518395036
-244950011153
-115082053751
343266548357
-133005525814
61479890407
94155386214
-433536897189
-357869569350
-13124448350
177963297855
-238797425278
121181815262
-106992170225
274159840701
-87956829034
343140700554
-59343089219
15313239144
-142788534645
172102563188
426648458059
345646402683
-305257908234
125269771789
119780218044
18373617355
-204572925592
-188705799539
-124741386847
552010247617
169106025023
83642181909
-160120732041
-226078324994
72265301627
33926150461
55999620642
-165464138973
-431182598789
-144704899105
-382295740028
-169901477038
-274097066844
98055543479
-1727997392
138669535665
173237896334
120066530891
14683735477
292688044938
-145199634004
43285114403
303340489509
97662365912
367638246891
95307658149
-232032659867
328876458218
99566642732
363575787552
46556652116
-276512835673
33812258566
51407901210
78591164548
-231628584120
209606283403
-14873476690
389549976194
57759168689
-42257782933
-56812009404
273742036639
493691795528
-96600254480
-682397740
222823065108
-250598367668
152977174561
-564880442107
-186652814036
241119448992
-18106616514
15658591450
114091735584
-257906239538
101796947461
-100586823009
-29477872579
7945539814
132479657377
-199227273153
-110769943392
-64982522540
29944005007
-2500410790
155949713037
294466056449
146882832120
318157635424
247786694267
-210805183134
214012124365
103314859885
-137147713279
190709578843
-229238611564
214840132073
295546678259
-68408076899
256689009348
484735223006
-95790638651
199403288866
-105913815457
-5316065840
266224717365
-104864838610
-462536408959
67128152632
387565705551
-23043711723
-129884300819
-417172998243
64080698876
-201524718997
-10337864094
-353586588157
-152251559267
-75573219832
114079600685
-8973795543
-293293833885
-141157075376
494896174976
280148450611
-339454601791
-98968290704
404608342077
-127633713280
-3841086632
283946664545
-134205110615
335910043039
-271273625265
-68747113622
110834980529
-62722774590
143229844034
-41697918896
-24843049282
-134148385569
68235071277
10161958346
-99603895673
-161734838372
88224678929
244481629733
-446185880822
80517947553
-193197504043
-140050186456
-290153599564
-53585906146
-259891092297
-98704533211
-286470730084
-54051404872
436946059729
286255190172
37248728774
-62791730725
315921278360
-57673972420
-56581550988
175970532916
256140504034
150663744646
73968386744
-237242223434
-13788813055
-188344745563
-288572933259
353736412782
-45505882237
49646882938
174145552470
106473840311
307568546576
-15603421775
6800059452
-18796733894
65207586544
640255702200
-13993080373
-138160801235
121848910376
-75764896955
-211953729135
-131045194243
108194493121
43938660789
-26889680586
-220714359728
321519676987
-94090638741
-365303394591
197393131451
161116250759
-504493056272
-80160706652
-25791398089
-54182035901
-296136907168
-208487381597
-314078694262
222023398621
-75389941745
-63277298613
-195658539491
190261747898
75404336823
68431815952
176446007726
-369318335526
-243410432867
-116828447319
-168363510366
-446839137112
118445718622
-357223541527
-202987675588
25384536540
329284647180
-279013732689
125982801787
130980560448
-185020390351
-268802958657
128946631459
233358044097
24038237868
510090712248
-207923267680
142905715125
256073543637
26299011437
60187369110
348068742345
-132752512385
-359119172336
-155935251914
-28465036958
120838297029
-309827173974
-105672853275
173609181330
-116368086823
63549337845
134840438456
-258861412494
-129899024068
150105269662
-200175735203
-7426881270
-18704968769
190182570608
131942392542
-367979241541
358726119432
-241347429885
58637971214
123410128547
-199638039252
358523594954
320470493537
-105460637234
-316055107565
235120404040
-54309064315
-71480524174
-196006205005
36274812583
-40183157334
225528971163
-78811934830
-480429693115
-311004387823
68322604866
-79034237880
-133467505940
386549938326
111130355190
-20628301858
-206050950942
-238154730771
-127176221167
79594018023
61915418246
465916310679
188178103154
-177448987529
-82820573252
-102465293382
-66322918283
134628319032
-84489666856
-229719542406
-451393761321
88184557573
-379563722411
518697322128
-39463041246
-203450098041
-353079414056
165352285820
-96617269903
119413315795
27437392773
-123318779892
-96961021620
12652211544
-175881155080
67341072685
-41464075831
242599487950
328540502771
-201325150387
85817738673
-34062801131
38094865407
-154832270430
-150321408628
325158382502
183578583781
124916243441
-461129152948
508665370958
95373749698
-233755754298
84162753688
-41282257439
-1269886800
207325938969
252822100793
-327254108185
-394468468403
28628966739
196169906699
62932844734
-315965113019
-304832087967
-278738363906
59922785586
29128229258
-164824189320
14754741905
-86159735667
24168666506
-41083502667
297564600331
236112871908
341999069414
-117920150635
-276572335988
80430526409
159401419131
101653495650
275521855783
-64367458810
-139259050047
283296422634
-281587919551
129080474619
-219663742915
64665824839
231086394764
-386585404036
178510149620
223601221452
57778019987
160293521074
162312188318
398936603807
-232299624770
-131012395834
31872409352
-25144617457
427304724948
89676591799
-98513139961
-100152534316
-224928317167
58561384761
48644114905
-9941276726
170750438832
-238558711626
-115035451834
-411207194264
-156549615006
-392438421169
218301360196
-330782526747
-290210854552
-161656165958
-141914220363
-110127122020
-19625869539
432635514480
-42924935234
-8336631089
-118175609130
-178947839416
56912742873
-52191211357
-99453071602
-201602072144
442086692803
313993749519
157725937561
157162112001
-391972495642
-161147924828
-49930934514
323484787646
-213119323900
-180539917025
175734169166
-114075780110
250145578755
-46542105609
-344857797002
109694331188
-111145104371
-208698997086
128009374379
-91802027639
-243495269696
-366964774668
221971270881
205833235371
-389299078992
-83621429408
-413229229722
-158585229859
18270575922
-81907596028
53558431357
332035667298
-112465516098
-106747659279
-357059374428
144464381989
63737351481
38549781126
-300048617753
146171731754
137124531433
130776819366
321644843986
-22470863123
-40169351266
-141651899743
-460846068100
-229290317222
-387510526054
-144023293289
-11395410720
134279899523
-43312480005
-256834195409
303034271076
54721409840
-154927982278
52682168022
-67939744292
225817658601
323632328161
80519556954
-73054087532
209598229182
391014087915
-47084649946
258019983919
177395244573
507126904877
-86091772334
-237845199736
45995879740
-292434056995
181002736119
166686686774
-285054575
53689604012
101094819117
60868418810
-26033168218
102452668855
472467411245
233475550560
403891731774
51032433015
175069237301
98093674659
14499953332
169691052
-453190267695
72463733539
360815531607
-34388256846
461685773225
189444222861
-160353557750
-59118583567
211975323830
-167528013418
101323795483
-100615897333
56331709328
183485030573
-186736789790
155203258800
-480462358782
201518520721
214338251944
388393594308
-62627565048
-174199452559
141424201322
-86348156254
50913538943
-178733245926
155912295924
107952287196
272828566644
-70264600470
256506136947
-274414699289
327565030699
127613921063
-293026692663
-226815315264
99445643177
55206631138
237064468353
19338857827
140276015848
146337589434
223777265817
-95954266483
-250412929515
-467047957417
-75305100597
-168059422271
-167492246213
-248110618957
52207729996
-645164809984
-10183527536
74320834480
58967623548
-269280025765
253831473200
-27910569343
296221423290
26529466510
2964097345
153596750858
-180421770460
202197690101
296298449763
164658800122
-101443759740
128699363377
212142293139
-70042558579
201719245760
-75166393615
-222537092731
79808286026
709904780051
-17879582476
-292902888037
67992866726
-123368838511
74543775264
-98338665282
103895676480
-338627424673
-58167432364
-42779658899
23899678986
119280052478
246315519641
167460583576
-524411791432
55299217019
-42120562094
173080076181
101281365256
-137614936236
486944067092
-12974982454
-87444010066
30728971127
12956595453
-191439825763
26956597741
-329863897674
-169828965861
-276337407329
75916882126
47297654995
133040348946
-331410075061
-3007909861
-137153741092
68444699163
-103106789760
-323661426206
-85809836702
-457423977031
35693922241
36323165326
238806757884
113512563699
420073971558
43646858936
-395110983743
38448971598
-119442681577
30247168175
-34957420818
56128762292
-198935755905
-420609836670
-255028966784
-289704391
-481423176379
84638205814
23746197191
-5077500897
168669587448
233135624400
84481101282
27581176565
-204216881350
-98760696803
-289360643051
43668870032
297525175451
75850592010
-426995121121
384236068259
48996629610
84478343735
-184039120108
-306880227806
113712871109
-289517827131
284335328001
83246100465
533822984631
151080943468
156461475791
-23262354556
-266708066544
226389023183
104582706813
156680479814
-245490936811
204133794660
229392979466
-53876485745
-203304638658
53091644280
17917360276
169348262907
208167725777
236853230167
-15890162780
-124792381171
207075585221
-42540743534
-471895706787
246233581054
126949785054
1559121376
-322292912379
-101787042060
2089248125
96473304860
-33794493168
152776993215
347714376370
80205986524
-346250694260
92531135063
369862646393
-161340235568
-132136407529
-152019443008
-129568067543
-244203349688
-181267306747
296409002362
94653568875
-10274989308
-125585063988
-38800429442
156428873348
-99651879093
232967336422
-450947539340
-340356327336
315871278069
-171236071611
248121877582
333289091701
17470413275
636862104578
-293114661959
273582284991
12451495885
-349512397939
-156347515197
119968200638
68534329887
127025115573
-115666254980
-6344747149
36004162197
182690188662
-125123427095
196987737642
121462743504
-319870787206
-173594713148
38972101839
-17954400044
-7884850250
107913498681
351484546379
-94652726617
-166724629177
-50442212060
-87874513096
447399483221
172994013588
140727044496
-167604595469
-114827931732
565088113723
204376932765
-138491202155
213847207436
25904234582
69502051092
19138674431
76172638253
-2430206041
-298220795957
-102049358008
166813132702
198323749764
74263398023
-19771570799
313238539959
-79858387715
174478822408
-337421035400
-259370126144
57987100570
128492514934
-55826955349
232618156292
-441725861733
-137134747456
-202732218908
40321133598
305949294658
-276279785733
311073318264
-423977222028
-13324852959
-139933037707
57285460295
-482902220278
-390793316965
-230797253993
54300243909
-85124789185
256499140443
-44236342591
97178437795
-25856131831
66265428385
-89535707033
198848332988
-14721412110
131678680121
-312941688055
274056591931
165595965120
59256871243
-12751076148
413002428744
309467935404
-138479597294
-318271108509
-125388754312
-57656809407
-114848536274
88098880471
224971734026
54950409818
10993376955
-310597178730
33789931653
-62650763166
3907682757
472877495208
227594945820
-64534351871
366920393102
-50392136571
93913607890
269781330926
-91468061106
-25110758653
-122335483896
195843375078
-222515103541
130708307454
138509533880
-70108578956
-424040459966
410617442030
-66299775446
-359846719892
151075781107
-330109551355
27659808580
158005043882
-335809335645
101225071957
203658224867
357584651423
287910186641
51412196093
133426434672
-375507983313
28954793684
-105603096094
-178197306145
-219283332596
217830227449
157988756286
-47896858313
-14932266767
120802932983
149943402503
-124982227692
-39842106823
-404821984273
447047925250
39214738802
102696266670
129398296266
113932088268
50191592674
133262840610
-25549786392
152173101945
-253321033593
-514253202955
57516912752
125571863403
72959389732
164253272090
-57554973863
122651153777
-248580051906
294987687718
340110421631
-254102934502
-248135659885
-355885439898
42174928228
246273054667
-448034382809
17246608877
-433577906561
-16870505819
133890363870
-11962350652
380873457775
88795809702
302465357856
-129610172245
81131413922
-407696538662
-212123901564
-40570763177
-11238393714
183695910719
113608867207
51268366905
10670806397
-222993287105
-305708647454
142230321690
-237292085132
-162020075459
-303987546777
170124560836
45104671580
201389413786
-313592261958
-134846676118
175542727954
-427367299430
-25846894307
7156018335
292096086445
-71759559759
-89003082146
-233109960044
-237011478417
-224675163765
