# Packing of N=58 1-dimensional subspaces of R^21; each block is an m x n basis (integers / 10^12)
# m n N 21 1 58
-17348783094
-211772856665
32768910654
-67880919631
196784083352
281303905403
-81097877239
-348004317176
-65512452858
33645504908
-58201989581
170476856963
-116984921993
-283082317729
-202168558683
30851859879
-413651302946
-396429715856
-71474149624
430397298906
-107223356700
-95335033253
-155248524603
-189924983395
-415753695286
-272923787770
508142947439
95502499999
237329849781
-19280953419
-127526279020
44497927399
348008672504
25054771704
284225905304
146387968713
123554906598
-150310184836
-250429916485
101118100764
-78100541880
-16692243401
-280480917459
-415377896074
-410878973858
229744944244
195364355824
75420138630
-76771949253
210641004302
-394020788987
-163507957597
79427687608
95366233571
216359306516
-178787103767
260893665145
-28811443813
-192986758641
85329132335
208416919122
2004945045
-6270572385
10625182764
-52415222991
288537743443
-264068951632
140932304370
69022446554
-109876299268
36130544914
45306020192
-67571361841
-49302297695
177514237136
-255909600281
-16305021324
131697382250
234035236883
371656977314
-208067321580
100616513887
-216091365329
-624080270486
-292970556970
-16191697824
261965067915
-47013839562
-232180861594
-356463211136
-391426404615
339851854324
332189987078
86526882109
155184464757
-98508109771
179140379546
-108483779927
-367978953558
9218845479
-220740225117
99517278214
-47116897868
677640594
39435291833
-13750297774
-39842430452
166920620873
-51482037506
-8615780390
200512971546
-250256447088
-224913620756
-30676338288
-368635828845
-113553491037
386298956589
-228525813419
-367296503611
329056350736
-111339880845
-146440858665
-35850486053
148818601212
-350771195652
198843670324
-168967364508
64467309806
-165005862754
234328109256
219895325437
-280429379234
448014879403
-17550535683
313484090477
-216934927854
-382331640206
6319007564
129769608174
-195507505833
322353056174
-100996898928
258721034
-51388776181
205013533738
-110937043745
198578323444
464540689461
-306829285758
131086297035
-34436563494
-244480203996
138400983236
-73502497124
-77530956554
208668992350
-109329727392
-27078213679
-4236040674
-319767673559
274195081243
238438002360
375753361330
86485253844
298905809819
204545800137
-22872770906
102167292520
293100543267
-82070936217
189323998859
-139281937696
-34676858638
-114035257437
-170275648059
69268256017
-342288346936
6979220102
239887178427
-174789685350
-56244541921
-278640132534
594199929269
-152476914801
86938618872
295416168950
-90753753082
35723535600
-193234787934
40740532399
200940837534
167729508624
33198236306
21240579111
-82264065485
165688724267
20015194277
-84538401741
-486922471934
216728373769
271932572047
497803031968
-23687590799
329113477496
133554894429
96282970178
-155477210762
-256927411129
-184086125242
-143640210504
-108942654133
103471360135
-43615018630
-249800695545
175633009955
-120663201629
-403458562818
-343569725619
-131917655756
-155493395675
210020885226
-357799905723
-65571487836
90145009746
-86815943774
-94173781069
-363168728304
301992815031
219889988945
-266450744368
43780532792
9689723859
-325571179095
21976843954
-163068230008
227568557295
-230119343753
-7608904213
28653538375
-332706351292
-145407086283
-458800176667
338550505612
165511137882
193902586937
-42182743293
-83664415128
95421668599
-386911549952
-69051728021
-182344746699
183489410544
-341592827040
34594810963
-116642392234
-253425172132
408416301344
89902386672
-108471537403
-94876220963
-9604468572
-261535188150
299255950245
33634792445
99346136051
68439573202
9075190778
101362138651
119197651235
265518727295
-169295633226
442303954341
-339916487192
-344964593129
160261869477
110595585706
-52478821300
-28901943316
235219920796
326881077778
90441184669
147278113680
442545303039
-95786729047
-325238060690
-181232208305
229346228071
369434176589
29197703244
138650876285
-252386371883
132899446530
-114783533126
-10202917532
-50873279524
-74287872540
-247157227079
-77088759012
-92862684698
-43541656375
-108465514385
-396525727921
-18564010086
393070957572
-25995100559
583491964294
35241392958
293901934946
56151960099
205080671787
117051928378
63085245454
-123182094972
272557116327
96878878873
290036515924
-173472824573
21844184959
-49844011249
240315664125
-294796565542
-21437941541
-208470532732
98211321957
415953979978
259309907686
98317571578
137986592786
150641626152
-288451456859
-205885402892
-336753756202
-175376778820
-252396040116
-239038358871
48452308326
-12342678904
101217028426
-379082212859
297758809212
-26548902888
52980436026
-339453927537
-124910292044
-240506057548
83839430619
-134087409255
71570498220
-296797173432
-29063117885
28499835904
125794126398
160511353986
441639900770
-92063588668
-249047478897
-371540249483
-57682391928
273330030947
409668839220
-61986399743
23812178179
-434800352303
313845000556
-31866080560
25085412952
133639922983
340764102524
98705539567
-152485670948
-166015430603
149604197887
93343629705
-220827778399
17283864643
296869354417
-305832494205
-64592433532
34766460567
-202737419394
-476672549240
-172578835985
-248210801716
-30112243927
-110568306632
-31422376352
222005233077
358897945045
-54194830014
-213242317069
210314973113
158499184415
381708533186
-104831904982
-290651541885
191167850198
-44106558697
-111368022115
-192457699802
188397383670
135629573420
186461315161
159833890213
103536800659
233525693900
35907185633
284981907753
-285833732007
60732898492
140124795361
-126689923021
48302916784
311152430531
102711151884
-398045542391
132701141874
-240778612831
-430802424463
-107478992910
275859162965
148284860465
-244253011752
-129114646661
-152937950175
176069519915
146528556950
411966031111
-117774873326
220613171520
-18182341199
385993836799
321142669256
78173614234
-305631555382
179821391752
142818379536
-172517629403
309034262083
-100689444991
35110264310
228513939829
-293675770801
251449210374
169223045760
-399208432938
-27587344288
210797729647
198901226368
122372693182
-76671097979
96641544211
29454794388
-76175988596
78693740051
-22698158696
-484185846713
-46449227041
184123353451
304214126736
344480683439
-139509459694
-181722985783
241405457237
48611527536
-53784661033
40823459276
-176493499049
-43470171883
193668427528
421686086695
200379093074
27019074163
356920556411
345459037089
-304665489487
271021741467
-333768223203
-238723993703
-64518295050
155188878003
78317529618
101566835961
139494944505
-253445326639
-91656273842
128422941457
-111663201423
-133881973977
-142246215329
-233517407393
60594034652
109224348768
61719283583
109272563320
241729784104
-125615667070
163091385514
21727493732
-9242406172
356827281875
-183354115242
655507505339
-7915445689
286875042057
293616345596
-152995673286
889635352
-66155792334
204418255836
-32816377744
-165042690674
112216952857
268948639905
120196611761
-471045378170
-255481170533
209912223578
37315117597
-332207941488
235474769167
53773638139
184305593450
9364323143
-384933900891
-181620324845
-470111959600
-107491573205
106429999824
196819374509
2982512331
213775580068
205499517989
-166462741217
-583014893379
111817419752
-181797751049
-66621158680
-94901045983
263823230467
-189298635161
108848316114
-79738036215
122614482547
-214219979859
131564764380
30744369077
-74283079260
-355057925672
372836277639
-110985862209
-97951841625
-542956157088
-50241391684
-286510881852
-77723033973
-196304742439
119160351312
-22347219744
-246643510001
250369766313
-77415634541
80846331557
-16399571446
-109012150487
-63150629404
312174385611
-138443863225
154765028447
550763590331
-157520727088
269313989732
-148952036775
-50918791271
-131648574447
-526195461066
136685231428
9696119576
-61448428021
138087037207
217603123453
-104629567274
4091018982
-22023792676
-329149975987
-154822733603
61836237463
-88844879877
-109197214374
-179998269512
-42177123277
-85079031552
-395981160347
86112858740
23342672928
30761344772
195203955889
282949569938
-374789774877
-238192419635
53626004876
-6837334369
-460805176571
-164396379738
210093656284
72120650594
-160861231998
-392414396234
-24329127522
73617036680
133205937803
-110940777509
204291394129
-427701155565
-420238716455
1631246681
174926059546
156116732600
-189560674148
130091170720
-358930487750
-341437369133
-40425975253
-138060980571
-1683778310
223249721163
-212516191717
-79470283596
19364707110
198264540104
-231822973822
-74991558571
67626650132
-313979150204
-197190588564
69038154275
164646944730
306847396414
-222551420027
335975680124
-29191577458
66585255944
-30863280408
-386754289685
-165022643842
-109387141969
-371298554923
-186014950488
-116688643950
-6208834694
-340521603650
-258471951750
-265530904015
244291068668
-424477521362
-152618881848
378818052481
-34350682411
-392191425381
95623341257
159935369218
64720437754
-230328396048
163329114648
-221475660478
51574685486
252002296515
88794076929
-157730787963
-288798069544
120093506822
21719769736
-54096076543
-369201789802
43705788111
-61742696717
-332398426803
-359909754479
-42801507786
221897183444
-385369838893
46442435634
79178471421
356460812864
-136171123756
207746077550
-2598335974
-134559484556
281147076741
-127846990043
-133307792388
-276118606565
-114340553859
-24176292049
-233572155404
327983639222
1989414507
163667210382
-295774778156
28474888641
-205136916825
267726237958
-263156323037
-14134475973
59400721473
-163218683751
-42167161264
13832156427
351461410431
277741778758
-449406189098
-22564115585
-183613430206
-250935868367
87265322190
415531560397
33747859042
473291457725
334827799430
322661866603
330689218110
72721263451
-110755975427
197982882245
191663246196
107690311574
-88766400311
160818480970
-152010679234
174910262742
203515144080
-38300993216
-175798387403
41378459319
-67771856580
-63174791149
-111431136293
-255759800908
346281575863
-95902089101
-193878455148
289761088008
-163300307000
-77668544920
157355220691
348228006725
-141761817986
-55047143015
-17481917072
-130435390104
166667059677
88650133843
-85131935352
105905707777
-464664420574
19577710646
426551988124
-194866118145
-215456797355
84578538117
491581835986
-269964170280
151685327978
64022644006
-554747475162
201382637659
61339201407
-4514514613
3466187093
-305684036757
-125860349868
-4495169678
30824866174
284087559638
-144021762879
53533396213
-1082752231
-12156422356
285532438800
302294519613
-180821145454
29084634428
-261372296174
130991447434
-150046622407
-190858948978
-140083338293
-203973760100
81079918501
-157037740013
-215986184654
-166021520512
-186286761712
-473219501343
365950172694
82017572670
172799677142
-21554785288
229880104310
172459721781
-160055121282
-245312988040
391819585000
-280322030518
-2671181438
-49414065188
114852132124
135482901876
154850129586
363394242994
202227914940
335530881183
19815319795
-147885918290
445750827453
8969432513
1574909076
109307164356
-251429315529
-112461452499
79810984494
63409045642
495891879606
-90017735636
315054830849
-5882614209
-25286954970
-122092446546
-95327835661
6603632796
-109661737641
365496588982
25279200860
232899975303
31086374976
-6607432583
12956534501
577929165728
-196491208594
-189919559917
-35682796798
249151320561
65223592210
-18144182451
109455116354
176113306915
-129241395886
393354342447
-47244257691
-356486137100
349333167722
-263326718427
236286005358
328086250421
-222627507195
-225581271681
144307686367
-163648773169
145850311962
237536019264
91071356550
-26591534636
242075646520
211225602918
50623302296
126985135133
-100766841038
103346761925
-174191744747
306092082409
261046053171
-380696651317
-7668833679
-15982581291
-11182105946
191591549512
-124874638602
367169836396
-234112402045
-222634023743
-96972460961
373059356614
-282214666184
151189073407
43769700835
-18918281149
-429879385989
-276490251245
67529460597
31427169949
-204107754459
81463309773
-155889279026
-356327063021
124763233595
521776950587
-59837488127
94706447017
-36269281030
140800073929
290157279942
117577150325
3450110512
298288285169
-197886663231
180805185597
61935948728
-16610074528
-257062993508
-217488791075
357961606232
-302305259466
-63031406619
82134447451
-205117425114
66974282201
126871164191
56677795098
218136579662
-234611480022
214129029078
219487430911
-56138911181
151845067757
-540077463357
254476371856
-266816464781
-338063909722
-259578018497
-586109014
-129365236023
-57405579495
-119955703468
-176052845751
-171556373270
490902921025
-121115941472
255023649326
342159372530
125049839371
-14290322072
240130783352
-85256160645
48283544185
67883954042
249115760376
157483534363
-2746711798
-226918568875
-135630185494
-120443492873
-17100540532
280753107728
255401463683
-531353652416
-43893126385
278139208957
139211769226
-191310367787
-326990493920
-156140977223
75494149139
51273762332
-119668678962
-181345888014
-376563392908
-14496891176
-439276860874
174624764640
-195371663574
171577809580
115925125136
-190823328488
131617623247
257083700612
-12399106197
306845192748
105428505218
107228547525
-144375185600
-257742132412
-73120678607
416224328976
188061837267
186973324320
-13154064487
72586465049
342216485967
176013811
-498545814976
62971867719
-53424305898
112934813559
104496335183
292550002635
-192937184017
-174766471914
30122844166
108964766220
-241939116781
-31831926417
107134466060
-205476061889
202140837815
-126103360387
-269713106399
453179040947
-311430393019
-98539849097
278811905583
-70016264024
-176659141207
-231615317662
168064145048
-505923885843
231174235873
124506828315
106119689920
219344997878
-258504225043
166741696695
-437903849610
-70249160205
130796816338
73477433122
19088002899
183094245748
-234813499742
21647564528
-129086643667
-94899484400
-180825084055
9999711882
361278038300
117473124339
436638564973
310362636301
178508047417
232847257444
-176946632040
-8628637066
-24364779485
45837002747
374526363858
-33729499171
-72132615254
57262052001
263385976133
42685623786
-114117147830
-415484689556
-202437576672
-100702161885
241298549865
-166939731412
302397424986
338929891885
-204087373871
213218289934
142761443889
299809459551
317146203504
140922309815
-24709442720
-40807502861
160957528789
-440083397947
-267942347003
85985648675
184717815803
23016005137
-54331773694
136158413938
424853295932
-164838867352
-246961947020
-34164303570
253970397234
57662631858
-99158548129
-157952484963
-137620970362
-175424856807
188019718949
-350889861758
-27914756459
-226711449868
305058855358
-294075871867
289720591202
-40844644171
112276695565
266278497919
192094072833
413512936268
16881122572
-243749859308
14673062682
235119235690
-112612572192
16726378228
-97151371545
246536992587
12796530177
36426803295
249794533712
-19611249173
131728037808
-86014432280
219701737938
-263789854336
310867636536
507034952887
-182019104066
136663525059
25559955360
-69009873774
-8547069481
361728129614
-178906292544
155693907241
22349844306
-111497656514
-30074332534
87803941785
-370661671147
-181827902610
-3780947116
261857577068
318175233589
-268823346191
27276658898
330298471906
473224596900
144480401899
55650169781
426662619259
1483545251
-102477532769
284508422516
13795521135
-79984353506
-133811731802
-301195008590
218246474387
100240903585
15845772398
138454372005
315728564641
-98463405293
437885842781
173351604019
-193375042233
50249757207
-384114050125
111642208333
113917181967
53144916491
-272584386904
-83167253506
189726614820
100238945324
-95371529218
-158814607078
127878296619
375505878717
270005309921
-136657354163
-73345589952
-265700638362
94212832943
33503326687
489965286576
-190318103780
-452407933753
-11421710158
-81343070715
-59406580727
297913732530
-149135078977
-48365903374
118775968107
-206390639899
285719880508
-152268426005
122435807556
-177026974735
59759153337
-6917328018
-104548592727
690344793784
204700264428
-41014654916
-299786837713
27757823519
-219459702580
-15852480240
38936498329
-86944639225
48920144752
6496604560
-36447651380
292112480948
275941280827
218497587147
-242544291483
208656002454
-213878476854
14021118072
-486863635504
6999491225
81605243962
-108005384682
181967403890
310939318552
242851059256
-82699309705
-59720020721
420201389934
