# Packing of N=46 1-dimensional subspaces of R^21; each block is an m x n basis (integers / 10^12)
# m n N 21 1 46
60274682104
117109092482
282716130268
-117003344650
111157175154
-267992109906
-140125992371
31325635182
456506516674
245857204124
-147562898563
-268853599832
-402361698859
397809163796
-108138447351
25251224273
-34502485621
3670210827
-210913805406
-207701634173
-5814719509
-155493825634
-463044913832
-184950085385
141521269595
-119644775297
-110285556622
265792904500
-169802099560
389805735811
127587501327
152794175928
249114687313
295012408943
174456267115
180664740167
129070331989
266398277694
122741203917
264158636390
31843865167
-63207080687
224498779335
346543471260
-2288261658
-76972975203
-341518592379
266326786446
187371090323
-18305892457
-11844990602
-203660922408
262044082897
-306202552407
167718590648
-39620124564
-14174372250
-65868799839
29866036552
202637489166
119852456850
-114679328726
541124703834
334280080562
105226353079
-65690185898
424166712210
213948341328
124413434467
197368337107
71008642371
239933879699
8136240519
-176901585883
382312104702
32266912632
-228092040124
153839957657
-153971413612
153781201602
285873671746
-192900013599
254962190934
-211143950723
-145385431497
65793741188
74143171067
-104271083075
29008904398
-2301989885
110745488874
499761929363
-185613882537
-25591259476
-460933457694
-19737854427
-195467370922
347394422309
182198574932
269503309811
-316552804855
62325860703
272859889705
6146815832
-63524315481
113502958057
-174444400825
80921752142
-373742079086
-170367994152
121001179252
-144679602373
34868891070
-33089650515
529673856975
43185452258
179711464689
60541327862
-131067844414
260049736821
339574053631
-133572091360
-220774422927
287352567952
271846468775
-44658622475
299849835778
204359073493
-267391503882
-21275106934
-73719070000
284083590599
319483982557
-300812735887
-111390606255
220001720924
-98866754054
-155863856558
97512985126
-215038864778
322073308184
66201907780
-191020570399
-284754608235
-371444309131
-41404271386
-40986029897
-381144992780
-46190875176
279877401092
276200402258
143729747794
137260887645
102942040454
103799098233
75888998709
-196260685487
-195551466621
-219066639098
311386240722
-245905029051
66115144528
219553932946
97318048407
239649810801
153178576058
-99394478752
-443110836354
-36708974680
-16605189209
6408900635
-16507689566
-256158475448
-363438288335
483102708313
70374232121
-77370006927
182087545487
-415910764719
-123239393303
-160270022421
-86530559922
112426566603
-119754950157
405109240186
41636882308
-209515470161
-105935020296
-231484421113
-370018917974
201196525584
-34875558751
113537829153
273735000096
400959319396
-119315060081
-90797778924
53691094749
104714411628
-335309914113
-111111147167
192649557099
334964583830
-88500925415
-123523522080
-136459478449
-393762272041
-73573110131
-237840539216
-60302258222
72867412991
-39928990002
717972815490
259791158680
-59349046467
563033106
101603121382
168847961145
172377774878
-193542500064
123667929029
66079158789
82236264253
-521727584
-22300324639
15607217893
-332486829962
183968698744
-282945974250
80027843263
206330617081
44967078903
47893629242
-241623411709
127080623146
-261048377676
173973079245
119753629902
-86704622610
361506194675
320213961032
-380651191411
-31014172129
-195712448351
63717308075
187597862376
-402736001088
-184536395413
128014037231
302387898512
-103623272533
171552831203
284642883204
-94653555519
-121116944211
-243951708809
176760535097
-247645789623
-313332505524
17946515290
66548435417
-97942616102
-324261620714
-266637139377
139049981185
-97109896962
-320995554932
-144645190972
270418849970
261981685465
-201496425687
292012321232
-184782411264
-488442911899
56147372702
-130594259295
161166701385
-205775880640
-20768297204
63672392138
337767245493
46466786642
-103891477376
-302970788916
253237990843
-13526734227
-393828543788
-56895154006
-87090333535
-304941349194
-97393525825
-328808831791
-71502755811
60364149584
-131226131740
13817809122
108183745186
-208455644701
-310478960343
44335845669
216050645761
195019345698
105341921844
65805087634
15149499410
100053593148
218009934521
220580139871
-181583435035
-122547329641
-174328431650
343881138902
-34284006691
-624905997419
-184901850413
-17282392619
419436245518
263146378691
-365300480326
-184772080620
-7981791236
277875433958
117402887374
-47401803381
70686514337
273791374955
420975947567
137753780457
-161421736228
118727596577
-263136947632
93602926101
-122736074680
-215314785879
157308842285
-114686246074
268367908224
-59220593142
-74485415550
-439035408960
-428746039248
-62553936341
100096797957
-59859089737
18469627074
-296182886275
-305039035348
27025899413
-19112518006
-326618045037
-160254462601
-161758332970
-188543047413
-296511903289
208538658226
-28765141339
-127721007849
114319163551
90783800199
-149252722744
110838797222
-2252827560
347751040209
195164050925
379658068855
286176404786
75220992934
-124732569747
-162984482001
15760018337
265487725111
-365756978475
151676369696
510413314681
62796615491
117959437989
-48709624556
-54928947031
66664070049
-48175395987
-217659088010
46630119777
-184925969694
-341731266831
265639749112
-106368740917
-286778804579
-324264912228
-173007494909
-9768983075
96961610334
396810856945
-300848596735
194163908062
172354345379
-78904461936
173588513984
324556885424
164133164298
-15635045397
49961602233
518037790424
-251486840025
91144591115
133206555473
-54246490524
-313779771674
-84462623840
-199658958657
-191543125723
389336463759
-292136126053
252870410610
-103657647783
123404848839
17088290450
-302715160531
124653177237
115075972924
83424023350
243208388731
542378887898
-88252025668
15760286833
158476329421
92178218305
54447166472
182363411278
-253631909704
188647533244
181661739796
115844140606
61132349878
-179685096386
80645001195
404919860101
40184327851
234044127775
228492526063
-250581274018
-211160591923
38334825593
-222212708225
74311566297
205154812801
258392661540
504020088787
72348270634
83900742211
-118673628815
10867355934
-63429591387
178182840478
-190313723186
-189832288468
-186620827485
-195237156756
148168945241
-94188915885
-139697334927
-112938113243
556950817552
-73571778152
404763478709
-170537056487
-16077307622
-214183501251
228808058970
-314727088992
-161070940283
-78338312997
-14485466725
-198277348840
423670517864
77656331834
15566267318
-463690992268
-198945045190
139664587943
243503428046
29996491355
-2041813790
111646639625
-316094760663
76696119002
-108593407978
124002918389
-334243386749
490254537871
126428725988
-183486184818
-220414131187
-270458122544
-237125340163
-237303281121
-424133854891
10518634685
36806688130
79451950898
143427406997
13632142832
-7613031135
143887053973
-43075835394
-76489552796
220878177628
253652340092
1217349279
-99317035046
-22505979682
-466997213942
-423427877143
-174520776664
214039058327
-249148513750
-163620384229
55641371153
-80948140420
222949607592
230318280376
361744351878
-7504874316
-196459230933
-121347106822
-107322632282
135638866866
-63133931433
-72431124883
112932205863
171961399125
-80846205150
123556224205
-223525475529
-436932673322
276885080397
-352331753372
455215825489
185179789900
264032863282
234797249463
-43435704189
38556568979
91736383914
49142136385
-245991366912
159671007332
-106374844036
432031393
183366801387
187549305102
-468906884470
-129099248005
-243770336850
64463433672
-259313062774
136668518308
-248050202448
-299757403916
152624976183
-210408923561
-133418328038
-46012760223
-223440534810
230360396569
252707493407
338825569905
115420892069
155333206170
-393086807345
283189227597
343779391141
-49055107018
203540839410
31517470825
-251170987694
21843127930
-39169338707
155247189595
22391523200
-285648903685
-228174311903
-55188620562
-224051334858
-179220931266
-44840249767
397184532263
125719264772
-306347437538
-197099836249
-313699182822
-43086749460
-98854593288
-299603126237
52041051099
264594249623
149077329571
-457585481303
226973033933
168054802178
3935578135
19377872242
238673927608
63068097629
63816648808
-208092793252
146358912425
-436515492914
236882530123
21877508958
-357342070537
359725303590
-169581080395
-129773333592
361941137617
-27346501642
-85434112894
222327531071
213670446848
275714232444
-54157038463
19655557489
120003026377
-130575853326
-29449037062
-174730492720
-148074115636
137347342392
247743099525
462578407217
-69574392121
15748976641
30027511367
-93117251396
26273119528
-372025706658
-122598131675
-191214090276
211540395556
336721799932
121179770943
110939560950
-52268044365
137671168526
66708501820
269116439212
-138346595530
238633239726
-608733436036
-68714731872
-249011534346
-49401318302
96498455387
-38942432177
-320620441165
2492023491
220737073417
144612369438
-131877400680
-98679374084
64708538618
-101919574083
133528691945
-231903957624
-332937269333
278704735321
250959008614
-298041358218
-328571810568
189346660151
-225720913524
263110767820
-314794243754
168929089463
-97440802160
71472407490
-168233260882
122803899160
129646842849
44998234900
102959406782
181484035765
-79771777781
-350079146002
14679858120
-334785620831
-403549482839
-32232713970
616045188375
88624228924
11617055378
-236581731935
-46089556037
-20085944545
312568100450
302328448286
130325882836
189748092771
-35613678306
254879867702
163795222591
143987206811
-52380264320
-516580610218
88432261758
-69042828885
132021761065
252296138543
145938658039
-12128171512
-64287207342
-338142322276
117647014931
84321187692
-346377857787
-185036814588
129901587975
51924558029
-39564922526
-67951591093
-178893364567
-7850728275
-285267354080
-323700836424
118085515368
386605495459
146448093056
-532190410089
121296333691
-172339455849
-98509885547
139968077628
178695751891
-67703647629
-214513955924
-312187462997
333628239333
-329486333006
-216870607728
-516062126349
202989128978
200631886412
-97906143419
243298510559
-290807228621
-97316152924
22571424304
-89750802492
69252079748
-62709351526
203771609693
-1423176385
-134281732395
224087748443
-12843347527
-277137283366
135891014173
-151124086225
142323379868
-377686838325
66595837701
-198597792796
66577710854
-173296020778
334101303023
72602359911
-135389032863
258147344491
434150795491
-219425797996
187670409627
126144490776
304675424986
118006811761
-35824827639
-41190193315
337398663663
-150715499917
-195935440046
61270667954
154318841956
124141454770
24389336249
216092258952
122745673038
126894822376
-364560295786
430123375332
252161843686
-379974864943
29994993482
-235746313088
-107245975954
-129578271720
289713626111
-337012254807
49338748092
82680327777
-150809935025
373464096486
152986810319
101036586346
-4780179541
-32034310236
8427001581
234038752995
26628363220
-123938990804
439355136895
-193760757682
43534561533
51500746567
251375685076
-409691800102
-178598162130
-273282192542
-52907627053
41019115476
224458553028
-356850563138
63658628576
3296414890
-114354192683
193069444454
-225107894570
-80354047596
-394693341812
190359596811
-234296070582
-257765277699
-203690468200
150216989047
-119843719279
-88633594373
337606161272
-308868357215
57124662547
189847447324
151242104564
-293902629120
-361783516215
-223811426948
-49822458609
165407087878
-484623206399
102010337816
172149180875
398752002482
3359285565
144826681987
35587820554
88039348262
-73780916010
-287226783370
-215915406784
55179352683
-43158119037
232436089918
153941298960
472814269198
-122101440901
22420510405
149652691477
-336552195317
363146587677
-12590209575
-58711191176
379020496591
-271299398598
99018271464
-53872021229
67903383471
-34861485452
253828781889
450797006823
166406020834
-37681685849
-218511578370
281362859834
-39765173689
-88526117263
25061197701
-243611133513
183228084344
-234035567706
-168579662801
71290927804
-171674876184
54416907753
-345911113918
365120096772
-101865609760
217906871219
173443041329
131795111783
-173677705055
-217133873957
-508144777989
113693736985
-98151981147
-153860486701
26114552607
-292714639057
-139000334599
-376204093282
-126407610673
-138160065532
-557224650973
-5155098107
313747300051
-80549316220
-340663748998
149140439174
-131915521549
-10755350090
103951224049
220841767055
-105830276233
-13446755884
119794962226
-88478201106
115717958143
-258887043263
107996876944
-258701370547
-182946079097
-27166612678
25532632934
-186023638090
395422969394
-270018600502
96708386799
297657405679
-266194887983
-266970578006
-188762105727
36745246343
107614172556
-87408742468
127643754086
-390670131090
181903874630
-405581063192
144802487502
-48051903127
123291889317
5391525790
-18263736853
-155438804531
179454799609
126266980515
-136716433956
201103193158
-445351117624
2892505987
-117913509416
46659717036
188392508459
249355764155
-93292117539
-365829167000
298839446169
-358721976615
-164600384948
93407718001
-311197850312
-250828403994
