# Packing of N=49 1-dimensional subspaces of R^21; each block is an m x n basis (integers / 10^12)
# m n N 21 1 49
-240551576123
153745396541
273723140033
-216579286070
-18240742251
146490012743
428048903363
-211675446709
72785011795
254350325656
-570868304838
11634322672
-149045409756
-234561376106
2544077183
-2273693345
-91322399013
-18316192113
-66128334409
-184223690759
-163071800516
124097739747
-108012960694
-190006596644
-471360740393
54089186928
343240101742
116006400611
120417023353
-85534519963
-15116711169
329371627880
3907240940
-81257920974
156571240743
-98048391021
18363338972
471019176584
46380477807
-38627442564
18950751382
-427758359304
392017769000
-30782188414
-28400730470
12994058863
145386344002
289832666144
115970092597
-45804689764
-134809400742
-199916306160
48225934152
-64335818332
-255387016037
143003611026
-357531096741
193103131879
-247437212490
198161892977
249100366996
495196951013
-23508562472
66584367165
149400891592
-305331902098
447356717786
-103495355302
302975250417
-437068847341
-9899000043
94278048556
78553062672
-119096346303
37069434469
75070922816
-302932333213
252165282471
299773869120
220515337745
-197621705341
76584687061
-62360054047
85732896527
492971271469
-196092991874
221926526128
21760415996
87084215327
-168481051671
251086173352
-35506223909
-97888775617
61179756468
219268318774
130201059491
167458351438
51176273415
13761511666
-162562273529
149075797648
-308596453987
532627186083
47775613929
-171652612029
342542077891
-208509137860
296854517492
12315057984
6859551613
-15698939945
-26918577947
372971927625
281480857072
-376307291333
82995803406
-24056417900
-390491097159
75199040000
6918091245
-131948339244
6576491589
-290372910787
-252341521480
130691811642
-204377268342
-59116384238
411693188920
-123877122923
184698956808
-43215797310
161444766265
166728797202
-480532261774
-259175865562
-126523638333
-124747018375
210393501891
-179161286721
-117095797903
120762051952
-200939047079
38905887465
-226741962607
-25961787398
416411198813
141905966833
24000265166
-140984323168
-52385028369
-452177083718
-42560893678
-158593531574
251429473688
385386850141
-460767575438
232683372449
-136180631899
358319842872
41931765909
-157814489817
116283715142
119357466313
103329256668
-47653352775
74884475875
-129313456801
174757400490
275069646386
109350174318
-269401305267
42181706014
-98150062330
-58518967996
130702244733
-167288694861
21385183425
-510077651304
76504243016
-108395045617
-75800642105
-73875728772
387360802075
358871780775
131663472651
220992250836
-310604123088
128189107753
-180378876422
47656592097
151358548952
268659428553
-456944174949
-131643935189
108221601414
-256462914602
83839256872
-191736826175
309961124499
118381488689
-196659450795
-215576632102
117630865794
103467129810
90312400934
-243418072407
-338341247730
-298461731792
-235161574044
-95873075789
210228613024
-177620377109
-386902218187
-41057623045
-367151406894
375223802330
163232667770
251234565416
-63014282450
183988977716
-345008510800
-162731993338
33444332938
177975039381
128138494675
252853326406
-266345873824
32168160629
-82877413639
-41629399848
-174525891571
29990497066
111757710662
140901861511
87007247385
64889190885
-174169613323
72910728812
15582342792
422003055802
-45374335758
-152962350396
134950941049
-440558115486
296238243328
-47948007771
-175827035910
70565354239
190769419455
450552076347
-354713084705
-109883585401
129088050
-155879571336
-151915823518
-108276139854
-259741183208
-357127636450
164854008285
-269608028672
-118213185983
237983840769
-235178075478
97877523893
-236286559530
146511934842
32026217136
211070866684
218456639076
195184709978
238043650068
343390710943
-356725422955
269113852360
61773646532
47360409965
545636648097
-266218772800
126505920523
145943199717
200726065380
-39936177543
150538002267
308067936795
-70044822635
42889708875
-115574402635
-123755063656
-131933865129
-283628456096
349240385211
208519815036
-230802798275
-64659839875
124797282
-166369553299
141806061275
80077930143
-547073938690
-91576883820
-389952437897
-33640510668
37867180607
59671594422
191726426191
-141164682084
-93943068470
-196137020726
-304033024155
-147192725183
362957256359
-139957690769
160947431912
-81789657259
-279161680307
-144961916476
370760557403
40208042041
-163450264902
-137878271738
46249184172
-207279920257
178706286834
-188854079420
-230260798819
-107385320253
262290036939
155354348679
195118363067
-238417640749
70111804486
322624205262
-32695189568
513283798548
232025887779
41348400009
-62848797394
269339974788
-202542050363
-265282122438
385523720917
162520872860
43226328179
-169669851112
-143372275242
-6436729477
-59381222911
-420080537268
-336716461148
50771235343
-286045230054
-272551772914
132105117541
29679024165
93628451675
-178602929345
273421667863
131072988913
451601808940
-132246142889
-36579247468
108000150829
282646009230
-421777209555
-31732599118
-47560130583
63927996930
-254045140987
140603794256
-17719247832
49397080293
33184964429
-257200697697
-488843348426
155820865499
186240571751
-68999635088
-161968396658
-229615135431
-225919435634
-479984032289
132299258987
-268266926585
-139712986809
110443640722
-318414931330
131017507981
-290224125977
-251207047659
-184551597356
-278294604178
-16511408242
-12955166032
-18272903048
-5467063166
-305732883383
64641445843
-257652284538
49284388345
256044205828
38270237130
-78035626845
-212198747350
-396784707576
459989003625
-19054193102
-362700024265
-68501562598
-223414594641
213526556338
-227728708055
210600071272
56227775524
42190704049
4699589395
34245558699
-132084463484
275014159443
-109842290243
270597032422
133194958858
-230210881237
88701823635
-387119027687
329778244774
84164470012
-41003796318
-245415915718
-14466283007
-389817574671
-17445265461
-93773920958
-171860314749
-189814216355
110625928113
115323575843
-278155895254
-48732605599
240536805276
-324810597692
-313547269524
205258301637
375103965939
47823406022
30789157717
218641679993
223787075348
154229511424
137305243885
103072958924
-190887635108
-168994916334
-29556219301
355961386438
-78109719126
-102659115016
280158055838
-78907893814
-393955837413
-20258921281
103567726860
-450011426532
-124069945871
194285650897
-392427830961
-410941765868
-278741239353
-206098125345
-228182834805
-95042340638
359445494595
165597769801
129806357024
-132161088206
93625232776
434768854037
-158671141917
-154194843716
-37977424374
34454148180
43950053474
-245660801
-21684963355
45629454625
217403654886
84012606514
204033041218
-410530267173
-213263413410
58211413360
104065125293
-46594072667
-342407698872
-472543777811
-21612576426
88605481086
139828998526
-238956267132
-212265202459
-49529669289
227288842379
-189164779372
-5804140471
-333260609857
74469553107
-250777693133
-79920105787
8298737435
74065283176
192342766326
-46257085587
312176558741
226142110271
-56133666696
-322117160202
55689692293
-185472054850
161389133641
-209179425742
237619672367
152088520296
-52122762063
51306913530
-14439864581
657668061470
185043156230
-13696387529
-270835673823
148656838976
137551487962
-11771735020
75538554365
114403661263
-417961447344
56111479944
203915886291
107163303536
-578318159546
187016201688
381002252890
-86102279142
-141685979990
-64128330714
97085674789
-84453579878
-196501310943
185495012009
43457889754
268956270594
-407840721420
-243596846979
-86286488067
-128683907100
147129177461
312045437559
-63258349993
-351284183134
-29629291595
-16984684233
76182355720
470459434988
-44001595769
-122475948473
314734556515
-45565511129
90212931011
201877371089
-143104805775
296553237883
154808431020
-37466370025
34783299482
89529845751
291709939363
-244204593832
386684913119
99834488522
145887541256
64518102352
253427067411
277759973316
420608104234
102538917185
372978213024
27944035194
159874677699
166832979100
-72289704659
260531422635
-69280039490
-140751640206
-159737033865
-255799358539
87381648338
107339382999
113238243676
77573653766
141393741678
262310137285
336193308345
-51479049730
21759999278
45426988606
-304968930147
-518566626767
-176343415571
-95395368475
249805137431
327164045129
-8846650417
124253403057
-196105574334
-129396746160
-25527877747
-412515141906
295036463367
-39248094296
122744742399
-318572679103
348731834131
165222570679
422892978800
-110093262341
-68668974105
184585239314
-250343970957
-92330419353
98199021196
-290297183789
97717495675
-146622043575
-158165446027
-89455567061
-29622459240
112706146855
114776608708
41843481014
271281838006
186122777590
422831711
-326445289593
171228467165
-180497362371
-200680423156
299153007343
-13644073452
-197275848636
-273409540046
495458131699
376629040621
-96581028822
275668248161
41976292759
-33819342406
42547649159
-120083516655
204167101041
526778947957
107212130263
11282212828
-126281691252
-52061368956
81006806905
-101039979390
49166352255
232123532193
-449308433345
329450528841
118685032624
-196035122279
-242879348941
245804012007
-225044023363
-46325371705
452642088996
171042763192
-51761726685
135385323364
-386507340892
62327867677
-150725272000
-68415632045
182675068152
-101365325105
24087628762
126985765573
485424967408
-43193945604
-65948700656
21265494955
430446121779
-151966399074
-18862054781
368874230535
74435819513
182734044407
48612508424
-129519996198
1249338416
25769931155
39723254559
540441332024
555261770259
-28731470750
-106951648918
-155743236514
-98218480624
-115043357141
284243137429
-50265617800
-134189933395
92677565230
182537667821
-24205477131
185123390252
-223875777654
159627146078
-32659486753
-54181850004
-219732855135
-22363498428
-394994353095
160020269432
-90141704701
135605012302
71394163862
-170039414450
551915070648
126402366975
386230488879
-250193957469
-133206075635
-29589673285
-21346411503
209182896183
267343826020
300082703974
-131642797208
122961566192
125356494500
-401675085347
82558824640
210175928370
-256283339049
250919003392
-165758049280
-159651459576
44853775103
397626380222
-299394667760
243781828092
-155145267578
-66021252009
178572245982
-155212020224
52748758889
-72644894936
-62808684545
-80933704865
2194192830
88214096621
19169613440
255267838943
2234721055
202994274496
-24925638842
-203470221184
-449716145817
434732837751
88082506451
201392602929
-429249642353
-251164465106
22781733768
311310183359
-191524293936
-81673457510
167998043223
72352876178
391487469063
120764552476
137800259939
-43707286821
36646782390
-12892394885
-230137106945
-298438147764
-159085910431
-399625672080
223169309820
362384613834
64156037306
-118897012913
170161464607
-108001922299
-83877774259
302399330075
332820555762
168494682542
144102217568
-242857804216
77554208599
255797881590
-287182146448
-287330778091
18968753446
79569725966
208546345863
-7736579463
-241554658137
15049893632
-166074764847
34529793368
-393349250906
-72659923041
-554554370447
-94667613110
195798355179
-54414451274
-421125114499
-248284380764
-182411497661
146344012726
97737128649
283084448089
26791358407
74796699424
7495202375
194403034522
256463886956
122746740266
98865893785
369878090833
56892609783
-156756331713
-255130150417
304786735609
46909106565
309725553211
-247218093924
-304701022348
242355989852
334516548754
237334195804
97473521867
-55819905101
242829576041
-158487116417
-196603506300
296084329889
266370436859
-329034775675
-338341367820
73734706344
15049437020
272320643411
-120773034324
168337894138
-52794495766
177513137913
80225225362
331548349523
-168866001245
42342711534
124147632425
385246494827
510317675223
65102726372
-281811468633
171113775792
227785778146
-145568296739
83092732054
229553658767
70226928947
-218675576878
-6620082962
114520327496
177404229173
52953486828
-297143243860
-37731512180
294392329322
52545432000
-81951668044
-51666670550
-138137916230
-136966056616
-12199976732
118504975030
-220720808004
385890279508
142838067584
-547936825078
87596008334
-88732248092
406351242879
5043506969
344123898379
154612344130
82653159890
-20521668843
24777797117
-157147885590
172746056688
-444160438893
179492834869
174984145439
47563158192
272301089336
465690585638
404093537854
-9332063299
245610781016
-328792799757
-168127089957
52264065688
69620089669
110264454718
68716780108
-83175729368
-6204118772
6508532440
-23180063775
467396878634
191797259108
-188076095023
121109290667
127508175851
-385388436789
-111201119768
-229520673661
117607658134
280831557599
18952236242
456038161197
56365258506
-3867377601
266323851946
-63630931800
97882867499
219418070193
-81717127909
-87416267081
116807693783
-23485938233
-229840500319
86274575687
16136317059
-242229057046
190881852746
198514349207
-268128043810
73006965644
133335774015
-70987380715
22916036914
230749722235
353878772988
-101033100240
-317334581085
67112719122
-480406314181
-333669543800
63887947213
-252463777268
-28013892374
-617707039490
-163138619393
260193941651
244287707960
-167884043806
-177368038948
-40380841639
-280989058485
215269588516
-288508760617
-34954040441
238008387942
215347984056
217320533808
61270820637
64201621759
-163153258163
61099026509
-36763333799
52925321419
1585615388
137139076864
18343421679
166325471275
110990629074
196211064004
-244566674583
279577823573
6982890964
-72563181357
-113278458423
303237306803
59197526445
638293181867
161453667588
132919356575
182193171916
-20649495682
-276659833483
-261240631521
-145708227194
-120706594890
226599406507
181523321771
232295282295
-333470285539
151821650795
342624020097
171456525464
-2851909105
35917916772
87117724764
236805470949
-167606164809
111060237331
56399895109
227998156718
-36084257327
-527124823163
194218921127
-248241011727
164523239958
