# Packing of N=77 1-dimensional subspaces of R^21; each block is an m x n basis (integers / 10^12)
# m n N 21 1 77
-48914541051
437100710856
25238570196
-160331401811
27149892081
148297848870
207856601733
-193238843825
87494098513
17955602203
-282686532901
414168684521
298424915896
143634969334
333443774070
108836577162
49294422279
-35761841411
67517407819
-168702734960
384786384570
-90101011087
-247892781980
-13573786006
116871520404
-53569245600
170887432562
201174551041
-139461666420
335179962895
-170996505763
48428697209
69545359001
387146392405
-436511516018
143125626777
122917048003
-481694914865
-41360127406
-20668542339
-238978421465
92362487147
433388240120
146276445012
218098074012
1006566602
-28298114859
59669279067
-238456947888
-102589621135
-33042405664
-116603433231
279959151383
-163602453312
392689686321
-97206289546
46389809412
315419934096
119439838500
-13611473246
-142470411574
-374412296468
333769252812
487462542215
-163825002994
-361687731216
42658393782
118859307805
81482489939
326379637765
44257910944
50107910248
-177751291812
-319824113706
250031735584
105856034773
-128311520978
-95711382885
-158445143230
-30731686450
16624875284
-410793766371
203502161296
37742763304
196583969847
89243636882
-98149878272
-295012898368
215551813996
-61070811278
-21273560721
-105714864412
282747328434
27759717527
-152094502290
-257351193665
509417204002
205689870007
141818097423
-241796731294
447730610560
43341375479
-87307223657
179720705725
-46576318531
378520947052
-200460835489
-278250270555
-235183737413
28862798987
194124262356
-74721151395
147547289379
411003369990
40773001783
6727369808
-111393380429
-114761632165
29025233322
491000578696
254701685579
-56350060070
-277892971869
-70790942988
-23920556499
170121872947
-59839880131
-101550193625
-154052862695
72711503260
-3876035460
-7131226147
175802165529
301329391292
373555221417
-13341550153
-52100086420
-218809911222
88663257838
99693578846
-386631218333
-632347580788
-401446104
-99842959756
1061574086
-256737729604
44393807718
-94585053550
92749018756
115616886394
290279936395
116819180748
305768116886
292134319957
334007864467
-181711352149
-222654136276
156708155163
-192303711448
-310007257408
-62466423257
8076860323
-185886362361
286168880405
39804830241
432902982199
-90366418812
-151562851613
117506622492
-30945935521
-82814329747
169321929730
-288816699134
-367168377032
114509583768
82107261276
-288057072881
-55798257841
94221191383
-173740136604
-199730588476
380743374985
250727075205
-263471993553
-260597728126
-258363413807
263858822108
-149895380198
-206346207223
-148713354481
-31459700227
-181617251720
-84244436587
105196760263
89139899312
-31029275618
42931633498
-467959383782
141556019373
118375903051
71152009116
214636714224
309442359250
-88568782956
-455494938409
-159176759246
-204935492669
-475025400408
78159316171
25642371399
-216898462839
-145882600825
204142883355
-96843212420
-212369946483
166563522582
-332753339678
33071154181
368608893831
432887851276
-194250342378
-155128894382
-194438486935
-315042040616
73795276254
-181536236622
-216984560956
67626955202
-200044338663
-144546571944
-151224400980
-38519660448
248945156458
163856639828
-177150459707
204230062294
312269432260
-328274589536
70517480336
226494937229
-208625220476
22689481959
235405790520
-330565951726
91439787810
-223996859227
176352361243
-64266015164
-76104145949
150854153077
175348436586
-461802167873
-135762871880
-104056351380
117855289905
-40806990116
306853505086
-183657387342
42107004711
55783154815
419130905259
-270082629
463959828448
253302882979
312656305965
220697363816
251624056758
361852955337
97691336345
115993259128
57358504415
15678448162
8517206502
123173051496
10905284424
-284189052002
388343511696
168316030844
-101140429644
291748582230
25221491807
-73919254834
-108712723560
-168549656847
-472928790102
-45360806993
-258640453405
95338425686
185011731825
-286790190287
-120804298442
204901759504
327008653535
37898242273
-197881397701
14919798739
-229114701132
403030523835
-394490709641
69729154650
303921574384
379825786876
269793986413
-25532175057
-65067628932
112745748316
134011121852
223277007101
35098960695
238741260781
57759923050
-209853421867
247892013958
16550815128
151809459339
173646679835
-344494371139
142289555310
-60047982883
-56863235476
-75831544051
143351806818
-161110026531
-132241949534
-158206970558
-324490075772
161135354234
512142343832
348466213081
-81350690194
-103167558513
-146307412166
210468949949
85229765793
-300574103270
-183740726648
564026699313
-87431824334
56056067154
-65605920185
-284796286948
-72736656627
-104079938858
154964198326
-114593985647
-72255900605
-264009665296
164153784274
70781078434
-2373840705
172646054241
-200473430822
333072300823
-81480403846
399543751428
6332911624
279773854887
-33016583661
-14298468338
16616157218
-126821114263
-108465258596
207232445958
261707996399
-167189496600
-130123371313
495946766644
311865525618
-288962305654
-263978261781
-16143728608
-322796927075
-143918296661
200223666695
259563742674
-66344424803
-277179940957
63159539340
137625632623
577523261631
30628645376
-127503662811
112799915820
103523263353
228882274416
217535210037
-67567411490
-218371016877
242962350586
104237776807
-68801207643
-24041904050
-59007404913
-123312148496
123332534185
435897552612
-384209448146
-40407873862
-81037519310
-175317941291
-36836308959
254872018869
-202776883951
-208523108697
111066828256
235064011953
516420664524
-155335969087
-149846673832
-328782848353
185855478222
223469174942
-249324163434
-105950049323
-170490647424
-127592128694
184119976485
-79687445184
-5330553453
293069550055
116905025700
19737331051
231031843749
198022354038
-483173999147
-258049549520
-249133046073
-181229306743
-243286982084
335705728086
286021763902
82340176221
-45085617202
-124196685724
-147213420740
-98953250267
147596954731
-359768589105
-160824077134
74146474242
80127230838
238652543947
-165801168771
-99861293037
-116077856190
-130221069945
-76258826453
-92138705807
-317344744819
242527449743
206966516524
-238475462331
144267773025
532663888
-135770951531
-582307969166
-65759799868
285787208235
-43782065271
104983823065
-29841211426
-351362676063
-35441273096
-71089120774
-3065214275
-703443084564
-195197619141
330538035552
-90982542051
-259488249211
-6273535724
132316705781
-262097467018
-39017082193
-143389904817
107679104428
11318897698
19364546734
51679344781
33979568571
194656163927
313201989951
125077143147
-297920902609
-177737633130
288952290611
-10949147588
182659135525
-36373719528
-274407714301
53308311264
-27022185675
-305022774629
-54946990650
262253030020
-248885274389
36907135492
145477846521
-94503587889
201955488161
438369624025
239557484382
263846477409
253550824407
-2815720213
-216811591358
484162871692
197159121373
-11759509807
-356935691704
224217261547
-78178883045
282700862151
-151143233216
-308236776025
12971572632
-141173550055
-55472016427
-279645865616
-60778327860
-302917777754
-106254133341
-269059572596
111606112592
-70918626996
118512843305
-107310477674
-2236329589
139959752079
331294610990
185072512054
-50064099660
-383592947888
-299509348076
78310722760
-366770649348
-250169903175
24488284897
31901159465
-110493476831
150500533324
348343542607
253355677079
343978296090
-66219018883
153389958059
-1698811271
54371503152
-271871021053
-52896670738
309340295287
201363994916
-302394463585
417612518586
-228035307491
-66613146441
-109210759159
-46635925952
40440593853
-460153073553
55942043440
113647228397
-262746146933
-100852764151
-302694127079
-179768385298
-123042291052
-208958887187
-99463504464
323384773390
527503946823
62352193853
21877855419
43246089375
42066967534
75424621846
487633921344
-75548387246
82111548967
-228439565865
63787451595
-33475102968
319403324958
289298410360
144946065865
-106786099131
139187648784
-69291073607
344711884638
106323172589
192625654427
-211114721586
217994015873
314651325818
286016589380
188206462134
-448079467145
210107652095
24759675454
-206208790106
57779768035
-190041529302
74906994838
48831310630
176422985438
-195274456222
-100034565769
278834220890
178670146391
-140962238808
463045490128
270342480653
168309195902
-129750506847
448001983748
-389170634154
-122072136172
-122212356463
44805175120
-110995119571
-159731218044
150176902556
68305705293
207103873318
-120263338986
181056265140
-18342151259
-254082440867
208264062526
-2847389809
-131732417048
-78704592502
100886979228
38579895864
89729110629
7063713286
468329127220
211407125368
-40602023324
-167314959591
-80924753356
223207707464
197720302198
-274191048664
-97252858451
378914265540
146119205843
-67607613795
-30055137031
143301062551
-540349508164
338816380733
411528992275
-430030238369
-78202742832
-39878555106
167003042664
280158917993
-65117542617
238076282477
43916764878
-30949993742
72774180673
-398901688964
156079239897
-169360052655
-88062504119
-52574935194
-4535070300
340164431460
-22816691994
93780656174
-241424171280
-93185589985
-97129758536
-220975251363
-27574696826
213710616548
-100000012040
-371636409486
-236303798021
-42281391540
-196380837580
-302682112078
12719103680
108100862092
365360677074
134077072099
-104929820206
-136805916762
-203521710829
-507700055197
-13857742046
-232557168726
-2622374204
-121690976404
216556316136
-27552311796
376678288589
-160588641435
172100916350
-78553676547
120096935535
-18437227452
534649141172
264412488479
151535107547
85277157611
107200840251
-280627049945
375978700002
-54545571246
123194441060
-171649598423
72146982000
144286632854
15176491213
-197471120754
-76501562142
362639340630
54598418538
367493613335
53195932330
231037716065
-455132500436
-56106993350
-115586311461
58712360490
-82352626199
252352027330
347247676834
-60083653415
26169928441
-408756647061
-116739765919
-39597195067
-267257331265
-194136674267
-119766331438
18797289456
-335963176480
-432178451986
3402221598
-72312859623
223620068018
11931952131
-31581681133
-262069024811
-220691142910
19137558670
312466012313
382934048416
130923316664
-108392310728
-333678224018
127780502042
31052854133
-243287015577
505774525463
-23622641213
-98871476061
359432046026
43699714669
90613052782
366174019841
66519201138
236298034953
-158831954151
157110068119
-11809571561
-179868704863
43478068352
273527616074
-407814787178
37592590458
31053511767
-110668025985
496104939451
47204848429
93710885821
313531032654
341400868834
449329854584
-109217306373
124061881723
169806031479
267187125716
18453353352
-182921061932
27854164742
47820496232
-103761571793
-149140201473
-92582798413
216871429770
-73059064597
-83732110346
-246469914028
-184834961879
-17255757959
470722171395
-222820946017
352165173288
-130248529192
297211568392
6400555157
-245978321580
-103575650046
2104588899
55549570762
-173012264224
71069995089
-123981020200
358220137404
113763040080
77315826530
-124432997190
-361467389303
216532847925
231239026901
-229316752984
-133682309532
26138402583
259913210325
363307308631
54322102847
-177717575636
-308208540910
3966570097
-93428203174
243172885995
-163785288775
-147076286406
406348244664
-228910033671
-304493357484
-91694630145
317822619925
1269149414
-101606326524
65139277212
103817480137
-129196129059
-347927197274
53175007756
-196341898328
-67816176396
30528891454
115369634898
317561792223
287188295738
-25435417121
138998582257
382175366704
-227583988932
-188201152712
-310165987772
277400944284
169320070345
83603724720
-376350214280
81962057544
12519472923
-320298398430
-58429555722
-202965318205
23046611046
150598443929
98550760585
-31206069321
546006280493
-199923793590
305671861445
10108347470
-519479024968
67190136098
221994892209
-81837885895
8928992145
148908618472
101684590135
132110285966
-20451049566
-326681438520
98907078447
46546580728
417468930882
-178078852601
-344418320202
182182786470
6353360901
166536006722
-49289910879
145508339570
-320586871096
387391819108
187306343871
43660334912
-367677041176
-18170115204
-179352241307
-74602239650
-92954564199
140592481260
133672432225
-72625597233
276188747655
84272580799
115611885392
-259654792676
-228542935352
-255700448135
-103846252507
-179336597113
213777148639
-141350468867
217227627881
-352165837876
271867448892
48582020780
49223525747
-488567896216
-257071574582
-109513417966
-305277021867
-176271943617
-234623062033
-196986780740
259568656063
-163139120732
124372766426
391589024612
-151844547762
83996897882
63749204199
-432486200868
135453579102
279702473416
29785855910
235977958053
153434138434
-324083121659
47358246572
-13041801062
-117142233310
-218666243245
464028986825
-153089475954
181628726279
-47373850295
-292065696588
272645883034
-18599747840
-133266143995
352513588411
189662160036
68627682985
239007595127
65448741819
320032444960
-42026102264
128208225579
-55691178884
-30106755343
319467041175
-217719155320
-210326502024
193589337343
83081420140
-291498726594
22379374455
-156794974855
-140744846399
-6380337192
-31506369336
15206005714
-94671583484
-216224559091
238076632088
-303142559811
-295064429208
-116177286654
-106868211745
-410965157156
-60583261065
494745545636
-215972688675
183750117890
179333812990
51518033170
42952084777
-282436830894
116096622584
-228765395291
513826348881
-273316869730
-205907295832
130069256124
-23857929907
382222873193
170169758660
-262459714647
-29100437266
67278815251
-98528364805
62061639548
-32781167875
-348488880389
-57586146397
296542231641
143841016776
-282362000587
426724575959
157274113490
179045587846
29308940156
154699497362
216481835096
253064059583
-41807513904
-160638980653
150399366360
268860646241
-302024669650
-29018937457
-342551009233
-11042386835
-288220834799
-136714205451
340646239026
-83931087928
224054776287
-337368355302
-66502119900
35696897477
-7814080596
85989033211
-91083969786
-156251837312
659352614575
40685502923
-386280510720
135742899050
63182465354
20814508688
-37949775532
46838001366
182020791609
78622935291
124990111089
213968324332
258703569217
40598897037
93150451228
810148623
-210878764482
-446391157930
-61750130572
-85601482486
306119345163
-123249769575
255848456195
225158489277
-106187723885
273740924072
-29924008194
-90126249543
-16362052840
179344854120
-374193888242
-359656314656
-341956538789
194431844275
-34276116352
60306299086
1862489048
329438855824
193829108538
-302801472394
-292408886605
159718868925
-39542018219
97197381023
-147666647703
121339778348
-219058135358
171863132986
185756310836
-550897854107
145833394570
51446620481
-68368499418
224114394901
15570762093
437252073185
-301331309631
93840121117
-46583143057
27626112546
165078993180
-30397944549
-89943338347
-43307642207
-348507528789
114963193683
-18875093257
192848028492
291521605441
-473572180508
-90142997039
127886500889
-78684203385
-324827167592
113837266544
-51817865191
311281801148
79600976683
-16371095798
-150562449769
-87173123251
-44993419754
-243153667037
420123901952
-363752145313
-82881955618
144736279823
35498344162
156707149220
-204760900171
-303699945650
270353897088
122227005708
450006607279
47819351126
-18411725068
65358396660
-158319391377
-229884777820
-224948892507
-256926311600
-354802076350
525581588665
95303008694
32135352949
-245367927405
-137082161872
-265498874238
23223818390
-165321909365
118852656997
-275327269215
-39778389225
310891258909
98208643012
116014167954
268687177467
-279041731974
196557274034
-109262610338
-269040971279
-9134282965
175418038627
120841997385
-200982463760
-82208133414
120689820520
52223583729
-106291602443
-404209535208
186483683047
-175418996546
88521766798
-39868538795
-176456291306
-504481474616
-285986690366
351331856300
-5339081277
411704340637
-87358764967
-51509279241
184292620916
-7927390513
218003996870
140569568809
-104416756072
-191071818225
134888695511
39751805090
485755022581
9074292587
295654668231
34959048372
188900846596
-244030327892
285972410887
162987481574
31322034992
207960282199
10980541283
49131937995
-461372907020
124758291305
-154961424472
-315326147631
260692500811
-351935441954
14033034354
-210301721767
-149979398887
56714306907
-116030797389
255398199321
-297661329465
-359525777070
-36860910738
130862106249
156123204870
-272012369509
-210673978294
-187778341401
372214334906
73091083411
211810648443
-211018687403
32887818643
352228501565
-49719265212
143540761674
-533283403295
126757910391
-37294268676
182910528714
47163957594
226512767915
209944742413
-24753724235
-72168772487
161641199652
66342089049
319069251557
21899760972
284878720944
-83061880961
115860772393
206832928501
-14416742031
151228726597
-53289705270
-289551524945
54584421603
-365286744367
1910947400
463942072072
125576338389
-200852440254
-33073212423
-254124578185
-86195142842
-398024782987
-240569398252
75256213951
368268036784
-122126336943
-100596894690
41210778181
-19916739314
-273943835133
125008515962
-279538551061
-384334863628
62005994616
-8202195795
-142647668246
159693224279
-375598615953
168703813732
-224219457800
312049651242
-148735841520
-260988878668
-73798820194
-278456129796
-31558971429
182994853645
732449775951
-8353341262
6893736885
-48853516301
114273436169
-180801885114
-6201468925
75714428767
-64932799978
-127416123787
-213496411932
-150477906190
185296214517
-370333934086
72917150360
160739408438
-26756014935
-161088731271
-63208310305
318138250162
-34970761416
245233532500
226775216394
153119531545
-17208996325
223566077463
348955957542
-128603058815
269718720578
-4521392366
-10542659247
-307485076179
-86850199054
-229732157980
100212633834
520652742142
-148033532920
115059801163
-116643726450
168522861505
5605204840
-88367627200
-16250619728
369060067047
-165607298815
42398467488
-102831443964
-89396417503
219905465072
-305869782123
-8781062416
-297349133250
-181646894585
-76307335111
-399799162427
465551030518
245579234848
211287144636
123044205407
-289598825299
-18332521452
-114585587304
136900906654
164148031397
-30258138944
-250635130563
242763435427
-321673362639
-185092450070
-231483178817
238927746337
44042182527
201430725595
-82818686907
-136469092975
50756306253
-224963872728
274784282350
-481108852101
240322212559
-129820087742
328726210896
190354157447
68909380621
-170773492622
-448901361953
166336245852
203137378009
126446489678
233542699555
-84031295910
210937874211
-384978965912
-121137285008
82289968762
-269527617975
141656880637
109627307883
85793085066
-314964089196
177368631854
154012945079
-227440273449
-286212886614
2953674652
-136217449211
-172364829960
118894378338
-87678014410
187141297890
141182004862
-409898354523
-451609956975
-225726498967
425972658024
-65461533245
81361405581
-29216406407
244776761452
-192007639948
-24290028091
-63855864855
-212399254706
-355629398731
72379532975
123998003784
-515131741213
407267559356
-75024471564
-92869902163
-219564669951
-286497979764
228452948192
38726543591
123588173461
111744630030
121325361428
-293206454983
-13339097468
-12886668999
134032508843
-48047054794
171086791564
24973420252
442301342409
86600678273
146300486930
106263007574
-174885072909
206308413800
-390571836641
201150960046
1225296576
-40601996765
-412352409097
170500140014
15046540217
65260165301
-138000927960
-211209776413
316707805015
116701985582
-337510013272
-25775091049
-351776514995
176595891726
103903966857
-217703115772
-19299403612
-139334101069
125160897631
74437963991
-184285980229
6234485669
-299887936777
-453112384663
-159911351921
-307169045527
233796585649
82521300630
247063664954
359677647910
-57439181941
121663343341
-163509051170
-166882870182
226213903038
-236585267801
-241081570849
15024009381
-47346685973
-69479843554
-149061673166
-105049302564
-48016007131
-80334560819
41225581390
299462642051
-78317111657
-372463222618
550226748466
-195908884170
90005603468
289208155978
-287986173041
-74348217495
127205211585
390113419875
-157957766284
177419634882
149785722327
-185630055021
-520330696438
-11208364975
76512077346
-389568317219
-93109233219
-142565813288
-10978543170
-267888689878
-251013536406
-176589736778
256930163773
120709161149
112404140862
-25435714671
29732667260
-231361217408
209768132553
-70594873722
-307693033272
133963707392
-35353926526
-156291149191
114735154126
224233809416
-240938801640
-429868863078
26493282113
-296546705533
110385516009
40437032454
-212332247592
79207068211
-153833164925
-483216643006
5259879466
204676680579
289397921776
377364029283
466493851208
376057566482
278676584616
-81955760687
-115267828356
-80959861533
-89462987512
-29165665258
-68942807285
20501790905
-251310832065
139591025827
48927278498
68440010668
-115751186194
-281675361944
262928223257
22796956159
210836836562
15992560301
-116134770550
-133107519874
-115871522942
-172109464836
76150238600
241632639943
-470938458338
-186474806965
-469355691755
38907123744
-60947487490
-320310476988
-2402578271
-100818783115
93079790430
-34597875073
296227497677
132059954857
-24791752628
-388319721943
7063051117
-340855220688
83376046179
-31530067950
-163508228340
139539404361
-149601265052
122811772762
44108321816
2844128555
-50642397738
-72653483147
-11403524570
294840330086
450139472398
105945177415
296637212118
165885900573
214859074220
106323060761
-555395609240
141087941448
71681612927
-276849336951
-308090994365
71852075937
-233484951618
-29622991793
-106918834396
207231550449
-131955081862
136374831665
430799824488
-200188678899
-294933389434
339868231046
-151186323408
315858417599
67381510256
63022114306
152259953872
-264516463658
