# Packing of N=73 1-dimensional subspaces of R^21; each block is an m x n basis (integers / 10^12)
# m n N 21 1 73
-125602648059
71777229379
-69795233642
-54429283663
-105201302847
22718633402
-40608092814
-232869176766
429909065431
-153551941911
-211361934905
-1640306761
192141369301
647275445909
610955653
-56663398738
192694959993
283934106705
-229176070070
17348517528
-145029343672
48782145794
-194376806906
-87251129086
-112773529049
359593477299
120834181119
180723973818
70813756206
619396251390
348352909989
-47653506669
-136034067020
-255938856578
9597582373
-154218283107
28487676656
-20140673155
212170709952
-256217492088
134695156673
112879341529
-60726003176
-141621023708
-180773615377
181284283783
-84487472162
-288828853585
-116358911760
232068184326
146253806043
29078830762
343161540977
335872214577
-82495925467
194055125171
159889617594
273309453064
-24207438162
-392876545535
230210770380
-381611741283
40786153530
-232815095945
33384596012
137738331586
-173115436163
-45930970605
-322468346476
15878964858
43132977889
82313925798
26308462303
-93704932828
-219949882336
493184831943
-274298578475
59676751585
39441440535
-565167788740
-191179887126
29327723518
-85706037017
187481950302
63711229828
-91665508957
-597013197833
-24399025570
141058738215
-180503799302
-194153426514
187519354499
39156855740
247525044976
-55430097377
-379027247912
258549596342
238947788021
47134059703
270362612343
-69602525119
-50414467600
-251127305451
-155854222599
-40507301859
26763587530
-191518053536
-15838867359
138872504892
225054768435
-19114353703
149618417139
-263313325222
-76733122632
-154791588179
67498564978
97623273109
-353248668442
-197047591645
-393289943394
-285409411507
-407385037463
-148925160496
-387481589596
99666709812
-91837660756
98467762854
465975816376
58065509518
205757636006
-225438661
-217893734008
-447308530512
-54115369477
-137844099650
100488898788
-326710480902
-317397814997
-77072496902
-20972243818
356803602163
-80459601940
-223106281087
152929152770
80038212803
103400680880
99837176242
356955470946
-154717107493
49921947891
-25692236998
-448671998703
-232460270
109719377670
-259648076768
23726063779
-360896543047
-106587321934
-139298805019
36581438060
27215368697
-295046919178
-50651737722
-379667118525
121251842211
163381714822
76347485386
346537104672
163388325524
157435616009
54281640212
-238288222264
89126057828
-43708267452
184419417163
-170359242244
-420956905293
133173948769
178747978493
119902275460
-31266845135
479883789374
14231123075
203622253662
119268220891
-216186266860
-288312021135
-382512089993
-106325404745
82480885345
39123012241
-223294070666
-214573771084
85211732004
-115383453623
-221965515063
-34576571682
309429032696
61191295657
203860189096
-55310066705
-45958794417
-466682952874
574197182711
145922839909
73862276168
-26079381369
-148884413722
-6144562836
285263902181
-2208453660
186699827075
69636752502
-112747211618
62405752621
49126913809
127285069896
114613734288
-244239224466
-150910869183
-4169782504
26830825146
-310204789486
-157746278904
171153876172
-13107147696
308246803385
323536389095
43383691675
-542558601357
426903940046
475285689422
307395359996
-190972180203
-300667774631
-259312411354
-39045878518
9101057668
180592605369
-68191500356
-14528824672
155697182004
285416966593
-256314077898
208481906137
304235337557
-219874791308
-188601162105
-31325652310
121828290281
28629324423
196039102651
-218725222205
-220039911397
170162100911
250299272101
213603353444
-442662363361
111926207975
93469669246
180058142869
39927053182
520042108452
-98684873936
-53451629494
193407635547
-271150442785
-252124624793
1616391430
142496084890
149713381993
121871318853
13091530000
184919673619
-68488582390
104819428047
-217039689731
-37473945758
47857730242
-76440534675
158601550425
20665050062
-121409596533
201195625608
-440460905617
-5891986801
149284032200
-506830108091
221926956913
264918651654
402379077297
-120860749061
-200890813041
-56316743501
152914773353
-115895641732
115404248919
-46914177128
5684707853
-474277273631
-405780241937
110158521577
-269458252533
74310191336
345117289748
259704857433
109094106390
9971813455
95607027981
-14811726711
-197775461814
-44956708439
-426351514311
189602188244
31594827757
-58013587204
-10876878121
29270340749
161721770677
33054354127
340484583257
412492039166
157757358424
-54379032728
239311662916
321746538139
-71209856352
-241871637016
56470044249
187561205816
-563394414574
10567913114
-189247332326
-35270627982
-186840297396
47585931064
424517563330
-174966938706
-80281755530
3150817748
-207109550285
280640695063
-144672367684
282964129338
356483689639
-147676754469
162886852598
-145450954214
-376570237616
-142593157725
-176455401824
59236674730
-115736117058
-315899727988
64521890049
-3932075217
-222120111276
-188081898658
-369432737534
-291325941675
-98026255443
-179504035274
-4313779541
-30809876132
51400692309
-402612309140
-277093504255
-8209548347
-71760743573
234869651873
-422757164526
40019056873
71056425515
-25731592335
310231812100
-296063263590
-20888610671
167943546964
106599605475
75208062510
-218279108708
-311812380435
38071053662
-584626305224
282157833732
-139287171854
220626403090
-193229424310
133967284638
90642934183
-47871024627
12612779023
-90420947060
39812482047
-181486281266
296698459705
-262484782306
-274393214265
79438173540
374751285604
-15327363492
-161854188856
203472054403
-321205057600
-88459373914
65653146978
6820156875
-169423485707
403261131038
26855405238
-141526138426
-22287086521
-90868334770
411370175275
-23592526015
98739932366
-151838882678
59478509817
-2458606096
-499415074994
-225200411221
-183948204436
-53439330229
-3895345727
-307619654813
554645968069
7481091096
-437975932768
266276358378
-197567372936
177300479279
-95225524322
-36949660681
-101806194296
196347647858
-88398082570
-69495491513
-113355368470
-238851822668
184977983630
30889731745
-83555570760
-203081639621
1354251059
365890764087
-184951877383
-163360601950
528750601296
-443892456300
204867233023
263900511587
-31172307796
-25301199217
15127989712
244202233822
-11231378871
107484012497
-174474904364
-155025691125
-66913296193
-189190409515
29555146878
-51030909312
58988113350
-46885778221
-132860841454
539634431819
-172838233514
169966369630
56048832167
-8349718721
-256549563557
-131896440564
-29665601742
-393424847131
171771397341
339759712542
-375467531521
-40811325662
215709116917
63427899649
183401255330
-101179452409
20411056636
-340980275276
288984158261
117701759306
-243859923258
-27210566897
-9912209779
-410920728669
-510047360318
161104361325
283377900103
-282791723820
-193503403552
938860476
-99158955369
-12233236811
172575280126
36789224579
-80393174230
152531812876
46040311094
224183180078
24923961101
135474410957
367867803205
-182452543419
-288456749589
213893910500
477218775883
240758173998
-18130598318
197338507152
-186410687908
108312935938
-175819136533
118049554900
376886053390
-93318202386
169905355728
-189545134323
21683194710
29579218695
-258967330423
-80904038635
-437029966550
3486483717
315615360850
181515410353
-138951324821
-48953504063
219064106302
-253036365963
360919119473
-82744428939
-173309581091
-236266735777
-76890207161
-36347676225
-57230425793
271799331575
73373782847
-291472235786
-267228637635
262726543237
-239052144583
265581409555
-131041640902
54822339318
52524019909
-163435965654
266476180315
-45941937210
292684004330
-313458345052
36793633681
-70305964184
-35563035767
-4034817418
-509563016438
-426816817828
12283950422
116011799546
29271373273
-180931938355
-130939186789
46422100166
-115922812698
39456850909
214139552421
-120363283795
9745382779
-408625593483
45274177423
-160283249723
47205561208
-629015147684
-10497632977
64182680623
3761553257
-332343219288
56452894277
-87922430501
-137158042987
-251188335415
324256372043
-6121169787
129591007564
-161110397880
-319674542117
-286316240153
-287344802569
127230032998
452207373862
-83196501742
49580704944
225840060519
-93726358487
214119220170
-215566212554
-18073545472
-214226027886
307173603196
-302148707802
-189462505064
-201261728806
6479296685
509349672353
94360825142
149910821660
-349357846396
17162614072
-8997470231
329843918860
-56696425951
-195562761107
-198026858381
193506227584
95755243545
339404965308
-271640252202
71151421681
253464926973
213987256106
139661779342
65345296917
131284173826
74712601205
-256839340173
-251099219945
-15135661027
110557454722
-36285336756
-368932128138
-128024877912
223694964113
-116312623212
-222282576582
43496591408
-439522437477
-127448014766
-35692266573
352722150125
54157759354
54352214227
-388686090142
46698306763
303246463001
-60250732080
-174920906409
372812127293
-132403576720
401111486456
-134944854700
-67731158737
225064080264
107287433397
-7928710989
88895889839
112725164110
190493498382
-166809756341
214239744783
185677642718
-19693772452
-130505004428
470238234440
293444491346
-172378496036
-217951284938
136728646432
142109916719
-135985832087
425738137403
-400714172585
136593768707
233150462017
161091720660
258272132638
-254621136158
75394654328
241746630747
231207038624
169101034710
-41319897690
-191729004843
233695511000
-233890825957
161164606260
216887013039
57546786809
351071274119
-59054147144
-140355911573
-307529187811
364589273813
227555770208
240466092133
-311051561233
173709735722
13421769093
76889030839
-118578481641
96806648103
-5613081011
245978308406
-53790818188
-412793104981
-253446054326
79315452248
-168117033595
-165488564529
232349579524
41344458887
-292086300146
380602035411
435232405281
-7649348719
275425008047
-67144889508
-69182679800
120486691101
-308719101277
47095602074
64927985562
-418409520844
186898088185
79319424917
-19940771748
280616265166
-106491590304
-123812105936
-33651760378
-24700707168
-81633506861
55611619220
-352460899275
-151864351704
30436453129
195948017296
187488632074
-103598951626
-25560254835
477915320049
-244378083847
-107388189603
-142862981264
159497521426
-93969470103
-371224073115
237804431986
-36727007626
307640774942
-334359403496
-122063734192
-66213779851
115677689719
-259633091947
5431541895
-250123291958
-420752962082
-33052364920
353198180567
156086480986
-1985822597
407884168323
-266658560527
64734614041
71727219879
-129981295776
85303438439
386879721195
277833343973
-93831059724
58633872041
196290955204
-269446706482
169111562836
-38362869849
171976521184
-271795107912
420967771998
144671286197
336865341143
-89755812113
-134785171987
31916163722
1861267468
-163527119737
139544443320
-183891181566
130139317569
-259381436943
296478519817
-109137047711
390419163174
-104812024777
-209049898
-213517909730
73572224531
393036961826
250391670118
222225267452
286608046735
-24526129671
-72654585309
128740578563
-52179284049
355891430884
225353247391
-68679016484
178255977785
92516504130
363871425284
129955366881
416193232107
-138313371804
-104385802380
-196012643388
78440966064
282503394237
29697726318
184271282229
143655336198
219591170845
-225589734800
311674086159
-166759777903
-428667554089
75732931555
92459017463
-65102564279
18030288900
-254526685268
328885676370
96850473208
-102983349787
435485417217
-238600244554
-63755266756
567251708869
-57079995715
-36681518054
-69735482219
127830798512
310028921628
241892676020
245051008754
-87022314976
79089447431
80355089929
182802872604
-110595823081
-63303090783
42921717318
36157730105
-240010361939
-494785847245
35143223516
-36449394110
221526169249
49971028298
-246817086968
-50202518033
144413154121
-421642008764
-86057517705
333472767817
162460922018
-125208333416
-362973962915
247437969070
-142872393860
-71936958848
-191859517323
75168450118
-134528073594
25246900271
-273024909989
-412362037189
162055902321
86696375674
255306407758
-92870738029
45955307159
56042863682
3919868366
247026040067
-248569806950
-364541447677
-182777456049
116740199188
179110216662
293801076363
181625918886
121252782837
-399095226247
442023925704
-207980286632
-141621682697
-18645933688
-54814841647
264153404470
11059062240
-137955107635
-209098118554
201548303174
-134139246889
-73671071464
363885464312
71017115633
90140552490
-227641911567
-188700169422
220556357145
89204112299
383569414284
-410174525953
119525330930
-4460537091
-371438146277
207476025764
-181963399378
-182535845743
-221864056760
-17873378652
-33639165161
-236668409311
-43947267648
-107930217006
-178747805246
206893603081
-210738526104
382352340435
237839893901
-126874599107
-156076721023
-62271985109
-192058869996
-59436533798
-126971388259
-412416199504
-469480966429
99705766423
-294072974026
131337582482
-289470360202
-112468018247
14811813447
269700267395
-148197114712
-41606630814
219976176980
-114274073432
374298803362
-138959462017
-65127173286
397175578581
-191772598734
127609045524
229797197700
-446867656155
25058231287
-64834062006
-78057445910
-143346086137
-4210359035
143494066921
53378521535
-189315224229
420873805606
-30426715824
57363440388
-553309986591
-100629381799
91432585980
73923135067
-173131213664
20102989821
194768720648
-282961859592
-17089498417
279297691798
59885701603
-415139619833
212262665800
-108366321794
229828538376
240216619200
335034580067
147631109738
-79805328178
213578854290
-11854004775
83238927158
-166346465907
-58204918540
-317029984840
108735581880
366683263744
205415346131
-188303737184
-334301003142
-332563235974
-145647115173
201270036799
104562185573
370448312192
385905593506
76236569679
491827777477
86628055014
-163431186027
-135698648272
-197906371794
-36825025072
-128650050429
229802395351
321836692512
-173820941525
-128802962827
73617629819
-167736249975
-243793971980
-110153463522
76983807285
-176805625077
128602220371
-70520987720
-321137731208
-289647560135
13261475392
-57262795609
144660154388
213048698004
-210000247772
-527198037255
-306149669476
-84493002372
36455228450
371220025882
-84240362548
85447065175
281400457783
-160697778355
130864239346
9844521881
151736794562
-186971626077
166450667715
18242899880
-240070593114
-54848921462
-372191919696
195908626868
-315798630349
-171139693047
15247880682
71801876303
-138346020090
-332816586458
74704622363
61191698251
136918636208
-119498235502
-72261845459
588426938569
3053817363
203254735867
-147394477521
176539902541
-71574717369
24727698001
379731044792
-169424508342
-53643805038
-124946463662
-218582582523
148744957202
-168018898396
-170770572252
-271617721438
287979068265
-318678125137
213885628900
165104643632
-178014413069
-175041361705
466578493284
106740784071
211391069601
28652156819
-296019834602
15660964202
-189342308088
-299413071811
197037989782
-112229078753
210297840207
96210070860
-577450294945
216892578163
-299593017629
20575176552
-181298877717
-126133857361
35284219063
52786825964
115900994780
261330780980
-176103508585
-252948083243
326688482295
-66825116637
-133272616014
195827914442
437282241248
147396183863
128881279375
-141505611662
-255033332764
207304057483
183981178820
-342039268107
111853796561
60034108715
243788549599
-214881357165
-319889742356
104707796611
131791901001
-88877019353
293981536149
56763731902
64025169547
15999577986
330077485935
125556927548
-108572853673
-171080451636
-115932746666
278541735390
224093297124
-234898969438
32490497474
-113266554554
34702520911
-277993154529
197223304447
317567558339
554769608183
-58652575894
-21885790116
30922628743
53043133478
-239305317759
-228724340990
-13528268429
87182821874
211036141300
163481837138
1822758470
317745885505
-192697553027
34483423819
-119636830015
121734923481
-443273263313
-34384740507
-289810912621
-468627097112
48298277179
-186204686121
317651102045
-136406767431
-218471653527
253049486816
-170146958858
3217153760
264858922779
25757859558
84141542709
-254043674343
-424013731817
-116102858906
-173804010809
-242610521870
-54293792225
77447241732
-148588282541
158548284399
-120944975464
-237713957922
-297830310376
-447103560554
230274719740
37539745928
412031120333
-31561563753
50200657749
-51401424440
-81152724732
90090073870
135713061299
181609455882
-330916650032
-146413723533
-299943748505
-414693072267
31254349332
263065360693
469303763021
31654565424
44439831017
53115941043
-120126843910
-224269091259
-148888142027
501603531899
-206752167517
222865677653
-164006055040
142272203246
-140803064266
236604524600
53166562958
195871200281
159050531233
4197699331
56441571999
230149495714
469296280653
-13587928398
-136714230522
-54278854778
309331710265
12625249015
59728920
-62213084767
115208243582
452099009944
286399831431
-84938034179
31967977873
140553286793
23227239903
-57455650312
-122216508459
-178366095187
468208281302
297861834167
317187834330
-264280796046
-51606404112
-115299047945
157977934153
-235796044773
-207237896570
5287812886
-297720272255
32251089276
96383948899
178155172078
-187638152507
-137317592731
-600187049428
15336244352
-174160049687
298134763718
279595111626
279562951380
-273938971787
-30984326669
531270556
-45813152882
-68806889693
196840359139
-131775373206
200623059686
-344037562743
-126211551474
325507582113
-73566774058
-552842490633
-6748575813
-3711832511
-143141267396
481276494
120437700569
-385556530448
-135135232353
-46921939435
-17661471789
148680046741
117321167710
-169379331808
236865094293
159234122033
32239130638
-311711779151
581380767439
221773754352
34477070914
170693076438
-23536148576
-18316371704
-116536827153
-464233488637
206653185078
49173938752
87087577601
-187689306907
-42269705093
25741255644
-63720503265
209573154079
31567939684
-21294773461
-447530731021
109344134125
-21199588948
-191342509961
-196955389035
-344907509979
-76452550338
-6807635446
345814087709
124246199002
-230398723916
-248143402124
447299760041
234255196794
191181876381
16563540445
-52504610100
274341223601
320857666282
-36554202830
115690579793
205703347563
-118168929166
79471197495
-197985982981
-206902511284
-172208738488
-401653132479
-28239631176
122815145123
-210518889565
90502427059
-2919822274
96449500560
-247904028931
-5434400066
7126030910
238435172602
291127071015
54349477620
-283471104412
123162086583
-49978001685
502091979587
305114798169
-281087857174
182314479031
98203508026
21236454856
-16882389147
336440577934
380540379054
266912074315
84840190166
201144431298
-77055829121
189038514759
180764412637
-382285624536
60511127266
126052389562
184282521192
-31566113837
-183764314417
184274916324
397169748369
41790705286
-403467210627
97356181618
167219142984
-71946387981
81872804113
-362407008800
57317041053
-91729712866
-372499225504
-24734993912
122584780838
-69878928491
172852687625
235063069742
-476006948914
120776658308
-3314869611
-33366955295
-26078040997
394620209117
126848101266
274532497907
-81513861193
411014385385
-102452384472
120299897928
-343898819826
33236154437
26890817537
-341356483849
92327013141
416407832915
-182524739948
-307419794163
-17856564107
156951746337
-236467448704
91993859647
-133994903377
-106756675465
207246580620
7413605953
123031377873
219085482222
-274552361588
152910080293
49525188363
-29076875480
-3184986903
307633922479
48664762967
251137413417
150611251040
469386531702
34116391417
206112100928
-532699822796
35761260654
4388743362
-36478042245
297711157664
113933018631
53825057761
-504591033628
-277451850223
83201975766
151596434592
85886148430
-431746160410
108679418532
-167067287930
188221294790
67955905603
164694842070
-48604003493
5960536992
-512392514204
48278588216
-40032900375
107415000284
158088676289
139591199494
100202370466
-453563161962
435876793881
-183801724960
-43405756558
57379491886
-168391621997
5043839161
-56783693152
-129423517746
-247877379234
-328761680946
-35271386957
-162696126365
-504505167608
-164038676351
-89069864869
56531316742
-149370445745
-31854923708
-46562495324
-40952079374
-26612351188
602020863410
237546160362
33944879368
-132340773120
-129529669983
160220328925
39139715564
-295812246629
53438192785
314032605788
-112637274665
-29712164840
-14332778908
-335089912411
-140646281349
-253568095668
96871531358
-174774308207
10460378331
280414631979
-200738640147
214700330554
-385394657050
263056110904
-95814266754
-230014231743
157797177108
-22482257562
106294143032
115736198432
132033912939
-108716132261
-13179781012
-59196925811
159256071545
-304896436060
63292937788
135524232989
-500390596930
396458029669
-49975728942
