# Packing of N=67 1-dimensional subspaces of R^25; each block is an m x n basis (integers / 10^12)
# m n N 25 1 67
102319342343
89413887655
173340745608
-86241463930
-307023073951
140274713623
290205014275
-16103794509
-46259959930
-166837112922
53638415098
-127041520508
396250429727
214858836331
-375102994832
-5683585416
208744874604
-57398077096
-263319931777
42008731870
-56344862500
-315086878356
-133059109266
330504833289
73243464196
-252524821708
237628982080
203230360678
-244636362785
-318440898813
294850296170
-20436046863
145589198621
147008824566
71128318292
486877302925
235273844054
69505927651
123432910442
99468995098
125324183545
-150787070129
-26697083821
153479682559
-79965031596
-272133618187
18173847276
-142999359645
172994246030
-160484191202
-203374392903
228024407245
-200567819469
-73573185388
-338397395682
96406975765
317900508582
-48208591898
-287640073027
-394305113320
-24653509674
190488065520
-143408793770
253362114248
-55667757532
-155796531819
142133511116
207288127018
211992655198
69344710089
-70526273028
269641724420
149736934202
152458405797
101535298787
194051358764
38812500971
-82698146541
161027692278
87517618589
194514516154
194393995066
159334362592
442965692215
245636352623
72598295837
-343173316706
97303208366
170923700421
-20778051952
-45356617791
128789813274
323496216458
-74504070524
135686618500
221367089322
-246744257193
366881967606
-8921155897
94152073365
-135957727252
117079299754
-114699618606
147751143241
11597053290
-213897039393
74172693516
56310193976
40466562022
-171063346507
-134982308567
-59187590269
127397948174
-329730541144
-380725328897
459366921166
9700975510
-69798066739
72752279857
177987569362
278325155095
-28415885588
-406890348048
-158627266884
-183803658658
-67892001876
-383980319294
301907750428
-229192711244
-352926408156
-151034779086
163582955267
134666764981
-12663395305
-1594431607
291893275507
-63118522181
-82797925305
-31911324353
308297924595
-55921948331
39917314535
-370940920245
-191251188156
-137123090558
117291064844
-151758810585
-132726507953
-141957928722
217911129009
140941653956
-34849104858
-155857341898
61335398625
383840352846
-46345462374
61315052312
205348818882
-81174669297
-7272008878
-55893115315
-295937423509
181725463552
405241021541
15441659752
269848164004
133699584279
-27951285480
9174921018
432640162949
-264707535621
-54974164416
-299093895123
-36253940581
134276040048
-387133423906
-237241594432
229153408768
63152382791
49647954118
-127777929343
323466438693
-14974375276
352740757873
-37774977109
-10881542313
241272584346
395066438635
-39401979215
104221537497
232019188316
-222053675406
253346792612
-149640579082
-3360676071
6930098409
-263310074550
-7460559630
40393969947
15008670332
102862534264
-155064648136
188140278274
50819314879
-146315819115
341244481892
319913494666
-89323537103
-100987168019
55944136120
-224631816629
-168700523849
135343366837
233902416995
-47577749091
227900045704
-81836516110
428111208338
288724096283
-26908355517
116950087699
164108269603
-330242456362
-42152666397
-185013130272
-164038418505
317135819421
-339585690527
206881349717
22361456554
-151063675308
72251623018
-290917522213
388155326279
-123335748436
271511091769
-14522052827
44568211449
161083030385
43143141515
211954158292
120583101987
23460118286
37081744694
33374043917
76321068806
-33454889262
-186086537434
367522593233
304095771470
-292032170472
159973774275
154902636436
168566074447
231203464123
-233197912037
98647766498
-509866807669
-298323241039
250858283739
-45239079370
316973855702
-192141705319
17402917428
124996108074
-95181945908
70705982818
32079490955
12642090438
171368901567
68401930981
-56651210206
196737568096
244721133543
28213516955
145060119552
-145004299556
-198181424523
224117504818
37990763358
131044183896
181779548933
-92319127247
211988405832
-463701532439
62330783389
95706694106
122725606208
-104287986014
421372970799
51917251398
58870336338
-124207633330
44177869284
-312432202140
81456866714
32356862216
320797300357
-204887384119
240878170923
-272360491389
-197833981094
182754190218
164936569295
-244470907241
35577357030
-184902394858
404824960129
239402490611
227670324915
-112994816322
-79487135104
6325221165
-258995235810
99435796898
-267374618276
27060344413
186347312938
423301599834
72452463628
61526637458
-212130840820
-139734527233
-17142297496
41833290814
-22324368211
22224014912
-177564408629
-77987155554
200462629642
-29567598527
29260066993
254348641918
-173191148269
108076335583
397901368447
135641035051
121642938334
-202254128092
-29860644017
103603573972
281789013723
-249749455314
67363552115
-504288409815
193694510218
114592954338
-35769866792
-224176079429
-257392621682
-223105888785
28281378704
48271374494
44165697525
296516520164
39975079158
202640664026
-379814950469
-30868284470
-360250166411
13833742138
-398338298161
61436143892
296257176096
125093750695
-317984356165
-72105115461
207510036542
-61302183498
-192291061166
88602566085
-249284369963
-19447884356
24763517625
-111443029880
210091174684
-29137382339
120216876330
242466746255
-178070613168
-63209346677
-69161045093
-196497048620
-168705754124
-203999325057
42141111249
112592673173
-596449830893
310603646827
202196539388
140291689312
-92913535673
187063503232
-36119876956
-331380865110
119198976313
-71374092295
-149857975479
-45506315360
82307499087
79152736227
100946874047
244421358792
14529551928
-108550582915
-284897634943
31502266307
157441662986
-38996188328
-530002147807
11020784316
-235143821988
-257778849730
-303483641524
-74248624978
-204940480195
-252855053864
-62281132966
259725036537
113804614979
3118608902
62876757704
100757684024
-233640278152
209839053774
66443509584
174995175963
-107161112705
-5808296948
-143216731958
-5397657915
-123097280173
-425655123992
-251836950945
217152034634
-81476276234
-168459715305
-157558376
-519939895266
-185149429114
89684671657
-306307007287
-66046454908
-147219883419
196314149284
-221483156570
-31211472774
154703964471
-212754070516
26241528149
-144850041316
-145648081708
-32923707958
49754864030
-234567958038
-436963687151
39815096636
-41539809760
66253931876
28417178587
69303501884
135299997756
-147001280888
102944475479
129277555257
176777047698
16471369808
21508572280
356089037695
-43981077626
-589001618324
-156806356220
141957952048
-54519647442
269065428740
-242690967074
-99998450104
255810818708
-189501598447
335041634346
154808447645
-407781877
-42914328027
6362086099
84148204260
-13302861059
212211686295
5717124741
76059819050
-62852418341
-253879028075
270579712273
-247434786002
101751231305
-28864667363
-352835869772
-473682373412
-248989646838
-64082621341
67391985894
-14972060671
-327570862867
101297294208
-82178627375
-147758479946
-319958846471
274635344021
-93613896332
-75489489711
-99074945791
-196861490556
134446681695
-66959100667
352556912990
-252150205825
-166678434060
-370253796373
-137156625578
-95829616653
9937899104
349339270605
80495959134
13181656194
144503798027
-244588682408
-2315091486
-398095706633
-131309055475
244806710309
-37180311397
87737221673
-39971660015
20972143404
53967924261
48881339767
38684690846
-66858234430
-223912258844
-140874483816
-295723348626
-131514617758
-136606953838
-145388132180
262274665768
220352792141
-105198876937
76275350139
572420819014
246076534857
-70559342430
167342655419
-49957325040
257279227218
117622908091
348174670948
-168969695735
-335455096728
-223569880509
-23779778204
-44623953780
301808186901
-60941903972
4074862625
172025769383
-44373049326
-64010576627
-182587586135
-2782212451
562742188546
5318872711
-68257191261
20410745650
-193006983323
226994722183
15535273425
-154249761179
140799377464
-1008893983
83216976103
-8966908430
-72923072020
-519164208093
62169424827
-89910057935
-236229487663
-43052121109
161831041025
94110902015
-15486553370
-180613082596
77398080901
186167634649
168501614355
192560670979
-237797290462
359555373638
244781391338
-2640046710
-87305534380
421327662481
-20547202181
-8311044606
335456041639
284419241816
634138269
306787759355
130044787321
46879605298
-229230458457
89541223068
62607887211
-278205725254
197998318061
54165519473
142656111174
120455369619
-338956818983
-174471380062
228688618882
-47017803353
-152004927056
-370500394072
194229951246
-120330416454
248099631871
-425213971635
-12806448568
-168771982884
213312255714
4647072516
-279470611965
93181036193
-58595337300
-308063603887
74960479947
192601060745
-262882703450
82557743219
124049972823
-332186388630
-279347305299
89212998265
-312174545006
160891183833
37087158674
13760089087
52558685649
-138297231028
-135607634769
253671355529
111038368794
401167715132
139297415893
-16876748591
-85479936153
12894762358
216983836645
319430032437
46242792365
69048709633
-31208314755
-270764305196
-67496218114
-144933308094
-25049711379
-200959248887
213186556210
315854273587
-45844686780
-379394829264
-140004536330
204821523812
-36118607563
285203670584
-259297917199
-87763558147
-271275438227
213334722692
283693622555
224304549051
-291824735427
-310968899675
178516899241
-95738809981
196410797643
37114032188
-4120480485
139554713834
23659284070
-60716419712
-104249534201
481545345745
119240722760
-85561988463
-12976936522
-298552735402
268589912640
130571088241
69876663825
-90236542180
-192171893252
-198980219422
-117344776735
136194313458
-46924646924
-68683627621
-14002086987
273410527245
-102064569737
151229954988
-418063227149
-17178572862
424397838900
96114422209
313643666134
157965486016
-149190583912
-299374052354
55587540953
-164192660697
227809153043
251548542929
-139165789838
-86723989630
65261872575
-130645039826
-371374056787
12274781061
-363178761030
278400857687
177629416205
-150264809384
-177739626180
231051387106
-279019623575
-339958029512
904552927
-3737302326
-293606381167
-241199571197
-85827927495
-219954435295
138460169507
228199612127
-73987209131
95569496953
33138957469
-121528268146
32498738919
-2214038467
89334666936
136202448118
-204709315503
25413747853
-123784510300
14858313382
-28731874949
-126180780020
219504390785
382392011317
86653611076
-221430060350
120618612062
301895125062
-171994166143
274180459010
-179059855063
-327105000825
372886113547
59488125830
-2388012033
95565195510
93019549288
-254960438202
-269804943520
354958815693
37614928032
-276891089325
674682484
-251068523614
-322666174394
112616992766
58147777216
136545628693
-105475298565
19408546625
37338089374
287547663688
-337592007536
239411562085
-106611432277
44400984641
146651495000
-53988830328
319009042794
-43053593201
-376899342907
-146555539808
-53811437450
139249875969
115605158641
-53825845629
-101117187091
-440239976187
133145128655
-42835527602
164052838009
83979026557
-13490481807
-224697467057
164594612981
168165930346
184625638880
152898357734
-236321436817
-399565421996
101394773619
79444882424
-104084006254
14517153026
249418230621
-98397171855
149334248301
-401390494486
253424288197
-240750248599
-152755707606
54910332830
-145727741685
-134992784063
-83955021874
-102935944312
267318435260
71720323391
-342380270543
180965031120
5803648216
-289356034399
203670760722
-248348266774
476036749476
-7456354381
79817561051
-327981944172
215139979947
-5793935437
57118419737
78585394127
124119380636
182535048324
144613082267
-46189467291
-129967494189
-218019170186
-10144172200
-194416812439
3046563535
-8102118554
230320902119
172843348851
204181988219
-129493311678
-412005295938
-99975112494
-216573029556
50247851657
-455639146307
-140098352094
-75304231976
-316520350775
-215878748227
229180198819
-126271699003
224048969186
75102467482
355604806481
-234739125948
429601557669
315586520574
120483097624
138174677862
-32121390506
-49949133331
142857404318
-201356700355
55869363951
86232314160
121238312460
48505476012
-400806191893
-33605127277
-217626896136
196136696668
-226831603082
-142891992377
-6784820194
165843063558
135763221341
-86479838378
188829510851
101613842034
6597821417
172542106379
-349758672996
-237971977798
481025499394
-120156969452
-348896310628
87873534680
34170277778
-143769625213
80801302254
251764519071
-18676818579
4631897260
23188150508
218322466371
-338435186190
-23470139730
-86425098366
-38641896953
246216302248
149004692
-229483317274
167224102487
426595607666
39232735027
138222785917
159186373978
-181629030346
63602108324
82901200864
-73638508453
-165053012737
-286460456185
194463244631
16050299091
277431411653
-202734108152
-22442337023
135051815491
162661539464
-69539237955
248041038601
109984220650
-363423942523
203047666806
124501217224
-21981076585
-379880966544
-77755376156
11222744568
211552653161
165271545931
33175543861
294728134707
31795854336
108874720979
208632512617
-201108026251
69679361949
480613951
-149234316813
-166129102737
-277881815304
-157280052306
227232966632
-185550612340
98230560401
292363411085
-125698054229
381905286334
-375979549145
287065043859
116912008038
-189009640766
155515931424
303488083703
298312573838
-113926997621
59831050990
68893053711
-142101735789
185348792618
46988269844
234780561792
87739105934
64591105822
228253237265
241995947691
-242219837749
-257403770319
10449425491
85947402311
150615139798
427400968162
262186348161
-121479327109
-250986359809
137869065250
99114483510
-6344776814
-84583064196
-80232061957
46867503497
-209502288393
40509985404
-229808539508
-45083175534
-171018998032
-108776451864
-283385626274
398923092838
-106146874694
62195470707
-123390231328
-55160049099
188246533242
7550943041
-154540555493
-356500412709
442738811251
-128872203661
80857524599
392948442427
-46156415177
-133093604118
-97954509996
219698469428
-148257055801
-143983692546
287001694302
383003272289
69850241011
-54486470323
154569319177
335306520691
155087907916
-103587848458
25724118320
-473826146577
-209034593568
-83687049477
-73747128046
-97940039367
-303875995352
272732546251
-37440086883
-99258515810
-51836955415
-295373088503
-1122479067
-206402406578
-8590326234
243061645359
433188972610
193645388539
317185105374
81653702347
-137112643093
-38365315802
-207484279589
-36201568775
-41847226950
295899481735
39687203676
-358790953405
184465332145
-86978463898
79111004319
-149273185511
245274818269
76878832240
224320633129
88342925284
507898454068
-218483090848
-351920997026
13451654390
-46433500430
154234642214
137599959039
-195406522827
233664970462
-78716892697
-80621322942
304469494324
-46131159847
303420306762
-205457851517
-168659137022
36261763247
-84991301487
217146011027
-2607867525
-243199082647
-50938975846
-176743593671
87683456168
77461514016
-221512102529
-520238580005
-2976617390
-216579736899
-127263562245
5126181325
46184751518
-323311371410
-191339655187
-150173890639
-115548506351
-116080840373
54259460562
-11559890126
357967331652
212222067949
140566887639
99669212973
-113624848631
96962507501
-58065492097
232719830125
265832479710
140624913045
-219680341941
159387114299
36877780870
9203506235
-105182645796
363581685349
-170527918032
242540160639
12594660139
-27311838425
-71675497930
411303470800
-225997377889
-31433063827
-144139576703
394559636087
-234813266974
259310462253
1841979106
28822362965
294443622733
154780107125
289654249676
83220190435
114879675158
-19285240040
204202489222
24451332830
203512187836
-231468927716
-333628911490
-137047129047
-270179621499
335179337170
-414576832343
-126982604399
-77200147781
-166063975880
119904387983
158887208593
300735014896
141069708335
-7460881447
172880021103
189998452078
39954902139
-45336784419
-58593050142
-43632516302
300377743179
102556490329
-250786005022
-179855504841
-213973403239
18780831259
-169878129659
114615169714
300079130874
50354473903
-82383596628
-32117092639
466541411412
-106726580230
-41407243573
-188508526170
27164968382
124023242475
-64561420911
267696014557
200034314669
250102892518
5486416608
-69107164277
124682352407
-469531311331
-120819146978
43277503378
389542516377
-33376924573
-409106328076
-77292228200
-88975833214
-466077284518
-83990473399
329007621252
49313518402
60732886516
-289072385380
92922403880
-32311357980
142981230455
-310125592011
-218080392756
206810141737
68899793033
53546042272
84659079461
14943547026
49433684345
-61220471065
-63033499382
117609764985
11883119076
290387056164
-88607083674
36736430152
-35725139338
-98480039919
-1746403554
39137069718
74879416284
259274655791
202812120164
363849284420
127810851724
62138065754
228219092994
5995052561
-234018361407
59037411325
5667034345
372271949439
53561340664
525970928208
289097592994
36956539221
28247900046
185450992974
264605614515
-164787095332
2640281303
-152491667238
-64780492326
38607402297
55804816239
105713607937
-133208755497
-448817433150
-133247602955
221792783902
-225256862106
-3281156778
129234898274
-77511536814
-312463898468
-191584848836
-323454298612
-82142027475
162719504818
-360599319466
250188157736
-51409093786
303149383475
200812305745
402503883191
-248672123086
-123230959962
275730348860
-88813109880
213187158197
91551692675
-367914965925
92940956
180911027712
-130604167269
-210391937522
45794719979
165285781965
-143988022790
177040194498
-33533002108
3505412751
175388694152
293412567143
8506668608
243695337036
-282827640
-99580785703
154188161341
66355797892
-104090091018
29290758912
-318436146261
44531321292
-110575506833
-57318949393
196931964856
-320904737914
202164057767
187102669413
32851571507
-121829737753
-346217199291
-390248668265
-329487214059
248976063638
-178368095795
311200169953
28009268173
110829308195
-115393491235
-118480765556
-156995293744
-194570032991
-20346382491
-150245703770
376003508629
21121970609
-41793187979
-190788519036
15736119285
4886730584
-141561788682
-44093678084
-73296446731
56216534302
-84995283746
96905520147
-90863484171
226797005365
-534711176531
28440101957
-86569358035
-275314147313
398699818581
290556667169
164947170659
51575600983
118837231913
58748166185
394465230413
-221779034403
246519323550
120463617395
124465583254
-203707972411
-297287759241
59328163160
7080024920
131205104398
-23547011737
176917895929
-229056252223
-89569789896
186815636309
-394222082559
-280838309662
-16319119906
-92318597098
-236667997613
-282855763307
179366373088
277977869606
-76023684097
-230908832139
68587130597
-248796841770
349126870384
145219743224
126210867229
386951047494
-119996797044
233920868735
129178988134
258545258421
203514507603
-7272186864
-264201680056
206076978821
183230440455
132339845675
3853852179
190216617395
-8080338307
211978054855
132431226512
-80520685740
-266012012453
-279558088447
173212404727
-365686309657
-254146589378
-95095118502
-182545632195
392479516314
124089305469
-148389492717
-306673961658
116135609829
80256488326
39432044786
-287865828858
110085390711
-147260670359
-180522769802
-263006823559
-103686547821
-78836400481
46101986635
110280011240
-131301975263
51982153620
86366013364
-357732223067
35148390002
52557538201
131866313744
4409412530
162015884209
-531287431373
70308501327
-239973747995
170058669218
138014699914
118253088542
-14718023000
-327967969169
-278637859547
-138402515128
-170230608215
214978291195
-26840797230
-276050664191
30402507496
201292427047
96577355075
8583056052
-98298338266
78359304182
-88875394214
-98575067828
53167354758
-240330179744
-239442714949
-52364091720
194539641645
47077961220
506457961656
166586862052
-56546983743
11590547158
-182630192101
-39745737344
544003197223
54498480144
149560421339
-227560366516
81264410388
-166052984464
-264624330194
77486300130
-35251249219
36582469272
85104336154
-199706538756
263855701791
-109721873765
264915157005
-145025776555
208900873668
-13404760061
-300679188006
40902164019
-218478666994
-333863918909
273731578221
345997267951
41757355947
-277233569442
-126726679199
168285269012
-146719716913
67676067130
-129510267044
18646380702
348528330508
-30829602748
-161918645220
90359246692
242481580683
-119734849802
-183362182222
178602336237
-332041255123
-181141271667
114378098117
425450075075
-72182856069
84634584214
-205749517730
-71108319159
-40580151828
-15065761807
206828765438
-365391086303
-124192279580
54057275453
154229034203
-375868410292
110315171703
-235276513342
236830536074
-135238762997
109628853836
-6377624601
-48847254129
-36164805681
-123859768467
-161251217747
192986617108
-310531116307
-261622094382
-175681499118
-102675353481
96222676256
364105296502
-71224335088
86868006170
-303138702023
132378433805
240722913287
171088208008
5164102844
-382655144744
-120063007029
-336224218228
-449063447611
64065603119
-350407511388
-95282220314
82366841711
15938947773
-260490503306
-418555467
92511614234
-245725764397
28176859273
67522613697
245649702663
309190206352
62695603560
20232250405
65032234608
225040429
-103098891955
-101981047983
-337257397813
163090957456
76545121818
-397080536360
-154182873679
66810125221
-67213382268
-262470599727
555171603897
-6800977851
149387579650
-382664015505
249725736594
245094237929
-88850745668
-95608810111
186993051199
-66544424220
95513824013
172826951979
-29981425283
21841637247
61544153687
-384129656755
198776078569
70661183983
21763248772
-155308117380
-35240969220
64816882402
-81989788202
552322730226
228255626163
198814488396
22519834061
338001692046
-1872220901
-72083026422
-33787183900
-250150383895
-184973125968
124999513449
-202148145543
-30163375850
186872619831
-221497799004
-92953997101
-225701076519
-207622448914
43319481102
-253265954527
-17834665260
92468813721
-132450827554
-205436390240
65817878222
261155682970
-71795837370
99371558900
101767954901
6448325331
-261063431005
31161395220
-94334068733
-365464930183
178756497785
-2187608882
367810140961
-261476165532
-10881063178
150059136438
-384523765266
34066668818
-149686839438
-356290199154
-25277843686
-223380020265
-42603987364
271998825203
-86582382404
-354709746942
147803663071
227409081251
-59521208020
-88259045841
-286155416793
-194814884392
-12505038045
182490835285
-375595163098
-143290825678
28903383568
44258772837
23688459593
-153767601262
-21603458244
160351309817
-48251326679
221399250321
65722205777
-80379152342
-191481846481
196401684581
324067720334
-422874405204
