# Packing of N=91 1-dimensional subspaces of R^25; each block is an m x n basis (integers / 10^12)
# m n N 25 1 91
-156560421288
-98710334253
255731891385
188507129995
68548009444
103077389078
-210833402437
-271154340544
-178937090414
17186639939
-217177005723
38149957233
133434566169
110499264869
340278717707
287230220261
-468300095241
9862912922
-333283688313
165882853789
199397875894
84005887174
-110822780080
66455669228
-27557891069
6871511125
-93640468260
29460591805
35280224926
-25444674548
22388208819
181788932004
37472145092
135699487406
-233766461148
-110642544814
18261180480
-415161299685
-520311371687
84178977684
341810158273
41401775966
169288079733
126444800126
-254738346939
-265677786259
-190320794521
207069459305
190419167107
60297039508
-53616733037
182172694224
143350550807
103221951876
350690703151
-451527990624
205948866343
69210464698
-158900481487
76186870454
422740282577
-188847550406
353271037776
1848846236
150281604757
-89865619430
33998658866
-7110929974
324725970217
74232307751
2845025984
-16501183639
73635891429
84339847560
-181099973441
144392390281
109643554212
-125797302030
-91123205491
139454613308
-50767466978
-33928528129
-1156245677
204619789988
-52041637379
-221521271382
26510908714
-242593480665
167202403554
-17792628263
464989071083
-71228044366
233770384670
25703036413
360148016521
-12267935237
260196177908
-75044729934
458613839997
219616459488
272576712497
213268417105
-223376238003
3309528322
91169011088
244997862680
-107587976617
-42704306383
23823896738
124515425799
-75792818894
267957274315
203593312384
212715266768
103566540251
-52188347328
-394759100616
-4876510173
-174830964294
-400873240671
-70058337715
89161723103
297863046204
-324807717665
-24634818218
-33027943437
140304708528
-278662796717
-207680512038
-153154539995
278907954948
-254761393935
279680755061
-10182812405
176257288310
120050864185
87723839432
231059649949
-266857745617
-169124001887
146265019214
338544182168
142053545884
-156816164885
195946726243
103941918783
-283023248775
-156759095978
265037544777
51872318882
167040358382
49041691936
221164071264
226821999886
-124355527592
208831892784
235396521426
-10732040052
307768524968
14469313217
205874005694
-318606497216
232791475123
-106138599181
117340469038
-120707005659
-133627986099
-186847857030
-42241430938
-148893554652
-232140516702
6066538164
500752454108
182901296782
85167603131
63610159475
-48668838801
-106987718051
-119122198762
243932570189
13717010399
-268813049542
349714271274
-48746733986
-128964374662
-41387189558
-34567872426
277283929835
-322874426954
6036008231
-418382602882
-1716314961
153854729640
-277846974495
-199414900790
-40983223477
307742577181
-288052174823
-82789110195
93346456429
-73345934565
-65265422194
-225587120124
-88185494943
-473505774581
-54604595733
235565016319
-157865757678
-188798201219
492895879620
-86287831003
214832677082
28169635068
63979259998
23584870061
-304280737404
150627285915
-6652207089
153281013827
147807186185
-178963434402
-2971499119
-176842210202
249605406808
13616777503
-230766536604
-107018217277
-198634655333
172277786951
98369495668
-29446697603
93649540130
-502085658535
-99635542189
-354495528254
185074861028
-135985850884
12054304647
-71913683173
71788120990
103847635546
-8631528397
-81026819133
-7288757184
-47854187771
-1349169911
224367407545
174528092649
501004941320
-210639857155
308415141784
-242690007961
42657892868
-101579027209
90389904103
-165164655622
-52777146508
331930922362
-81555589811
-168440993281
-75153301054
199955804572
245744210951
308102358507
405837985737
-63282088846
-126334628305
211032971210
-32091431488
-53170444804
123564951864
-181279931385
-123158277007
13452685547
-391047373141
187041909007
141950006963
-141444543101
-189708717467
-103623203641
-69848369242
-279676845670
42199841424
195474250038
-176552980407
-300893528978
-63377424126
-348800184724
-14280931939
216768985908
-119141459781
67192301091
166297786506
297321533401
-247562043781
-68614582316
374896986937
-88639892850
1787618646
-333611351082
4866046579
-363808985624
113150859802
-342964829125
7335694251
112199342897
-207081346245
100015385990
156061359320
30289126192
24278573711
245835357316
311829344836
352718620150
-427776578821
-84459259268
120299585747
207264802721
-85349882191
-126753033069
-164755302483
-60124035635
245546022455
37751547763
18249423386
89023378276
21016053456
282416180345
-295635383285
-95746295508
-346789822261
-104318492461
67528893459
320763732455
-129057547986
107961006324
341374947063
72091590714
-275468941554
-173362893050
144211154284
-79598231114
27973239190
387113462853
34142988508
231652811460
-128219388004
20672136561
-87465405475
-252209600065
-135445859124
4615026785
81717520017
272840642803
-230165294316
152155353361
-171024586756
-212643580088
320690192808
-180476581063
40280478324
11277735403
-5427871164
334592466135
-162858839614
-53369193608
-73719538434
153856608303
-168640412775
-180654709387
224121341181
-23312793495
24744999943
-102656691137
-565062890646
180402109083
134386163761
69370048417
101983046012
5558251959
395087514474
145687504994
-95960908984
285996563123
184194299075
-426778293788
-96855062893
89978483522
295594968080
-239902212431
-93210186147
323193739918
-87210417423
174767371173
162932369376
-145214956349
253818833692
57613333273
31967415270
-140233234311
-5616284565
-103237747855
-262413450350
-68694508760
-459712047997
69147162018
-64759594794
-60662257114
205910800413
-182094753942
153856967783
-349698694186
102238226592
128441383694
-149092583607
-187069068489
188845550739
306028269085
-107688518342
214756633011
81880038723
385410636457
64653893600
117637149004
160470505826
-248318811814
135329913562
248103862429
-84498963705
64274764243
377997880944
-141596616163
252990321976
-207737984670
63647568569
420431563921
-119678448116
104176527955
102930900546
141697364290
-184215967679
-124172892880
394947516006
-167684747445
-26203506013
159124754869
32348135146
250824240991
83203251816
-100487895366
107854978090
312768879478
-104721907491
-303162537767
-34530189806
-28661358210
281492857676
-74223384167
-115382387692
344531041201
10592259166
-201666975642
-142873147746
78170207133
96738551747
-64719321580
-134312154494
13420872747
151255602207
81184158138
244719087128
444176691799
423167666703
63387448260
-9089594162
-172170943259
-386591410389
134120747322
-263091577012
-313725979955
-9267417542
157824096104
-20645027358
29732863941
278114305092
-153764449820
-127402654813
76993911350
-211986492744
11808393260
45229044208
-65083385146
348876541764
-197516765723
-58358880239
384714840839
-205734709559
-168428393742
-108159524500
-199819814847
177593471113
-49888202334
370768362963
-189095338663
174192734213
64899764051
-545848592809
70540549853
113478610656
-48063145622
-33672555514
112059778378
-286005415716
-14207824254
136813117140
-222034556778
-82145026541
65849191505
8478952016
-17520668503
201563397167
-210793306420
-129601997896
335060101255
225345443648
-8749263550
23689433289
152193968954
51144613369
-53904442938
-37876252140
107529338006
-113920215887
-171940758561
41733594901
-190698898628
482406633784
-84484063272
-245517222704
-405769987300
-133660819757
4215681252
190594825742
62662732576
-268606306454
-363691187176
275845527325
-65697190905
-256182234308
-60472185361
-66676417156
40607572706
-105969165771
134157401242
70779499059
-252880717136
271409056969
-473988630207
-294298064291
-137676240688
-105589256152
-62390375817
261325937095
-70068361238
-19199249831
-329343872657
-129139129831
361276600444
-83852322437
4725527325
105459103767
-58611865661
-284869302198
-84660814878
193959696156
-319612513371
85898490496
-280734960728
251472604318
-223541416317
126231731871
-208691247889
251163970359
-227396631431
-207652580771
115572614526
264283860392
-110897621134
-6979198124
143113390373
97446027806
25287635872
-123612930735
-119473781238
-147278907612
196396208862
500176723836
51024330043
-92095575408
-61677805148
15517801930
-48169124077
-62247322082
23202010719
101152447551
21161040836
-260662356528
-28137197099
201326087854
190832875341
31287240855
75877801854
92086811832
-10579468494
486955661826
51756931864
404226869747
-220332431129
-62657775002
263718297003
-224238940004
265738789495
-411573419160
76221497367
-2408509918
-16556350704
303504878855
-314835649904
-219298015807
-203759130095
31818271909
112279813347
137320306678
-162349119225
-61445132060
-499523339614
-355391131007
-192214515725
23360151579
13152480026
32240561528
64414994681
109472790611
79239836571
248924071945
-158606485798
-338151796872
125584787838
-44451655197
-10684882366
235040299955
151215087361
346941061432
100669388439
49111834423
25487044400
-22447271831
-96131287649
149624232396
245926444244
-19985420298
136050116371
-209883814153
-76797549573
-344774041897
238815919768
110711435393
-186413798562
-362654566011
248781780361
294059875185
-46076037182
-300871059288
32297572421
-174283815734
-51690686830
65461771121
208128943477
-178770008504
142445324002
-44877509301
141975774609
16460594078
-108932541700
-47065162763
-306300462525
-436412969139
122131047719
-295299425657
-190052057068
-18098641186
92046357581
-26201119467
394738402019
-65597535698
176849406335
206339047382
-137699663801
-419482091796
-7248614338
67095104072
-144338489064
-246396027409
-76028956080
369523579985
23116899053
-80268909160
60405658492
129141263706
-112877907454
-328318920131
-126497862605
-47336951791
-412364382848
-70401370318
-8580924401
-196306245259
-54285401500
19966104272
189304736206
205747805231
-179340664634
-162118597699
283505950297
-414244970308
-193049382145
127293413071
-110451312171
130520594684
13104306533
-55301240532
-181388721883
170351986612
-436811983256
189843216938
86085804463
-50595634747
-223995334036
-137772804404
-101889824717
-223410480169
-34117422858
-345329280435
71519925728
122097254463
115416460571
-240738672399
337652948357
394353854970
-68095661789
-105085912510
182447006211
212000909732
477283499084
-707422315
-112632392064
-199167654566
162505778723
151845242197
51155495363
-132357280893
-345904285695
198469139030
-210176715553
-50841756091
-253009882203
-31640132398
172079748277
-161613175146
381679116819
107912036696
-227801722769
54409653137
-130400939473
-72420321542
-818471386
-215195944694
131997139582
216247822224
169188382169
76880578068
-106930289141
-107977642696
-276624930359
198476262060
-485078280157
247211487934
-38324691923
-69645291102
-734024215
46189777608
334884323605
278570581414
-73429140963
241193937398
-71103666400
-246231379984
199805158894
188498899880
128989018495
18991783439
-87400139988
-47860246697
297112531576
67825254466
259867259984
200312165681
101757710164
147953371497
-116287118217
316605253953
-73549168819
-39036207769
-135600032840
-238757167988
-48689486035
50621487673
-192682547158
308618244038
323544397242
463616659910
144105877779
210084702161
-86775990186
-177446458284
133352438461
197489723977
-182545198739
79070883180
-531892196835
234369617214
74082460534
-45752488751
-164102670729
260313426
-7302384978
-219902725537
132584939747
54644019275
119898443342
403748742270
-189873669589
137894140145
-35053714996
-369230466586
83821491415
-30124844565
-74741734940
278889728433
-31627310492
-33173139117
-160753881401
-125180517011
-177514663370
297392421028
-106704390165
-176134071087
-219392916081
19254245037
-168652932528
445097864118
-213222248080
-126190744577
365704340204
111493728713
-239103409316
273695874444
219358633202
-94170661303
-205943262222
-93732453499
-86694038153
-246076022404
-28490931113
-57105045701
154525555938
-341117908070
-87262792188
206982628045
-97697837377
85891134378
-98975122708
-420473304558
47242217050
221178447123
24972559838
100423920415
-127917087746
-40947509138
476436099245
1141172530
-71862331853
83775075186
224223984210
-307035043596
34755152690
-262698051650
-171622176407
-114075956584
171698211383
19955741073
93210400051
-44889247983
36135158055
206604524413
414350957699
155492713636
-292484198541
149664237448
111924393767
-134988038121
292945662881
283564730622
-244746780577
7298127394
12286873841
-177268511590
-36089390577
-45442156664
-97644856400
-249276780178
-12405022304
-249216245845
410373992864
216521765430
62551908529
-16398910097
110210093035
202100304644
-89596241936
-245175210369
-40250166390
140362764216
-2192893091
300155717018
4293332168
-94295331138
120629174871
-318940917575
-368799667941
-55183877014
-109921494937
-79301022116
151158775790
-366678260143
185716551179
-194884949103
-333061979585
233676981554
292141427359
-83937447677
172021433136
13263979466
346892525436
31492570662
146370317206
-192370956653
-149621080989
-21130282117
-276563862827
-564273145421
-136479688142
78361548159
-47425748271
37588296140
-164497398076
-20701606354
-222953283053
120587902745
-414378671070
80681331893
-179618417666
131904511682
122097135091
52441420174
316408908687
-8906925021
-270910742027
138490516620
188057946270
-97502462684
18458599281
-100144210285
112072134698
496682182482
-84134527953
231078096733
302075029482
-273710364550
-42838459032
12403763007
125464638408
246291623358
145890309920
91009884316
274696760699
194094484446
-66396116444
-179005549140
-92503229302
160443379749
10122552322
427056456641
74549784449
-424878109132
-170111525398
75452573004
260197372602
-214813153513
112976126693
106257993871
46199121953
64235034265
-66987311375
-137493879284
116614162931
131224936663
125627541293
-142396367061
23901334419
-340842141991
-300616715496
113613674226
130780175937
-315451456606
301351774682
-203680256489
-199075177276
128011012974
202934537150
108041440705
128370945487
-243537906213
154627406325
-198619568999
161867470034
-76241590545
6350339389
10299414266
-515187849122
-191276629755
-250636397472
-119411582882
-346719054114
95553951950
-234913587322
98761720747
-37410610701
-90948646573
-66945902156
291177669518
-254931133300
-38130243749
-56558727419
-171819489115
272096557442
-191734297440
-60592656893
82122145271
-240399114520
-63783042572
-68190793303
516586636813
-115531443496
-77009851435
-90302028606
-370099205463
-11403365539
168351173546
87975403652
277156303133
-168049145894
-55728387909
-92378346554
210123339010
-285715840444
-158194921801
173581307049
208615827888
-100878944430
230362953385
17172414062
299907601462
471383888950
-36708646883
18660219139
-255650553852
-240934376810
-75557474170
145955953362
-211299820616
189046295690
54421552034
73461250290
-310093050903
159025905091
62004683700
-162185047083
-133424382201
183705132915
192720128129
96965661014
-19285359389
-15825209961
137623670878
55005478059
-874788792
343857995414
-151580662205
5809959372
138317883047
-139393110426
-187333182232
-360264198331
14782721187
-159081049855
-381355228116
32903283183
155464449449
166547031481
-360771642887
64341935444
237997223823
-307565281470
-276930580251
-125014472614
230321565991
-320379956334
300212723299
17415733385
-348618733313
174466479529
110021943788
61031775378
-114071327632
-179814546353
351361632177
-122074377271
142445918979
-6931380474
-229016782127
-199280241884
220548694861
204066269254
278879529020
84053641920
45816801485
177814908749
74809566968
-244551697989
116234732964
42820242272
-121065353624
-193896231428
-153251222632
-50803840275
-166433750521
-187848220802
-156662430014
-182814789990
-56721288879
39841131207
-211949884867
-92181194647
240406283536
152174611936
369495990995
-275020342369
-295075681549
-205652107910
136660614374
-356933023200
32443758779
58507404216
-392592513811
189266455718
-416552231239
-171628186529
159993499041
-109066813323
520671522253
91327651961
142680892342
-25463455097
13683096715
209916679711
85455910546
19361536150
-121452720581
66513117019
-36413973708
231341272731
238730093466
16724866952
-125011191914
-242729700297
167977188411
-84759085522
28477261119
-359567666049
191536481923
-126875705004
-49919744150
455195741685
-6677853554
-146101610675
60921465010
367850511162
166910489985
56757311163
34905917157
30808874068
27283368564
-159183328932
-182634447029
230706548995
350290114088
17035533924
-328421296717
16607186577
-164391358155
254707827192
89700432774
14896113506
316060801890
-117078189187
-72428861763
-225823786439
193197757399
220226302298
493661892089
-303348226452
-94268127934
258389390387
25354752232
33035525108
-174931881239
-113214097143
81260029401
-125948303481
42302787825
-164144775573
213136367596
214208000456
117085680621
-222689244481
-350317486373
237755633723
37719130128
34857638214
-92862657558
-150327966316
9925219041
204865322802
-295893006638
-446589564790
-86995692306
-326211904246
103630703761
333578050669
214648231708
-344341060374
16107305129
57162050749
49318407637
29944238975
-37267161774
-252861721671
-380196068416
-48048441774
-94764682459
-10012377858
-69236007020
-2830796884
-78424164367
-14738302162
-163884336727
-155459042611
-293628582560
273926637833
-441770686002
99425341673
197993470544
375666076512
214826925575
-104305720676
-134298019355
26615364702
-109781329854
298799423109
116284804467
29023994452
-110524816287
-50802629620
-364545527289
80777664474
14590158426
203984294478
-120010560826
-14770481634
-396259243743
-92506781996
7394841744
-178722470984
196883084252
465438963227
-53373227835
125823003247
95278038171
98506898160
58531790385
170330303847
179829499308
-121279007184
-229551402444
165555373066
-239886227442
-127601631432
-87882200531
82598963302
-13812814843
100195951990
-206529493478
-400135432787
-220482100728
5395760476
484496015868
-22968882643
-195428657131
-302111396523
7175449609
-211443679223
-202006326869
-186474017022
71584546452
90361425334
-113161041671
24961315551
-223687323519
-23932701597
59993958154
-5943608322
220930877464
-339074035507
86475754989
11188658470
143889333406
-91966092938
-464365214682
-133270289655
-114866470915
-173400136157
-31497405413
323193617545
-10460183831
191373179186
164292302333
549979358804
-165329082313
6023036665
-25592162207
-18714051711
-386493984408
82388270239
-21415755298
246922996886
-236821981003
163808400358
-133166899715
202426112719
127439435493
-224149927754
-156660617218
45275378433
-66447950550
153493997397
-62897989908
367732310597
49645367366
13537109206
18960503537
196647099864
52234843840
-103664140526
243921521172
124191368665
61397136737
-293517615130
291106793877
-148577126559
-163513021768
107747558169
343133550561
416039747231
-143663642497
258223197743
58056280518
-206571513715
76726631833
-204985148951
32477319447
-412937557386
-429613801535
-180443649001
-63385382845
64551117075
105955765059
145574074933
-36178460113
94296151580
-22342996109
386557768326
-42140590332
-117300770358
40691462134
29424227010
-29748602709
-124980748746
107347497483
190616574491
62243572920
-393080645664
316651754235
-254308648755
-69440817204
30795928525
515069155475
56979607063
28530507778
124524450376
114284560645
235593804842
-113401353103
288269498148
75794825940
247497244921
116732223179
-56997897181
84860859350
133772465159
-262743297079
259558506849
192315592161
34623015613
342100438266
185603817722
-87600434250
-105833658040
80724320427
298715996401
517468414168
21284238286
-324723439261
-129900352209
72857234288
233278525329
52173302188
270614659692
-193505787786
-98546073451
-115248436785
-154388624919
33433514624
49515092117
34966978882
295739610056
33482468644
-253375191903
-139331609969
156412951106
149876780297
246203682580
-213922579421
-234552281330
-64724623748
-176106070914
-422036279270
92886252554
107072595762
29660820570
19803645190
95011847142
48993018664
-159534920711
512038421030
-141475210852
26531835678
-197252177436
131145401235
27951039148
170649774969
137360725805
-325773688821
59587157117
48803803575
253187481547
273951970427
-11500765923
-243703254075
184689016615
-303025375510
-114353073448
-210104897358
421570216035
145687396380
-28096316631
-143395945873
-57268999233
-53411363215
125194911233
-2693337372
-174617174191
-123644849805
41484087675
-223260034898
-261831726266
4726088137
-186640216909
325968144291
-41261235031
-193732587695
177242386512
-376612451841
-32911063391
-297086547415
-9892550998
265426764155
-115906939425
198768444666
180836683695
-243273967038
-291883488473
-38840883576
506534041009
139653552609
97830123592
179296251321
-255519672754
-234004027442
-8533215765
22438314066
-305541701651
108501750406
-130209015840
-48796344197
-223720200442
37958584950
-222200422523
-145713894664
113734565446
-261110143435
-83809960104
149948544367
-60660593279
39365804879
-293363588833
359962724856
-65576225772
55447783812
-57244857160
-8933998732
111934619269
61642076479
228447325361
-314495585420
251983625946
-347008810999
31561923413
-45851056491
-76188673598
-148839773475
-39152127106
-404923036618
244516925243
-251078529404
38768439148
134107556455
-59946308946
-190649867614
120076006062
102434137269
-16637366575
-222902377585
76159909050
417946370994
384257130912
-31707841914
-32935710564
-233218431968
-281430440602
119482990087
-88301773153
22416776128
-14966460211
-349644690360
-74602292114
-119314055837
141192630266
178873573038
-430229104094
-1433267768
-67353495655
229596100355
316597775406
-256791537046
-49319138745
-200301530003
78809793569
185989857081
-267878853984
371412338118
-69270583255
-72901155285
44596378973
377067151473
235237706213
-172173433732
251024574671
290928046032
209455754229
-172279813346
126518002199
-26161444004
32200336649
-72897232907
-144386229883
5249078032
237594361803
-114569321504
-16908170230
68910093650
186795699271
-65105577639
143483504969
-402487419033
79551756698
152670238053
-362732387433
-272190234786
-1353946048
-190974064641
-275737742633
245103303071
-223450496992
181980908618
216628682795
329762051034
-159612961310
39711530460
-95645345412
-12740797496
-192742914876
509580010486
-356321110732
279127370285
37228390913
74690893245
33033707135
-40563266854
119414010039
-141322136306
41455507259
100837983610
-160383544090
190606450702
139768385531
5381179256
149149784694
89800497496
12820119586
-238699944340
362431302273
98860206393
253041218011
-260940838379
-178902187641
339168071404
221199645515
-374345530723
-138266366860
-1115887342
66273725695
132836474173
264862667096
154561838220
-90354273189
-50898995763
-87177511609
-430904989178
137856417932
-310157097906
15387307420
-320183217599
-115635093843
18908118452
-174415347259
-140524235415
-117307574471
132315623639
-107434800920
47286912573
-16889536645
-57352738982
156248220435
-171675138268
-164456807039
-146908018192
142728064401
-101483440047
-217063303210
-186775159803
173267195573
529269387860
-18584389463
-129173347244
104068684183
187989801668
82647071907
354442085690
-70450877
-132466451149
294566631895
-164756958704
365738232623
-89267902291
-318321049733
49527491077
-191024052360
71650866169
-260961713209
230318343385
5292331631
-294135998338
252029509674
-214770494080
-199844453657
138354901011
129923398540
-406628633784
150519573292
-96467680742
223027915381
148147144248
282145339198
226265545233
8745228674
-60061490354
-93653045820
-177197197284
-132831548913
-51555833856
210654961193
-363055949896
192130193107
233344752390
20542696950
51337096630
88920111296
286758841255
-120681049546
180101297015
132865300365
-11608916524
94025239719
116308285212
434247504290
232836921920
36140179664
314104597391
-211403247805
127575941216
-147629515060
-240014115496
65365563725
-249096061706
-78601982783
-407790688680
-129884126996
-203656375117
-158374277969
244833302047
294186301455
-161311085010
140784351003
28255144242
-59420200703
-357084977113
-141890058238
-99265997423
188236666709
116614037557
-343978246973
-150590360245
138700938461
278608706010
-259178938405
130533921187
-126709735394
31850632218
42080198701
-538393425050
-82525428714
32246447310
-255465539092
98302181338
48312586577
-495855088586
-107921096201
49509335758
117870269154
-289139917590
-335204393113
-75741549324
66574993806
-19168350434
-64351850007
216808310954
-28013389990
-183584789688
59089676318
62251315610
107303193505
122539242067
66241917585
-144007895142
59661890187
435638214524
337488872801
50049681170
-144683922051
132503866778
65346321011
-17145765872
46256996201
-267085283258
-840728578
-16762861402
444005620163
104150702838
178286373308
228114938950
152913755079
-367536069314
62702558177
117331923895
-10027534021
-193269813414
-133861600933
-206222764835
-87006841860
-123807890489
-289578195695
-1180198820
-24542286286
-64251545192
-203596267128
316292342384
23458660713
158929507515
-315094700631
-400135261779
-76339956842
31655181561
-23568737492
-9328533230
-357787276264
263762175836
104090908525
-281119798456
-89111801311
-259663742560
11040175714
81935987638
111459319875
-282572905533
218373916015
34786474777
-42714688002
-169026290149
-6730082541
-4227735420
-339567062250
-157422698195
-25712067644
-232988888464
29112570642
-328386828796
-96200512802
235334209897
-526702972017
163198304381
85553188760
-232790183356
292100469771
-61830792081
178377444205
-49087671947
-64351571825
218628446904
-106848657729
149922244125
-8379141119
247410361100
50269138286
-156172165492
332177360773
-40800280675
285372280529
-257614452127
97062357379
-62422562695
26035391275
63688641674
112383712450
303278404699
-242676221455
-261399316650
-348559006765
270660741089
-187012078739
-138584868432
234291765633
-250882700346
97801220796
57486886695
412776344309
-42119011633
-77304276849
-39176856276
-369756576873
-30102809210
-284623897028
-91840885690
-63444178762
-50410605046
246382881031
93521342210
-157107762711
-490489838078
-43614538642
20205666654
-93101725089
-251545960033
-49969456338
78563726083
-88819282610
270878894863
-68478675040
287805624180
16442182524
186810576660
-211764714310
71166242119
193047289269
187981878872
60689061505
74431269586
13338770311
-410805548344
-347782037272
88930224052
19076134595
-424017588739
-162644616120
-161116555681
-185451097233
239804218115
-197214344094
-30199979801
-239237947133
179594913195
33327671933
-128702851591
-51006592897
248050221815
-267589217766
197120121964
43995690125
-41507947002
-70675335403
182008662605
211103072521
61051045339
-143066947561
137476713006
292377590820
-174313794944
-33527720486
-137619885564
59608480008
51467002028
-27341860789
288190869960
252977527293
-99166050565
-372502798347
-318809031970
-433869392135
-152126361715
92456607334
262110680552
103213464268
-50596072073
98660353025
-136791809952
-66361251539
320875950241
83884218620
359370157786
156565524290
-330717638337
-145726623784
-15270811125
186342957838
107895106129
-257561676690
-397008885605
-25883519985
-307184307620
-5846706023
200682672604
45685740716
-225268353554
151614870455
96203062168
196866202604
-67590973397
329597784036
79978549345
-166360079223
-104258420405
-335183968422
-145336394992
243372009279
310461751100
-193324576207
-211136603879
-110993509469
-21440515084
-146109332812
279304336504
-56277487872
304323708173
108629117256
-174451543165
76293289955
129960026533
350223232996
-109094455170
156964812303
327497428705
-414976459442
179936620081
151123137325
61947269341
-165786569610
147029935292
-235954026534
-140875674794
-191938941675
65568997669
-130460245214
168757569766
-387868675728
240155354274
131182959420
150623754478
-29834379209
-118877277084
279754588037
-18262144576
-25262305886
123730960936
-277844989051
-124291730092
-339192554787
325927462257
-218125480504
137823607121
343396343794
-89671766638
-109011215606
97208458776
-304232178271
129563615335
-193813977996
-119859485420
135181441908
-269019501961
-85665855202
314645651743
-187483758504
332556582136
3504290114
-159820307577
-56778050408
104344818939
112581501868
85901027943
33562794039
-248372621730
2189805822
81807604496
271033070668
83129735360
104338146300
143220802430
321282188391
19806502752
299739884516
-104767595388
-68862618596
350010252554
-10452998707
103338801876
65519406828
132097379577
-235319956975
-280324573944
-216646630292
153594195397
46371700064
-74839240945
306383451440
-386684072350
25108839887
14367769634
-236962122960
-110343923828
-146601490445
90531983263
122141790450
28456434983
143794965684
-39381580278
122089005903
269773179925
80898589967
-236544351210
200929219367
-379450928902
8340879979
35366389852
74392747243
-349963951173
497820754681
-34272441851
131281278555
361236197187
-50984583758
297986909765
170071528938
135210057820
211239885526
220867561391
82854976378
-41248490125
-284870309725
-136833928064
149441814046
-43443803490
128219898985
-88246493191
-63905500454
227725980670
-542886516971
10578490026
-782067156
-200436983445
47796956934
-59714746461
82772984333
1304097446
167499231424
-426600719256
-246627834396
147535007309
32305685413
45504379684
15397534491
-8900346730
373320314938
56956820092
431896678836
-236561289192
24443105122
468085580856
-86480727786
63014386924
-157223360120
43887039328
33135731917
-334014728141
-189776829936
-201534865851
37628912574
-47083103550
223661261511
-134362929346
100334287668
-354872556922
-61929235929
105864688878
-316903128714
-135022258568
140346429075
-116736096496
-40287892785
61466666978
-104755154410
164980239797
325530223792
174405323285
29030795630
79460889159
-47987031931
-68122364431
-266576239337
177638223647
412272148482
97946706410
209920187273
160717280805
307098435083
258017467903
-44303330260
186448627979
241477376540
167809517235
138604993353
404883418439
255594873985
-346343143080
-112525268732
47387616900
-39103239256
118607634035
-46783422246
-132871577442
163208225632
257800745657
283577124540
128462630539
-61044627937
-298181784918
282903000786
168419498848
176433108161
-166219351342
-90654677880
52206640399
-77606940429
-113006706546
-131490310928
339805983260
152730368152
559492853749
152160203898
60147374292
-86064317424
186967776490
-360228371353
74134610102
-118485464290
-128058129440
111545676431
75315799685
277584217940
-132849657114
-155248265345
195781089864
77565804839
-115627162431
247184228472
137100667561
