# Packing of N=56 1-dimensional subspaces of R^25; each block is an m x n basis (integers / 10^12)
# m n N 25 1 56
193232288514
-136441420355
-390795462095
-1964160650
-214993695382
-33782991794
90301026082
-34539439901
-81324903894
207755465585
-148049653171
-186567112843
160997568913
217347213494
45487802140
515566458989
114827677196
227203427449
98402847525
-190508640480
81530766133
-130406152293
-379545871303
17715490967
-90905702124
136245417128
287584481396
-78323022443
-331769852392
164132705777
86497152355
-21750802113
-21891102035
-160648243539
103870642856
7365708854
230559582140
-223555277121
-22051916988
-33627500130
-25332313834
-226181585823
94584390099
-27353440052
14900767915
469557655410
31556243662
160079380941
-404078055755
365580418676
-252291779978
-130283241407
-128105100571
-69504695320
421066798494
195594170671
71136775326
-87681081999
181613394809
269998783263
315309034311
-62946720274
60960893989
-106795499839
-101579304772
108010074976
253851229934
143920381765
-91081065399
155029488607
85777052227
185557490201
-449605951328
240041472228
-66494793189
164273815392
246339984118
-287912758537
-13448653617
148660774639
-193091784188
251940192998
435062087560
197519294590
-85715251460
-151559561442
-147070405362
125776653524
-102759238155
308602547167
-100571364975
-157861130545
-7554960568
-210210310768
229156308574
-226808765716
178800022381
237404214294
41202500349
176861938667
6448437831
-197830777341
-37658463898
-430499897350
-229980476253
-219017508788
-400932235624
98916943313
-94449788501
247872022940
-108020126851
-107693818612
-259467776579
-164281320312
32556123282
-65786829041
-268420073897
346696760939
306400188232
-108826593930
-4635117964
-28144132381
-12848275021
-10036246571
-101504738211
150607156576
-15738919122
29607541145
-52266753069
-95165924908
258881568559
-155045507022
239776789597
-331973642628
69782652553
75783568963
-173946952307
235525871125
-170433312546
-339308881014
-71084875128
-137516232714
-91106481568
154262089396
-22953925629
-87412155082
-156214141447
-412578016640
406013786452
203534860910
-1710481230
-121200569713
-153307966103
-139350823139
313985723174
13479622529
9274690924
162470533863
441505891669
-308864136313
-306248932407
197626834809
-232229150616
-66213066451
-80652719647
-198823953182
11619577651
250746541238
356594853977
219863044712
154690128628
-6343800668
-134322539599
24564620081
92144948621
-207586124863
251281639663
53316958198
476829683010
133105645208
-270556992328
-37352492628
-297888892121
-192318362436
-235951635650
297836254543
-104342137523
-209276031031
47571131917
79970690225
-38331372819
-138655459510
153042701320
6722843518
-174149966344
170281172766
-296175087154
120338538836
25962848622
177302481715
-34078910157
32708202741
-92466866741
-177292037914
348113684428
54709622812
-405356770023
-216570852825
288498576017
-119383519898
207638500173
-152758749768
81379457272
-56513213964
441119943411
-133965977568
-124050791001
165978089267
29556766922
-213188583792
-130503263359
164738550396
-28007925324
-124367725700
293986460191
-80964856595
-211991301733
478169167797
249349098804
-207846574845
123861527439
-68273977445
47412145338
22960543821
25726116208
-249778351597
-206664501469
-52271357249
-276591175775
-37763231398
19723220694
-348601429632
-184282309002
223985815372
242942696454
-31362630636
127948815792
-213874690670
-260833798374
-95336957414
72864590267
-335004333265
-266380476851
105343587774
111414865733
-107229305218
514983319700
-394407147318
-143615783641
224573025270
186245551456
-168847509424
-47311748492
100042823026
-258358444855
-145154201967
-97225844670
-32191549306
-89872568729
-50136757227
163342424393
41661271018
31882214725
-263137993441
40683686153
158602652238
-476530206914
-89355402883
35275570707
-278287588279
226107350931
-110257266147
-400363507598
96889073381
-210366182743
-41490544833
-53380747541
163510751685
-175293148507
-34893154191
58015725197
67167663654
297320451095
16018903003
243514110530
29830397423
237293734517
-38137843533
184185169565
268731409923
3139696625
162255683202
64946968873
394963863822
-96433464628
124278556256
246744717110
-247694929734
191620963037
279257134278
67914024516
-193359529086
-85055231787
-54478552664
255504762977
164552622601
54952406894
10277470525
301642695980
-235485310424
107866946118
464956851900
-12587600471
77049072494
154013795037
129685388353
-70388811949
-133979056040
-144649464319
227683448899
60103030416
54352385719
180638308576
40032465156
167318665097
-246906022621
153215916370
-163363248655
-69114879193
143913649607
300512229886
32830524086
-143044033178
366214865626
-389833567146
-332202226748
-108773094560
185915127480
79266400026
348047816157
-242851908863
-350497011566
222922792833
-203852852955
59401826387
-94893457327
-84312117597
-22659374498
-125925908548
41926058017
-76843926098
132165631914
153841844740
-268641331532
330922712126
500127846939
-2085434554
-25886758862
-89801923003
-216897808029
232900708353
314379904453
-25303893670
-28201692053
3354534144
248017080346
120699662056
288091734143
-139919631819
-170343680811
72495622392
-246487579938
-248057688530
-6128727028
9262483600
-253252622172
-451023336532
-93082227961
-36361745600
234460947362
76941549002
-25210164343
-88655238238
-150722818867
-126524824681
417472947587
-156075674127
-118502553847
171401652103
192189662091
86689423670
193300009176
-8767726070
188433469700
155554882923
-34325734573
125617716904
323273284282
-62787171316
-321626339501
112535574814
-57912298092
-188508544168
263838891880
110963921395
-56252349806
114529883952
228905570496
8110610029
-263762151705
-203707002557
227748528456
-529600533667
93603102516
109964165967
-79763777160
-232787259936
-15680061845
219618982635
-108592580471
-38813177568
353714410468
195539086002
-187087106106
-84071405940
191740806574
47432866920
129642566685
-388929115142
133035403387
124075992376
-37405150944
292435460030
-398908175777
98087862904
-111278296549
-274429604914
-261435927786
-49952802664
133663077111
-302264011498
-62653415827
307437301068
-112800712198
127472249839
78448337697
-29422094325
193647981814
427935342724
-167727140515
-178457297173
-263441043759
-41792366523
-61845312218
-334842992946
172938614176
224903538657
-164851464536
-244322829590
-82018283866
232400407505
-68184488668
108932060165
-39848202585
-245562878129
-17112829566
134608960434
-109766382158
-187545232348
-225537673178
66874825646
255988772516
-50048041155
-303616046675
-177634726054
-24901398013
-110149668914
-81005401411
415407367492
-123720021813
210043508758
168428918793
83002184615
-19343486428
227321940634
-205252694184
422482465520
211232049657
-167524854776
235245622522
-229873608662
-126651001214
20093293939
-216468531224
48475948731
-471001620473
-197428990569
-146867681879
36195284163
-161799748976
280297539587
4274509598
-327339976296
108495157543
-225488324023
101413806430
-46966321447
-213382081905
-193803714517
-284890088822
-315322790324
201413235217
-25315386944
54347324026
-54199892207
243900962436
432445581353
83372228790
-173513951211
188778193655
254389896557
-66096067827
-111176897919
64715789720
39939986540
-251648160593
7520712836
367699096958
-241488471439
-196160173478
-120615504347
-47570323095
-22802681773
-275735804193
-317863733022
-215466778663
-156478639993
172970059958
-53345378177
11199695944
-130712871236
90807108399
-96891075333
132101554054
-68461290738
247096629138
7450873115
-277405079339
501011099076
208146987408
-20122119399
237706577409
-91601491630
43786750045
-53967470308
175078755997
26269055063
247213026565
-143016433490
-43656419976
-22142287939
-415931847400
-74340155038
-103777078764
368791674455
223778842176
-193705926735
28665631951
-239946008593
237107506487
275796078181
30971056455
-97036858663
-302490438886
134215682531
5887147431
-83312757341
-15652440228
72900910806
263670170350
-36594267607
-116278996976
460825606764
-388671505604
97089159002
-48599157463
125464681344
189658659026
-40987101612
-276241381409
214110016561
-134394295476
-29955049212
-67013925854
61807755293
170987191039
36189370048
-111745351506
-153406581056
76791341231
-217534418488
-182662881488
-60734795465
160883670001
152603068620
-102219747825
597271751251
-264162023889
-20699908840
-84491193301
-100035635350
-372473385283
154187061503
-207864510563
-246211052795
313602165286
-89298236358
-87316487935
330940486584
400193066262
87448341917
-162394075110
-79945451502
176621792392
-92596827401
142128266431
-416520771670
-175849369021
-137447164544
68292690607
67532090133
3321903408
-103542691828
61086715111
366862697513
209852772168
61811026639
223893480396
-9094631512
-190652960226
302905748254
12190845567
175720237551
-83391366707
-12459632103
-647497531213
-64655491427
278617285820
188602183313
-212655305302
221160254251
-113028268935
104803217990
-15609666330
62139822109
187729892865
6657349667
153210709889
-38121659476
-44874581925
297376558184
-103577219534
-87845407100
-205221420962
-16169627201
205724328493
74587911986
-43465075173
116903137609
-146674482383
-148587161435
-144484994239
-140772073223
-99617662858
-35614250292
-40187631531
-13932069460
-111435073305
-205652748111
-347262947105
129360299596
22280734212
260548409079
-188140538397
-319822241361
342819753350
330972894183
398160891446
123146423991
-201012605099
-55565983824
254906591402
-118945610046
310096210333
100899579615
-339953917809
-268746943942
113663149464
8397376170
167048999678
-242607179297
-60722547572
26812837371
33696854130
-222252418147
133737375124
77049569688
-466511215
-533231864732
60415386606
-62909218
-96234760124
-249313200011
277462377166
93538527518
-357187056890
-32141052777
-138497429858
-89574220148
31765762996
-84080265376
84922173559
-24724929832
-397801416500
75321807665
40088187979
86659772381
2762026858
-150235196375
142843709496
-277384260547
168852174527
-427677932995
-194702302961
52004311129
421322870149
-161462091289
-130163173318
185387361786
168493058832
-98238203755
106251763772
124816950494
-23209484661
-195226795460
-81484844333
265504173730
-55491861608
326429005020
488195035989
-28548469901
-83213722145
-242920732657
-212137076918
-103032185104
-197162928366
-224150321115
99849623298
-338394174133
-10829850799
-251513429449
101363582298
35575988489
91449094669
-283693648911
-38168831540
-160088386487
-32335352496
-141271083194
52362525692
31978182997
194336675340
-8388148432
-144221866255
-31022787759
218505343485
-493255378987
-384777044201
-256242446825
92367705791
-253788866717
238954091850
129648501484
24725802018
-68487603228
-214275823610
-12257115707
150749032313
332433252457
228772896604
536232676864
40548753051
30648731099
217580828795
-241199531878
-56782178927
-280214983471
2934979818
255911967030
-52049962124
146460454459
40675147434
55321476373
-48559395543
14902506685
-241425397812
-135552497556
-344770354492
-203425348398
-91030725930
-101686669863
364672349048
-164666860699
98014697784
20231629988
-216518389315
143256605912
13075167108
105104088233
271502335888
222856440551
-237283354410
-202578671025
-128376537238
-415647645156
-105861558551
188836393027
-177043870678
-227115138361
-191448540626
264541989155
32819133868
239460687797
-249581239532
104085399527
-136083486366
162390579135
-138251054674
-281110312628
-20504737649
245862300102
-55905010637
463101577695
-20464180854
79108127190
-37743095984
235839279859
-3740310610
90338917252
381288832000
323728094627
353579731342
214204071941
-238968369899
-214100162269
96336444680
14804889800
-143537749463
97123691627
-21654845325
-36294361942
23421550158
-67471014266
-137821252632
246213236207
-43949873366
204802995299
-250793919598
-140838161062
-400912767133
355017256767
54584805899
167865608495
289364865457
-93214620258
237707191696
-14770421701
-213029998282
-94982566470
-7558127052
-26619934374
67701991959
-159448810422
-23286730137
227484706410
347517085031
162340038857
229753621708
259019319180
43037521877
23149359445
-93411733782
157079381119
111008313994
184820130095
-107137040583
-178011683925
164263054917
-37974708460
359815808130
-12817143529
-179265693903
189426233604
310563000696
170441258877
-123233433732
262890615508
-162710490734
-152055988569
174958831784
211940130379
354859695128
-63777741385
-361725091791
233626711809
-179680088425
254164117789
669200941
40962287137
-398659229254
69634378847
-223002584284
-109597268291
-64045887764
73541564970
91935733294
-48270550499
-501221281489
-38320934810
235083589575
-245157344456
187211241503
-111256779657
-63646564765
-26281716780
-128822118792
41021791138
-217413168901
-389976841324
133308811102
186350352636
-14991061236
-291207591651
147354305953
117731866660
227756150522
-391937061102
343811734477
-255664790619
203884212933
17382468989
309936575154
-291088777746
52016197724
-58546739928
-182867380902
222451417308
37273982323
27385041826
47117470739
218196533900
85109556139
-125622131419
52445021150
-257191452416
85911290308
-316626360503
-12481152496
252226104437
89644571774
137975469362
-255031628973
111037122539
9059401248
23560479082
-43310770153
117578405513
-152657094391
215218074365
-571128454396
125530882906
-210756231050
-188129352334
-58276131772
104632977244
-38262024498
53711090646
231790315639
-80686335556
370812828318
-71013576647
-176450738627
-163436639958
486498817739
-23364856062
-202270826442
62050725293
390986400537
113414040977
193682532225
-241952608010
-278005649593
-183033533807
-109986028145
-90007837887
-106716987570
159709904731
243137399257
125244400200
-195835981504
23179119285
-118548653738
150454082230
-273982917883
1564042574
-236377643563
192645187349
-136643619939
-136597758271
88336501211
277501406941
197538258928
-57034486919
185347105875
-174316316262
98246512968
-147980399126
262862963878
308731962055
-85412398935
-184041350836
-259970090777
-15138875809
129835567249
-321605636333
409599440414
-161785144041
-239544521848
35992960518
2211034454
55082108517
37500646797
-308743739318
-127990787983
82671155979
183862219400
-174639002589
-191201012191
-51422271827
44196587623
179804002702
-182520883216
47080431215
-71859698669
-58000647426
-44876982842
-261761211363
-188896377959
61741953410
-39471605661
-280008979423
-41920634034
-300141092891
-320733262376
-557199980810
68245282316
12158186158
376384671022
18583144701
178418385958
319657016233
279783624216
58397497921
48153960003
3063491896
-9957715849
213845593251
-580841999834
-155262583421
307223286250
188084260183
107627475175
-78336686672
-63661585252
85689208578
106397714371
-117436651597
-126779956425
113269422389
-122259591448
33612978799
375333455691
-20121015274
-41882735475
-208211488837
-92930098881
-41136074466
-17165754441
-56288891055
106851889179
66939019954
-129732562528
-214930508824
84125880393
159040677395
402247234515
-358978873831
85601793396
-53281857088
533457504929
-53249659831
-291224559866
-5269205417
-64766695614
-100577116456
178955642386
7571100282
-199536278988
353728338344
210008867305
205517690020
111895931392
96754575181
-316528522683
-55850162448
-240685360732
-28061613111
-65717759919
-99319821443
130682713256
149560260222
-515503311434
-208054663053
-196696618520
-293000265631
171819860748
75633720772
-92990406053
32144934991
-24649619391
-200446489343
291066898471
59315983446
-66494563736
-196176537183
195985513207
-67707460631
361001183852
-120184296386
96845339795
266889739017
-108144640509
220993628964
-162293953887
-194491046903
189375919804
173867719492
222508450606
212230094112
-127037349555
164174737894
241303941484
-116320200112
-375754654276
-137551671332
86635804918
-245835952294
-76692451055
-146971068612
-253928652619
-61372681764
273134382011
-142585521639
46984273825
-548660665143
-209978840563
95589195766
-107130207286
-17712172391
53907678157
21680408862
42926556022
-291551013106
-148398511352
-92834510352
134769743819
26019211081
-398391748992
-242423888871
-126316718055
-218254232269
-99644445780
356717827819
150042374718
-132573352918
385400427616
-182262964183
93134936923
-98817108171
-197104147017
-13638028105
-291834671913
185919702151
273123482609
-31023192026
-215727276355
104228048916
302600695334
-140132646871
-112914138206
-191451836209
-186706868968
89315873512
-149849539014
239328559320
-274692223650
196288829103
-166623108334
-250612674946
191491867215
-129734073134
147106389947
-26104283151
-70372590453
98619024686
-443700915152
-359964601364
-98571563020
-200335328631
-187079753741
-66113799728
-32646176383
-106864406360
65177578238
-166550702616
-33549842664
326139699899
-298120635838
-159414610239
151739797028
213117649163
-10122558740
-321450238961
-269179801341
-8657011723
-41487969977
-88101684490
-78390632725
64881920144
9334069683
227202566941
-252086230379
51252230079
-227978939268
-114921325625
263628831325
207964321591
-349917061264
-248262243219
184929988538
-93260364138
-116226125890
-113364281765
-214578820082
404459855927
322558549091
-189651653071
2504114389
-211693071399
-168391695134
252462533135
82115002097
299131749298
65139906993
53578640654
292716149834
-48254839811
-264661047235
46812202604
-196318746918
6697643169
-58550251243
33069868055
-255065857330
-527769966575
14980595410
-212348358642
-29690180574
-160699690547
-27580857074
-164217332862
-400864484542
-259885710324
40946700652
-227279462824
159432565238
-53537703602
161347592614
168406237407
77581421106
-63682383482
230030267057
39129023059
81378408301
227781051234
-462676720700
-367486373473
42042323543
-227669465835
21792616564
134487096975
40036783852
48541628087
-227145012431
94497280207
-331877475230
-191271854954
-116845799370
11853865403
-29864562974
33089940019
-188352901447
404033258951
-16212795973
-165595999823
326754280019
-303614635965
72243536473
-161229758552
114204854945
197028169079
-350163278579
-232396905145
111327604298
-72890231816
-75050332112
-224688109549
277956408948
-20882070243
30294220437
-35513382393
46069024890
-494268884488
315943874489
-231588352052
134254027285
-185757658658
-69066018220
50592430810
-89043384512
-24859486477
234700535683
235570454014
-388025099447
280360229422
134130115648
240195960632
-113745163719
-28117367931
-219006862661
-81514375922
-5149313390
160746460214
-116990191383
-84478650383
184789232994
46826613476
-3579013736
10341534072
-51331786189
-196864236968
-10432836080
-201960753518
-267790355272
-190464460993
-19122085470
-11322099090
58529069733
-590784441635
-232700437406
-339348986688
202773168404
96532113658
269617886082
80243529508
93804598354
-168979638019
-57116992726
-283015657404
27013801114
