# Packing of N=55 1-dimensional subspaces of R^25; each block is an m x n basis (integers / 10^12)
# m n N 25 1 55
-64694101566
57751322483
384065602587
113312537857
-104096512098
93470127676
449072155441
89538070504
-62792525352
93941110240
-282285968636
-73130201195
84857938808
-156309426767
-400779290596
11604988732
39181003294
-302160523543
-91913730016
9316482839
166373856648
82255521348
-307629360221
166433185564
-233519059197
93952169105
-313621282248
-150440165529
277163973831
-83338534490
190632260620
272122646064
153225115602
-57411551214
-308257321798
332726660772
-173766884660
75854706831
129493396122
162406238985
-165147112914
-41643958302
-195952151276
283483336050
126346520125
-251773596896
270138176245
196264510890
-150736845115
55604232640
33482811472
-107916347992
-21927108304
114480027040
259968607668
-374648196586
117948050503
-201870968358
-162776641535
-185324954678
-256892341335
-211714935300
-335386635422
-179130791115
319821506353
-15359160514
37777642739
75808552753
-228469478173
-120357003428
-134220515756
-440935178193
69193577583
-30075000233
-17212760045
183814095799
359528108448
-275218688952
119156523685
-68852316362
388070266051
-125875613889
-53244666142
-103394394351
-182318337340
-168088870771
317940681403
-339602576380
-65633506870
70092183813
-132615408935
-187480014523
124808926703
-281424229328
-218014895778
-172639150014
-121091273025
-137912542325
-112468317315
-63158893338
-128441183814
9326869064
279517564145
208360496107
427211224347
-212278890643
144001055381
58379295924
327019494175
206412776317
217817215754
109035010923
-74473278650
-19908848648
89915463560
-375321679921
108338968371
-299495748073
-179187632960
47230270176
35248113282
-142996894536
-238675700834
-137037113067
114765053039
179980618419
-212262548708
78863939847
53596384298
53098505633
191123857317
-26606310405
-190693023410
-151373694860
-231597103699
-86566281409
187670990560
408433922455
84265823896
258612991027
-386604769659
-18503155051
-142504651633
173940993359
-7556886225
239106710360
50155834074
-384395228867
240713071460
-105636681651
-99774654052
62876463778
-24051822448
-32899936979
-33783908581
-423418181860
-336130840536
73327853653
-288031689960
-323707060280
-341192814240
-108280338813
-37224483113
156051184638
236805838449
-55835059941
251762056405
-36285215899
117188869251
83402298028
307711834901
295618306662
-1425225389
-118385763989
57824468443
-341471481837
-104341358679
112515537391
-158095515487
47671794623
87430466907
-225292263246
-30969454930
139590979044
-84776334566
-362170236219
-174331062103
237215718276
43212507446
87730743498
-488095798186
98656804019
261761601444
-177062395398
-8765306878
-173476530306
-162192771027
-86518577783
-83871106516
316731816415
-30425387378
-46085953762
-172551618351
-178470142094
-299368618645
99563454392
20889549111
-223091293790
-237713538713
201187403701
-77445422146
213742346428
-194184542595
224543535168
-205609542902
-162610889919
137090440634
-206270820629
252242987269
-11311663336
7423595197
-412320446032
-97843829962
66996225595
-413340521561
125432003020
187678630747
121193941100
113994145257
7435402188
-291673793481
-113045628439
-310590380041
540166403611
-258626744483
79092867323
-50326224882
-23383660196
-33067561893
48742657925
371897280258
92500667633
-58908903063
171216926969
78125970408
224543436260
-240455510549
-6849978727
-240628991526
59777131700
-423539853120
-140508552335
-305926045577
19496831272
-143448940457
-94752345853
179111095391
-18677074384
155200430489
-70983930326
-150133195384
221810476747
302888887356
42634903189
43254844104
324079534880
213375327214
163514411312
137434226836
-68046176107
-105790181714
200463394307
-21854581681
-381681701467
224212908611
-34623541992
74690741824
-67346698317
-138494817527
266088904342
158048780381
78722097782
339223655995
-101171960954
-180396679317
115701137754
-375942812003
374746931420
31226590033
-448079627996
80720102892
-19339159072
181438874543
201877909439
-189625682779
-137023135416
-170184530975
2251337057
-200770958849
90525043818
-272245590599
-293640220748
-3535944333
420766718052
194533655028
54164767632
-199739271782
-66997367169
-94519856214
286194345128
-292502773528
140976054674
77412114979
-2598990234
-264112157676
5616652911
-48352852088
43003971944
-156897830839
165027408309
385302589119
234640935480
112518265754
-33404176
182116475806
-443210353420
63600186842
364650964655
-378064423096
-64890064095
214532580198
210579871251
14433887465
53237076262
-92921527477
-56911943011
160987020236
-245391758303
-115752965479
267920308509
41023685701
335636545351
-89672608402
176982317315
51158737439
222160178326
-155938227252
-24725847072
-68354518792
86811891212
273149764134
-154719970005
-62012080785
-289305108600
-225780246768
315223677676
221802234693
209724771026
-42805220419
-175423295951
-197614972635
205115921669
292697238485
-168219062112
-74372144691
-78739780574
76508406643
-25053551966
-175905854587
379615115610
-116649608961
-145687157952
-56757559864
-333205817049
-18523582004
357106608949
-50721037381
-118882970691
79185693261
43959921973
211318585208
-93761884882
-471051177525
-143343880606
22424422335
-139589247063
-209928368370
-302873433897
62732871498
-135246595831
48553168328
93377720796
-208512071910
-71480774223
301520782399
-4475381392
68205078668
281650504030
-372802046541
10329886154
68463340305
-44615065834
2762715215
-104724105852
15654476241
-262382163756
362070262978
89658381860
-127829032407
125981693619
237899852043
-235211689900
-155332803312
357172278226
13703270650
-149356909653
-409545555842
226714678236
7289346410
73591863710
-72436972755
-160140880030
-33066763531
114276925147
431457501556
6828181710
-92770784311
235958885534
59679585499
163461312943
-3222927203
51881545717
-288924036461
-317139284471
-3900984667
-90056665587
292082373508
124623376673
395677373154
-120672590913
97205007879
-170588755238
-150307811054
-462205807642
150507346999
-272441251144
-195265256704
-167989066493
-1088866834
23214455760
222331247611
159918736768
-163663959989
-170059909836
476214920464
-129455204894
41776761002
52921346676
141362297193
-261803928757
-200713173137
-35023947400
26095656839
-64226733832
106135447466
-308885633162
-412819232719
-110523446682
216349032913
165321401911
10481182910
61322395935
58256531247
-304626873149
-151162955007
342590706105
371233435172
371077169220
114196579623
-77837618105
-92841124069
-36671295659
100544629335
-70447078687
-37391702807
-470422203720
-243351892297
-44650059906
120884113664
-63490506495
99919917804
-92300711598
246211341979
73906733335
167476642510
-316589756711
-38670435508
-135601911841
-141192687264
88025466479
211186226660
432866367371
-148868244932
165792942434
324957962476
-42259513898
-38025256125
58223950874
16225067728
154292292712
119310331012
414341176617
178270505070
-93034769796
106083608264
-245234528336
148619535031
184631729587
-25410562004
3996425846
241666481414
171895275894
257684692791
267375309810
-40818140769
-12849030056
58276302468
90851476446
257788462688
-403472097108
177838442947
-227010554410
35569713286
460370209047
-256905566007
-58682677072
-322101554887
86184821980
224960458425
208936520057
-20961300386
-94093250761
18815296989
-113229086164
-65778391040
-74750503656
138442952098
-77920126227
300374652059
-199614034352
-92476621714
-119708483889
297082583930
-52121642633
316121981474
43503206956
236108418898
-340838366060
-70856801875
-63460267482
41383724665
-168029432690
-190764786839
-60242822344
-167239428352
-296893087479
80104113318
199568256790
436848345130
67135851386
-346096442910
37615735267
-177330025637
98230670157
-115713150720
145368518780
233083845419
-612521898358
-15318950866
5157003179
-160747139480
359729530495
136008969880
-217123337771
24417520678
-218985404849
-106210030086
138271927964
-77722426635
99265067304
44705321482
97607573159
67743611079
27550537559
-14903921676
182182427253
-74908432471
-400367907913
65471405557
-113516196905
74738764282
-28720048447
15116898648
-102242542337
-296412027466
165114542407
-305077325373
155661524347
143874402233
-130153936513
-23967426113
-6909347601
-442967458465
70896469130
-159107441996
-43553494714
15049148607
300886842484
-90242278482
417688209871
299580110187
-39779535512
-87387618351
53643055943
329468806688
309368223949
-134037401187
-141210357222
-252849414817
-400909573120
-322194566880
44601952879
-185707238639
103606439351
331227511572
313724686377
-156079911642
-40084013624
-270664356898
-169930544365
-85497028324
46552562328
-42144324125
-202021973279
39931301708
166477813687
-66535482478
-180315404369
-187254447099
32942983985
476091681194
99542609511
403403199421
-286676740463
-25713509668
-127735905789
12470370181
-4368303022
33703807650
168957527167
-119695452568
244896296849
118095607111
275426457838
29636400288
-8335155309
306882504821
-350494818758
12200903865
-158330695879
133970373826
64549751257
126676114779
-160000074951
-24851657190
90394690707
-175433216821
-224620079271
-90356262994
230642342320
71297575305
4618817789
28158233096
443932329517
-332874566143
-85323203819
12319760862
-15049978976
202762941848
-123422458090
33070627456
151331439758
-316768288003
-340364496936
-280690593619
-310284964623
-63718052628
182630062696
-123802881290
58860893463
-133417750320
-60340155551
28888342216
213980099071
-132082308012
60010820559
-289351817892
81742787271
-185978437576
381939579062
-29848011221
-8278982496
-49190004158
411815240543
228963760819
242269513095
-41654484977
37385307119
22996273391
11867425868
-179715125959
219210844020
19722068398
-339788296387
-394878884040
95780117922
-349716563950
133525585687
-126777239101
83409056754
14027170017
63852253234
-199625732004
74987302832
49541436237
135066249290
60044420280
-249070130250
146331289480
139007384102
44000428018
-183279051032
119739504074
278021056454
-131563680971
395124315562
406108613825
-177364754846
-369833749452
130735875582
-249263031668
57544003864
-282012003810
-416171111237
200171627705
129372412567
-169783885047
-119182313835
-126871434641
-146239807080
24097764264
123538155859
-121072640558
244120185114
-113638275143
77787505226
-43098932138
-77152239424
156476154339
-130428327826
-80838319519
60431179509
-471942545387
188586864505
343016171419
-86728119288
-93063449104
101709067282
26782959076
63588465288
55630607653
197977361414
-202502237510
-46504780948
-212392644955
-111005643204
415967532247
176317614349
-350541217457
192249402055
298092860431
-476927099471
161210448874
-77757301823
-43435276978
265360807725
-117335949713
134227567368
-37903609340
-89360051695
-292224842665
425474270326
-9191691078
189939976784
77623264721
126021926687
-10544782849
-220580170773
-149438487740
-151530014913
533812832407
186483801941
-22802380674
186746037324
-141242657674
18655969306
296519301598
-47230041345
66366634977
-1720382849
-169941363616
-54134024939
44630128267
-272456835942
-58538745360
-8723834337
-242656342953
139854623093
136817226319
-235563433265
-191740230049
-136939218457
222166373943
-331765904576
40906176443
-209279143197
206520332037
348131850178
136375512467
2260518248
-109912498140
-246325741687
-81592141605
314123464212
-102579116239
-82555683310
-294797137883
260407082045
-136047628375
189095972071
-74151390837
3940059121
72604988991
397051548230
-452589226558
-178172933849
48821054215
60791251314
27405132631
-309128424400
-45428391182
131016110920
-117117889171
-270910799584
9162864754
-296923659135
287937042127
17079698491
177410015915
44187764265
-141866945616
-181958846189
-335387456383
-121217193785
31076671261
-89571288881
102393025937
73627673372
199321856169
33072077831
270401028463
206207319273
-50760949970
-54589088700
171615667957
40495069746
-217764654503
20419334683
55691439389
116834742788
167896597398
10825070162
319923035854
-336800754502
58184182468
280220555078
-288303716631
-222088388413
-489798504277
141513232980
56987559889
-327557747156
-157125041627
328794857617
374525004769
214725849718
54221687560
59004987881
222820759109
88581109337
-90260582222
-364973405083
-77460251939
104815162030
-8016964336
94970652838
50316353682
-132589742642
208078864281
-21600781779
209693235426
-229900659267
-102435190637
15276923997
-409293151229
-16360169542
213951969279
-155536621636
-53668988562
147157528456
-113558914657
309288602244
157062770779
95539149495
-9285786052
-193472264834
149357597726
-82665708083
219371495171
-68714330250
128561857002
91957000598
-350976182151
-82242459357
536201367504
-5271520502
265335309765
90527509148
132051734269
323829782997
339419435943
98434415312
10547254407
171483986756
34560171254
174297055358
21182553656
-23242873119
-310708794974
-143357645251
52265132928
-93821354934
-192780823735
166241998612
108426113900
94045734050
312281036061
65607555209
438886055145
-196850101433
216030092745
-308774131081
-9361519543
83602387080
341635753072
168048801366
-16456501636
138202000344
-170606953098
402504897648
393795825869
-286553581484
346746468230
81239980049
282676891339
5709649402
108667683541
-71422965165
-179345453073
188332824739
7990039717
112167493307
265573332551
153557776710
60404081671
-125868823434
15463172161
-303078407303
-119369303908
13314946305
56632234423
8283742402
-463773334672
250830562235
-189676018421
153583409259
33081284767
-200598987523
395667585939
182098476742
-98400082064
30264722871
16437214139
168309120997
3058538492
-306545410788
-127373803180
-197316426790
188916040253
-14263681407
133087943419
-138484087436
-82078958380
-46277044051
397636968304
-79434175035
-54855919642
-39173325596
-174784616627
54555004278
-137395093158
-477199829862
-262059093006
-202532104304
-247941545312
186515804545
15498599245
297551595421
-138620924439
-338809143926
-80491241260
-125685832078
7207076163
8819169224
384269671587
184132072089
-217958604168
90635281006
-18501899285
-142285777706
15907334360
70519376070
-1111293934
-107363207171
100521610185
-53210369590
212832696633
-19149971074
272600670641
301412632817
-233506880727
159704175324
245850546584
289159744771
460571188346
58904436192
-24424573302
153617316940
108203132299
276258083724
-93293802427
-418721401719
67675474085
50332067182
-128205136660
164331348175
14237750780
33744213650
-72759145318
14404090145
-133124533939
-209557945711
271850361140
125539470520
-249619982959
100367219213
79306248231
-9160010552
266201532502
-237456290422
-2431467015
-18713235061
-9672709604
-178109056747
-46037767408
144938087120
-17871358089
-585730642293
-271064841956
-369692052412
277236578246
-292003098191
-92875202654
-2014778923
4345925029
-49705135482
-152451116426
-91524784784
258981644514
182537681136
-202560613300
113149203010
90042918250
-98647455492
-394326092469
14222501764
397131557976
344703797553
224009049908
27326624760
-137516178302
-225619910107
247155040408
41487342665
85406775298
-61151290975
122955780115
19156251073
-249501920493
-202594274150
337254256880
198856159682
-314698547147
41347411782
-83857861321
195931520227
-28761814535
7658494560
165943496088
138054028458
-440267209316
-195774022128
307376425041
-65419308312
153550795003
169509361180
56145532673
305280856613
-67087182673
-215555381184
-116277260969
-274463246421
-176915258963
25643072264
-3569962414
-4710616563
334985913786
116244722544
31712246930
-278968273260
-302760806467
214601587823
-478517425545
-64278493348
-195601306318
-81688567077
83962250123
163017932902
948317362
66774858126
88022670123
218324191985
217605439135
-78413250251
-334425874517
-120949222550
-2805397300
-80434834032
-254992214990
34691343516
13102255955
-360375208865
14465153858
-40614559469
342129713479
-159362025757
-91562914392
-250130293353
-231741883656
186752663692
-192908734995
-123522821262
-473554560673
-12719920631
-349827606998
-90127658509
-6217150599
102807705003
-230079473075
88629729896
526258722
180039603999
141845111325
-200846543796
-141600819051
103195582125
63393324043
189687876540
256507553137
-156363200103
-156266347206
56864262933
-270685701588
207698034787
-266623872567
89560154613
-439445061564
-135597254684
231732500033
-393293843658
233641461106
-146220142727
146721055921
72345489407
20019207141
77270101263
-76212064154
533434543
-218258493293
-89691336159
236824782297
108401077620
-12738947933
-203856743832
-126680618642
-38342842858
-565672430483
220836325504
-102887225115
206540689759
-64279475902
352949836823
-219440397035
-290220155614
-199333828619
221852831883
-15853916387
163650545184
65425319024
-45963331065
-441008062148
450375070727
-122575797928
-133406543085
-25397833851
91646732280
-48550259747
-269286646406
88679349847
130334316642
-273401770541
-431903276249
153010073386
67860347297
-72994003478
76172576697
-35834606630
-158030267760
258955772065
191280041447
27585352801
53158834178
971463769
-71002739764
-148710968621
-170882692969
-62348211652
108365215273
-5102753798
161640974249
-130991266476
-56225057172
247955855273
-62817512049
-52067630593
80612940993
-5644758011
-66257153012
467900934948
-146978195393
-162700189808
255226758678
157069085358
-226133977017
-61877165135
333673932693
-386290018293
381372910882
31767243059
-104118980591
148862192827
-280737996335
24648959898
-125776331836
96680932380
281611515339
-146478450198
-71602217908
51387303356
-253068646560
134712384268
14197106342
-16195366665
-85236010001
276961066912
442000830533
79162019411
-205910877031
-32641798911
345560346651
-119404322456
-199948065395
1910626999
418585658599
64290844441
89250099252
190408733978
191629045376
107228464682
47465796550
318751708749
73568123742
-550716540066
126269507168
-84161451510
-178675685572
-5609456553
254661763073
94775852497
-238607078943
87971596743
43929224535
167745655255
-44897661477
-419230555820
40254906547
210104504143
16378081314
19484918105
217395823568
60191594403
-241493794963
-119819709477
-303527516481
-55251877083
-340147564853
92947542123
-253234883133
17327033939
42247870703
-78421454258
6853736958
34923166755
398919613717
104084854669
-71205006830
200472937862
367077442653
-199301760153
-289066030963
-138483202604
214445559469
-109847741589
178247102994
-219751568479
