# Packing of N=93 1-dimensional subspaces of R^25; each block is an m x n basis (integers / 10^12)
# m n N 25 1 93
-5147210765
218652598369
278604699351
66390027977
46302212937
-207791413735
397342017124
-214633801104
136508761967
-46659125738
-179825626879
-359902159077
158344215021
40848842113
-120747014056
241223621632
58234667181
182350553248
89678836688
-60051241324
48832212635
306904239189
212381403950
-239519918603
302218782558
-281026380102
59697349613
-322070534045
-133363161957
53924967366
127934628342
-26481547948
-90995539643
-43705544412
-308241750003
-45846437440
-107554422913
-65889685336
-269138137485
-364620504263
183215377865
131019898194
-134738481308
45620389761
-138487924380
-33932680920
-341557598796
132899912444
-116403456850
-456285943565
32719161599
-154694299105
262623052406
-181774953548
-14819479238
-316212115378
-44242953093
-127569773058
2609811670
-243308548
309820272321
-194156831430
125821900747
50411403058
135314952776
240326055318
113592198086
30192694196
-128930506709
154169715617
155704838480
-77971114907
118923887330
-105343542058
-645479326207
78888346267
-185982197142
-56411134862
113497846920
-254387394259
-120420433925
-100513937498
-507957761268
229555993815
-154158487897
-77979602526
181679608514
32808876040
-275502833125
-243178734252
172134388615
-91174827401
-13047324762
-460365936454
103828429762
51657538145
-109143647265
-156175837366
208921349908
-25914431128
-187744864810
91409501861
-179249218193
485334664793
-54044303362
259902744942
-212663922082
-25685023275
-15849662203
4864642642
-54835731670
178438601749
-167266924744
390605984359
-154995018722
-107723803317
103726032698
-197116836305
209070186911
10436984347
-291008290306
80425444652
95342046610
-259302421707
-245241963991
35818478301
-455119745373
-193069739732
328659401803
35160033868
476594236771
19179857965
-198671859548
177110511396
37008007907
197051784664
-213611335906
15074975656
178770385965
253440037014
44321406387
-285372290834
-107392936064
-207380005611
-70612998884
-91945871001
44934351300
-1254481834
100508292913
-30891729611
306319620091
6715503844
-17755555775
-185209782670
45730281225
125266202706
-380859546006
3159696339
87302554121
489161995352
-279281672807
76984712977
-245997593790
46285658706
71990807275
-185548429834
-90478862861
-298700248431
67642359433
-200382858315
-75239762990
30537420996
339043523169
-100943668113
41152301740
-57788078806
-278343225559
-230565159326
-557484515873
-99790881114
191613915461
-56645561233
213711863371
-154218671139
40487376634
-140865939137
-231344464742
-268430010105
241563473
-217037991951
-167568596145
22610547534
-21769119440
25186473241
27520398918
225216441590
-186703000990
-143940907539
-220556512219
237347180698
-240092681900
-93016450501
74702166191
280951967750
-174194923709
90126204342
152707988657
240349382044
-14536997632
128259224213
235585450336
202884146350
-233982552771
-313398197152
385113548376
-300074273046
-56781835778
-101970656778
-33212432014
-170893791696
-79671879427
97835156023
377719600706
116320031913
94528467117
235600653597
-31208893440
141454712297
186828111811
-106852166164
317017631877
-378385583911
174260163024
-193478272501
-397695653261
60124278153
52987941139
126341941897
-315205858611
269717272882
176667452415
-93613394176
78520096262
-289982718978
-11432226468
162750791779
-101993226266
103595336716
11626271649
186930601108
-106563761755
-424295432948
-69108799612
149505375938
-57690707747
-82807045494
215638526113
-261513586013
-168054464915
99407853317
36705902830
273842296063
151914334616
133857549620
-75456872157
-86857327489
293781076464
24660632769
-15945124542
-113278731854
-181581732258
-347377977710
344526441710
283002366706
-187846316902
363879073
-76294079232
-87934527965
60229338566
-263476106957
234447687737
416766024268
-160940578066
-190440956638
246471068360
328813751565
48729467265
-136458548235
261963578100
138323060309
266732590953
207580920933
192849905142
128980087708
244022604967
41405545324
215837720031
154054263271
-203633336297
-61969860957
192386702996
207944393089
-149381418837
-123534783251
-96228660227
33697117747
-19767439831
-200464741932
-48066164837
180074346396
-234693968187
-142045829344
404287391401
-38199120825
142911146913
296427088031
-329946937211
-241322998896
-190032995694
-88479419600
-329339461295
225450456330
-84536089680
160287887887
211729001361
116293291276
264969186129
200302665481
130731093514
63905397064
99102293358
-120868241269
-116012950387
152853993870
-557539020686
24215924540
150260318486
-121626664693
-30908789379
-247570463451
-23634255950
383868581798
51298314582
-100883302852
-291975777737
-126946586407
241193138575
-194412124900
-118471228061
102812266005
181809591437
-249383083848
243401820546
134423216863
194157918322
225714738672
93237259899
86725182236
-328316584031
-317592148715
-10360747842
-263360196487
-267739836237
-16313287132
-197489230373
256370525616
-44419912666
-76336536681
138646543969
233255194855
-143484034339
-4401335352
-15651926881
-405489859805
-32772659980
-218140158542
-66302037019
-168316063739
55067678889
446551615376
-174876719467
-29769244638
58324301044
480538096799
57062978224
352763384580
-85511079849
9499244949
6008542062
152125763111
120130341784
192087030055
116302328669
-180984359688
-72961469273
-118972276056
249923593326
-195664037386
-38306083926
271809840243
56770526408
135214021120
168535385231
250512113151
-147643528120
102339881681
1329838320
-192618282081
226392087870
-198746637046
100036988645
-274092015733
-21350366633
-42203230630
-72276013198
-383327921799
-327907846197
414069562626
-55193917878
-210293916617
324102104227
-10630306005
-67282106642
183491056791
134430494165
189242466165
257064545396
40944716109
73397241252
-77183817647
89157425749
554592639539
152907308825
-38119091158
-112916159307
-184883649812
433917689509
-89685302563
-81825997809
41831528044
72007475681
-135654999531
412385903840
-209769020355
-184434832801
106918165368
66238591981
55969240996
-27482118861
-40587860705
-148798192895
128078585994
132708384143
76442907543
167788884609
179277934742
-177932028443
-182603092166
-269102338239
-205806095742
34963209954
190324625877
441896851149
114527037133
-116097861204
148185868456
132665086746
14400933849
291531455715
332781588973
-180847204080
17003182297
166587048958
-21752464980
376691642757
273931349253
-1093806918
150455423695
-95021424391
-1171804698
112172561493
-190240580015
-184093260507
-190081733274
-148244427916
150901114032
50927537176
-73347411510
368733355116
-207549517131
-204448837474
-315663771910
-275561396532
-333224578772
69657726543
-161329329538
-241332280283
-24901482016
19781251877
352402940493
-29854246088
73601402639
-57379886546
353416321964
-56712552856
175833104674
213392779607
-181439868166
-91788030087
191160460061
-187210714655
298342906795
430697567215
184757770594
93899743402
-203009350361
-166005550953
-32389320529
-148029819165
193692578091
22283397291
-303321268389
-346719280131
-115835827552
6850253943
126985840754
101613059610
-133423835972
942730271
-150244674236
-320964491061
175487004098
219220219140
184945628766
89516360125
70371040643
-63820556871
276189781441
15488952991
-457050514469
-226569505189
-74295591331
266639444590
-393282575944
21734467262
-222205703919
-56128068758
-111568548710
-139024789703
217365402323
-252047537142
-354282084457
-33442079022
14783520454
241776869799
119115034626
153001812379
226674019159
176448891576
-189579762947
-170612453718
321859591640
-34435340741
289639688159
-384717745314
140780239203
14606419454
-128514812384
-288196996004
-109268533070
-30245717253
-165793908485
-259314761120
4174788049
45967584344
302846592329
-96697447730
59638796958
157707613751
83332517541
30998584739
78886552800
38577464761
-196963906036
18082888940
135999981550
89356454044
-224082319039
130226046665
-59648270501
188076793086
-274290567787
56024402545
-44404055052
280676190357
603619447603
4854466335
-280693191816
226739957061
-171694839758
-76937782721
-23127312213
-466386917541
54041830076
-261179838551
52332026756
-245506494819
-130055550064
31466707598
53208768973
-335205346112
-207936563653
-93450725358
3715589413
-134121928878
-98197166381
-239545779689
82099692104
212424445670
145141235189
73429770180
290816932730
-207488632204
331618910444
-236358823009
-30363732471
-80386636121
156410650724
-321343460243
6705801653
545079925380
58892369815
4249948229
283147758746
-199451991296
181705708331
-342110476003
296164461660
-98399590199
79332233868
227430501603
331312470800
-13789525117
107546272482
2137574546
59072648294
29527380689
-50895586982
-98255447942
26219206023
-230960521063
-155321223314
243169404620
-35577525266
92453915489
-3966067363
-375550997611
131284976136
-337731925931
240392853312
-90854955515
40961219455
189895524977
65762930515
-277749567474
-63034134398
21034877651
233878277086
-107394474062
-19534426701
-201233861996
-355775879843
-26044599525
-356771972582
-172967268142
376760470756
69851039942
-5634974711
106735364333
29835783287
-114214202452
-159204729233
212790462495
-66824958786
64141361182
-6464742196
-446019155777
227716587105
-159683420167
-185548547423
-17121505732
292134666035
-187160877152
-19225861757
-366454906060
105575124312
21735199299
21885936308
-385187359496
-148526346758
71027576510
52598470678
223891324472
207074858894
86223690255
305422969023
306861653647
143906339270
108322430143
2101867429
-157865524663
-288729312338
66632690236
242811090130
-181872563088
7502389306
6333001158
199083358535
41803615524
-82433607492
-166504365498
-168967331292
-121708196192
203312987020
-553529696468
304689384712
-29626319232
-346652774931
-343129349470
-294897385007
273054241727
146757340668
-156320240471
1964128410
30026576463
378582205655
99378341596
-69295703133
-243348564874
-60331171454
3585956105
-53868428446
70531850862
-120683740327
-308946780127
-223188282846
-131155688353
196026628860
66760104143
106383350358
-350051029259
215166306453
21404865484
143880209122
268284417533
-111969748877
65606989925
-167277690556
-85963250703
-82127417691
269330938526
-100478084095
61387520986
-208504557131
-268077580031
-376194583501
-114552326580
-167545696393
127877370476
-81678043722
33754233028
-77139229854
-196710378336
-438331896253
183495830619
224580488890
9574899558
315585598291
-102442714323
224365396888
-123609271532
49938738443
115817098363
228985269098
24723824740
-95438190782
-46089134916
-39298317477
-82274973110
297882220145
-407095880595
521133136385
-128061005575
-15534643620
22048774555
-118013839040
99974804287
60989364539
252452077130
-225218078288
27450603257
83752184004
41981288795
-51494327926
-256629071155
-95967048356
61605993303
-425179469259
-16067120403
6423794981
-325339186246
400405832143
-116688806950
445435858646
52854719990
271061715328
96377199962
-157229662158
41204047357
-290855524392
64525054300
-28447920512
-19688433833
-88178047030
199923502059
514836612951
34002351783
-38877857267
-161234367539
-157910445924
-210842917032
16473296666
229248419991
101104034119
100624260966
132229634355
-212493909622
-22992718978
117933406376
-180529147746
-80796019605
-308334673198
-100206071297
473994047399
-102519110186
-33359700889
-144090800491
-173421170448
212098656286
101455846587
177498570132
-128308269270
-100951547588
-318341585315
-141814618361
7341221468
-320823745204
-223016439923
128308343460
-230362301408
-66394870583
-132345961161
-113794058855
69044658456
513703996768
-149430538061
58094261978
139733620848
58832998573
-275027935679
-111775480295
34800615674
-366904585661
62969400639
134115673741
17245793487
-75117667180
25169687377
117367489475
173465139100
-258690086175
172440935371
38838940867
311579726225
-291708910982
120766521152
101944646128
49399148068
44434291389
225653246745
-175220540400
-495367332590
-76742557066
-302998495237
311221060676
163405072247
12676552828
117151603109
-278144750400
-17631610168
136682304434
-3379973378
-291419342530
-56488627596
-177289303886
259285433860
59668108438
291651256175
241301058427
-18019988750
10587302140
259239277315
109136172511
188011874788
293796401027
-172491023896
237113586363
-207584121203
-314130598460
-142781124738
68606547771
172481525182
-45457258966
-393425192562
83830237437
75811002916
-268939900649
-62450170742
105732152336
46912105157
-145666466798
145538375397
210232621858
-374900041644
193252262580
13240486652
225434403393
2437250185
-357134136442
45261324241
-255686842081
304722240760
152540304181
-83507368086
-168747473425
54802334997
58975976796
-445370547956
-128187766875
146070744415
132343328627
-245130647609
-154219473638
-349766080874
-25970964044
116979809965
133268154947
-6273671718
-158651423370
-391829274062
-216243691713
-43251065542
325270696634
-56670457226
113042239300
-187106644595
35056599774
22553330459
-365687090372
271493789748
-319843235624
-122100614268
-11219749787
-19266610764
-181951603870
32824819530
-34097220022
-66533774578
59381462537
161794102805
-184088688018
-115466733037
320279308382
178689558529
-19027470184
309856452800
126813679183
-29006970779
57034707612
-107651877931
233437255228
-288484324832
319192717135
-140652816832
-234263540514
103204416340
-402963250525
295896351347
272505083723
-68224881263
-250052275014
105306424450
-154146197477
-57434627645
-508351161473
83175879652
95520804498
263705097620
405562874482
-147638705823
64983359672
-19277374740
-234218921255
298205058774
-94086522048
102101815560
95421550813
307960285821
170735180034
-190701376041
-120377692885
-11666409800
-96845233901
56853603792
68451761245
-228316840000
-255041047170
-389075641960
-137213260929
181870280389
104825154126
-61819825223
-31304276074
-118257349865
119851283345
45895971993
303120902569
-256510339335
198688632739
33141649641
-67588712090
-57205519922
280310612599
54868008217
-450262507702
136812531947
330332270344
93222780791
-37413852828
-70366977659
-259579490637
-89080465548
193009634116
-31436392787
86200698674
195160156977
323533525189
10604111103
36243115175
379401637347
255047984808
84221593235
359962209020
-99092210005
-81540685605
-6915169546
-161188314757
402284027128
226361099252
-248302820407
-154866141327
-21957892470
-63386660155
96694642554
184677924980
-269391772792
-283014921000
317010702884
-114151866080
-254110975537
294349666318
81010521042
227845381922
-121789719285
-65391112267
-51806172807
2328038365
43385627295
69426503939
360643456028
-154203588685
-253430001725
237200107196
-40860838793
27460095459
205886264679
128682785111
-246407207316
-194128153402
-248004104923
348707218304
-10945326547
-42693426836
-9354485004
-65241982365
-72509777319
3463103955
210123586858
62818018345
234165998126
-229882107411
82100777500
-183655207419
4658420325
60685073056
-160767791241
29006900511
275899652507
110387981777
537901354835
-138192725750
-31139704593
-227772194329
-299378546787
-317787847069
-93140732884
253826440965
-188007221654
-66562102886
231232319661
-148350964592
15873187380
100162884809
-50099376458
-42488366275
-17905335973
245002408672
225661316595
-61163417595
-134620695575
-150743731814
-79109539132
-62474010915
-253223078554
-18348201839
47895484858
350193422772
-339948462616
-88961101396
-564054977911
-345635176832
100612887391
28433462527
331158997573
-221321354612
-17830041247
-152654910171
181898047396
139211325070
99683157353
288083453325
-248138244661
451963879192
170466613681
188697424768
17534965721
33270606345
114981331753
-65465378351
31248397402
198976662962
-101027435918
261605382506
-250238113941
103329542038
169558370621
-214126849578
-355345229160
155074012004
-305729708577
-50210652277
522437295384
29530961634
-32497947482
14971144147
-394340030639
-174543164110
-9171118790
-85120429795
-143283675318
281808536152
131459828466
-84233435310
65897718815
24461984896
-99187812537
-185955498870
-172113051750
-23401648732
82736615894
-298289524779
5317470581
132507891679
-284588328387
-46269129907
-82145185129
-287554020028
269616437051
408398169037
58415372087
-130492641689
23205923950
-231817209917
-146055231763
409626557210
131030245789
79068056277
7785417099
-119966368155
206039619255
34321049645
-336047586224
87012932274
-124657668056
-1202084144
72920773370
-287480191125
248181304283
45704071988
-426796225363
-91168275939
-267760283882
130290606675
60771859976
51758665249
55647831133
-132227994739
121243538828
-216853312134
-344891817690
163221153564
97252154568
308717578055
202978994722
193260256568
253561605230
170834226507
-181873270028
-85936555998
133010166128
106310892529
-292621085953
208904740171
-23470509336
-31476889002
-583019496109
-215694962516
37480016240
184926561204
-328810552169
33380753663
189629122261
-8645137126
239312079717
-14784222395
119685088402
102843336733
67518089146
49611077431
184690313193
-371409296746
-76921373895
-1444132348
74476297409
132867097625
-83856560728
87695581538
324079303448
-141894495999
260862319781
90077663158
271217566670
-393797800704
228357291836
-169231472015
-116305761886
309646008341
238566528128
-41909663099
-213710036044
-115986806821
55732286471
-44078640335
182778507337
-7462416721
384662943726
-48284296311
34869081222
151179564861
-185599580121
-158647774818
101100957465
-313207264580
-87150924044
82942715764
-64052381455
-57507125438
-132840395144
-112570912963
-69791151942
-408764005248
-23108947375
324985154141
251284679271
-236894204208
-306725584847
-124037731572
-112542843197
-158481839964
-12728545159
274152307057
105374292011
372860218824
-176760640095
113989776066
-209323080663
-43766184238
-23082513398
-78900536824
-281425125500
174388585446
180636088149
300726609234
-97584260447
29492597879
60771935790
412507674682
172106628488
-77790894933
78833450108
234667913201
184088722643
-118736304852
206658593084
26408085260
442804733300
-297248665760
-29755238339
115130121016
208958093094
-266538632509
453274398053
-129531805751
40778163329
-116596776534
225108220891
-65355471591
153072494815
84046295897
-464959577319
-119670933767
71354840850
128700793568
-122822074153
255267574128
-398333615317
86371435394
-14467677656
195291396204
198954042388
101504413381
-33409702436
32578962722
54126130635
-118919008994
-84588365726
-89383760494
-155864704998
-289636508673
84551099656
-324773789596
249204873280
108237912142
-58097935433
-417012020135
-320234306264
-89689646957
-137320943307
262214613172
189699515263
38517261572
-183840049187
160420553778
274428818369
-51125156439
218994320439
-154736818355
64162253153
125566957613
-219163010669
282355252823
25436709179
-173768190552
185748907533
-276140931754
195928077223
-69284935809
-266724487874
362712564782
213923340961
70212845917
-69301157853
-18437505651
72075055390
21714446574
-35195416992
292843830052
-142135125327
213897203133
87984864597
329269547374
-356019220691
-13134465613
51881518304
-269369264133
241553731868
1286633129
337132082990
-118119718447
-130918478380
-110409784333
-20459154148
282265311134
71332387895
-50944563319
-48270883003
100752914184
-117246912373
516331677345
-343215695278
-49711186141
-108344621499
15300051833
-67025472321
-78670256322
141829531995
335631193293
145854792438
-247957990661
-213692457102
-347086551214
88388706243
27434389841
-218290733931
-414669520387
-45968116227
441683304543
-373678045076
74474650033
-65331427707
13981607651
-207563741651
-43233086168
-10058064189
160550177523
-191332136332
-997308019
-121697705945
-194738859747
40563158388
145762239270
-306570434627
135102755372
-95515009901
9810512853
-12160357792
106137634451
153151350979
-129726661180
-347264363810
45958872958
-135084505756
-368383699757
65743150687
-110798847043
296044750491
81467478937
221141872616
38573329863
-199703781921
-283324887250
-19086932013
134485873714
237788769900
114173109094
-378101543446
-63254524272
-253936596324
14523115317
-300886781711
113192759888
-268540811742
223901539110
83292835912
-85873190258
321363914903
-170110132327
230081807961
436033267794
-15446055037
-90514378024
266403604962
270491698650
54643129936
-115627587363
-353585062882
-65163653824
159647623522
20337293748
188141321907
-101956273329
-153480886682
276531725620
54355044915
49883066756
-275487486961
-233396295959
425993054407
-71653866926
-92349054445
115737593943
-179378900601
-168423877424
403413055029
135575242186
-166786717771
39945562871
-41011863028
46356067459
-63153867306
116924939841
-20837649452
-107841166445
25813464714
-201098463257
-204874247909
440441529072
-140314528313
227440974400
-89353249889
-207097470692
-3056056829
14262515079
-25821384699
-51012722773
-131863884675
-126633727415
112034700452
-227199196233
105207202804
234342398096
49301244092
238128788202
630328843006
80986807609
230828996446
-162084896494
-19547104352
92092749068
-129276098583
-88550268414
79803702835
-279307777319
318663835758
-167752716633
22231979111
168792590300
-7635610545
-47141224790
-47579584949
-137449289516
109588976377
95035483733
-224408268302
-435605793644
460849677533
448197646205
-195502966992
10070830323
-54405417110
122934460743
-221657392185
-223535084295
266581111622
-38166760954
-65194346049
60494913169
97025313707
-39582543620
-162028222250
-241948913248
-144106920946
-136160933424
-222952505710
531926886737
314882656009
-74706434778
-58308989371
188582853366
58508689094
-337663401095
7690383622
105898482684
-100282880044
27261957910
-50229907998
-286565322821
21564832439
265106895664
169805185736
-189308723339
54559695904
-84396996918
-226827061196
-68410655577
-310086156178
62995774701
-97066942578
196614853410
-173001117936
-202759066518
-95073848725
334744446895
281651695902
165401469960
92225250506
238189550541
178842427655
-204019473669
-36616988909
44989954931
-285563354667
-220567356069
262327516149
243117169755
-274658534060
78062691923
-262104501369
590709062
49177044347
-81250616
-139880119027
173370816374
-178815142948
-134027975581
15915326305
121462660783
-190501575238
-146222176944
341949586884
-8063847888
101684974667
-73349101042
-191197200024
-221826270475
-393922234741
-12338482908
297336556786
-263022948748
196957700235
93309908607
375143345570
190730645940
192351580457
-186429044089
486056609812
151573626633
-190145687522
-158601321481
360741205173
88298470034
203320351301
1475267602
275901455478
282973758862
139471103050
-32550843421
352053708205
159882678026
43620845209
-22598229469
-57773502345
188125754458
-16974131399
65814559707
97084504315
157003785580
263730048252
-16897357950
-155896807831
24525039829
262148580215
105869870143
-259104828862
-131985066834
311676743014
-36093174988
255569775355
-14416103005
-199392635276
72561255304
119295214409
162524012972
-70694333794
-474421964354
107054766193
-186378807909
44695205480
-105664276264
70007825286
12553671211
152450649025
-90197819858
508855400203
21735017790
-221017031225
115949028671
454860609437
-286680181082
-184970953027
95656850718
-140324723767
30404411257
-337561364235
269906408853
-30840719769
-197189254447
-6732437351
142867797531
10314961790
288776982561
52465872356
-202681598329
-239975365025
194522544506
208826090841
134969500515
128617739602
17891019946
190024392929
-395624714781
-15488087583
-119165824778
77540481969
-22609392146
-346949095891
105111176196
144093555742
92761791503
-21889921442
-148924731561
-306188567390
-14685603659
-55415457430
3767747346
142677679863
83237367479
-222060803050
-358331376412
124360052663
-249467722575
60795426231
146984556308
452182005239
-171903784679
236571751380
193070412013
-82974152410
149136573484
9805464078
-178078592766
-148667996474
-77754022267
255103432051
32476387140
-412047366187
198233329047
162684753896
-138758164986
116664365008
233962727950
-273847836148
217157501821
271135336061
223933559367
284768957468
-164381078394
99257360217
61816225730
246567547549
144911037695
-46060325557
21275960242
-23349938437
227379669706
238404597791
-120856094373
-119147608506
175503007962
195055702157
-148749813458
269656843113
215648690124
-190778209034
195598625017
300083833702
81684691252
52840467353
-165811152810
-507265005847
-13807876153
-235359387867
-175508360348
-59662892496
-281812703028
-152755104479
-165452663720
-365426419538
-233246409231
-9707439850
-156572405858
-141855830318
-298652953956
180773511853
-42431046918
107586899181
-158663507436
18582740852
-18091166387
-61050892330
-31185294609
42820334871
585535240250
64025236805
284805992330
-26153317999
-120748520699
296450662720
-127976109676
37422049580
-14545607393
-105003638267
51586690286
-224941302491
520330818263
-167470169252
-168383248496
-58463023119
-73042053440
262078324266
-67116140120
199175014012
-81101338696
232510057442
122571825140
-52869153015
191826327375
83139461310
200432440535
-47138272072
160522781153
-383149292019
-157380998631
224017062014
273241215857
-69919393065
-146859752113
7678725520
-381965414937
-121435183608
-204681367793
223343570152
-121265055101
218426095135
-147089582664
41509764641
171413660068
-77119642917
-228166778016
-36657442888
233655778881
-50243184853
118270842784
-14674692827
-92648452728
-156847957936
72801123849
-294420574827
-587942288696
-66247688506
55570984524
293812164258
156749414424
46869731049
-53678837821
118686347261
-68767564217
87606872611
-164555896720
-151060406178
76102883090
81697841085
-311928983881
-46551624420
-89527952109
-30948072458
183641841267
291068951112
-180611079818
266410312873
-480269804517
-191989213118
411838532825
128475392416
-89259941258
248428858171
425992278609
9489212696
-289598068389
6575941785
141157572103
-31045332937
-274319260870
-120847608350
-35621171979
202224552398
339047016914
53048127465
-23264550172
277066771730
118773202737
314621564617
-44156006157
-229031278925
287271873196
85212848047
-46674732685
-226811411956
115259910229
-25278175384
-214551763666
49600354882
-79086879403
36948591371
-233079412233
-121754736825
-262457037256
-238287196460
31660591447
197878568561
171644235866
-22646370648
-244176271744
361864416763
-54576530909
-186754598276
78230719911
144176533436
-322385530716
153723132567
230095756244
106973807595
-402019207146
-263974265400
18882084160
58809071477
-33163731685
125072103133
-245642889889
1546730242
285875878289
437858144930
332770478514
288228818768
229259812941
-21418551167
-127577764920
-243957637590
53514358465
-25237091969
75512926692
-187217051867
-164938931034
-174126385759
212826879668
-354686651357
104172250249
106279098043
-9944073602
168127619263
-71165430636
398680730334
-182409916099
397081418968
-21123728779
52788449013
-154714872427
312418682677
71178545509
71870646517
-164882514717
42301526502
-144717532819
-180425045441
-161833749396
191787439975
229380427177
143573262120
-267417927466
72023734137
127136686215
-257589939295
-338553217296
120805831388
-54163760561
-3846888715
-222966101639
-482587876439
-94066476156
-14568807806
79346104650
-140912845777
56826669577
-231974484657
118457267277
246654380924
-118225166039
325370211949
-8674611112
-146546750583
228000544415
277300588841
13247116872
-366961987976
85168414614
286401680086
168154223051
-18317698274
164882684605
-8213240528
-14758004274
-135698662399
339087591016
-80844668817
-173936896509
-53699171470
142444185239
105706802246
-129518123035
-235413907520
-194057652115
-152227353619
375056929864
341282822498
-95032071215
-331036438457
261350119951
-5192811051
134359144647
-249572055612
50072646922
-180626104720
-183808457514
47888588005
258039645159
-31068315050
-25908143322
221168404522
463509914348
210266134754
-3923270951
405050754140
-279806882422
7664927026
64454767297
7117660938
-108069902424
-413974367210
66044022014
-90364827873
-140637268175
192482325097
-75761508916
-244962117765
141984130691
-50615885453
-71516518831
-160364441916
166996750964
210144664882
-6905846662
-228266018320
295954588959
57002529712
-305142743427
-377289122620
75434462143
138355756866
39762508825
191046314681
-397855550049
211853845801
357916419227
-190279988981
124976911029
49782921226
-15308068695
-135024435525
-243787300988
-96907532660
50362509703
68555437448
202389018272
-185005455459
-57825718600
-188073852622
364282870874
134009231487
138371278650
-147153732086
-7310739195
-263047835441
124118155662
-139171606873
-65622219765
-385094795333
-185428745650
-113913621952
109536024830
234687012757
91417257435
-80633583349
159548093139
-118945531044
-492193777469
4200698662
159692712348
189823035467
32523212551
-206827251525
-81048371849
290597538592
-9649760813
-232780654419
194173459053
-119122864026
92403651757
295153683915
216462021227
-23590677607
282044814452
-203689491427
36945162031
267226388068
-139380558952
-116363104608
124949319426
-394128940377
-161302130207
41625619455
424084912525
-189087999469
-66652707028
112567949217
-39318096731
-268546171622
338462941090
95750171352
-318693601963
204673056068
82954693900
-29868645219
-258746473374
187521271989
200147440931
-143389473317
38798318293
-307416038978
-60621285306
-333714948284
68223840480
-145988899500
232589455486
-307385201390
-225430759431
-33084026530
-132205188614
52641970791
-28350629348
177836638563
-71685352699
-553388536294
-19643300928
78923515611
290491015479
39174084415
-89994529580
-109213725283
-14430024953
-375571188627
-161747781211
-52804521359
6762751339
-157175044931
-3516622566
-194048389432
145963875909
135092241636
50398465924
120587982655
175727722997
275783844615
23724147819
335345459059
258531581824
78301779770
-131327718533
131134816372
152785689827
-116683393406
-232706873525
139206280593
-69276002583
-324163090221
-136415219869
185078126526
-161007830962
195287276246
-149107804643
237388622656
-73785659885
-395434811402
-23277965503
-77668428376
-407011560286
-246627052055
-328838397117
-131194641840
-34836431037
-148708604307
-142499561516
350562923100
113972412040
-217518603191
-59938185030
-10205477467
83518109820
123091163122
-275907156425
235553322096
-111402401315
-231210182636
-138206585419
-751525648
134294237194
-389600671214
-124030731997
56107276718
-93160028401
100491007281
-215647764782
-141184957628
-426742590545
312368201992
28962492150
-20459387103
-210261706795
351617161623
-145914123852
-74925117112
202058974126
-90042173202
6893726120
171379001133
80036946835
268253163617
-32008983554
-97672764036
-364610432755
-184126521486
81710630454
-446569084761
-366846928915
41735063218
-66507915328
233015619611
-211335949985
79910151172
-99896130375
-92403644359
17247098500
-188262671171
-124448872968
-62003877913
-325501843934
-88365289916
-18371997270
90975650488
135651182355
-83177791064
-18170579833
217274977791
-10005727239
-187320249229
-427414732662
-361356885873
234242076666
-458755997995
176315024873
-169255391050
104707338359
200377422793
91689764657
123865715854
-36317375113
