# Packing of N=89 1-dimensional subspaces of R^25; each block is an m x n basis (integers / 10^12)
# m n N 25 1 89
-199287282707
21280070365
-136994091127
183386248546
50436530111
-3109654994
425469809801
-11961799972
-192678224590
-126049368540
61832665099
-170863956138
-246196618635
-233644025346
66501485809
-76533438000
45842253770
-17560981640
-240607184307
-235996247162
14795904993
-245959014497
130439503093
396441983158
401631721322
176151803374
29322414115
302040778745
-43998919171
121258152345
-58865026308
215027418027
-349592776899
143868769524
-135782414587
46291048762
261469381389
69112366546
381209253936
35441435718
-49805198019
-160307882628
-281613081832
-142060135183
-29220775974
133910956119
-156001901239
454512483493
167768764946
147687652747
98584896298
-58858961360
-706587696
-47463572327
32022234702
54309933187
-169420210336
-36591335569
-106634062679
129896210324
-431040914758
89380312132
-476855704879
-346811132923
34635188991
170740328016
143913729644
16738467496
-141965693170
-65789744770
-152860857288
-101369821731
-32163032960
447946210848
-263987968258
-55741765483
70294592745
-45639765391
270038229161
52551667829
-454429915916
355886035402
65553095517
-345048701479
-97359727313
-33167540759
204322633178
282812739191
222092538730
-147347685689
-33115185921
148835635503
-83250835334
-293289447060
-158536140403
-291772104251
20983400549
110673917063
-109493979386
-56409896349
-77562619823
217642029296
272086836094
-162108182602
-28434367616
-182894353469
-368759409512
148963113068
336997039744
103142778034
10970032733
487468420704
-195208726034
-39844157163
-123805398442
-91591179956
230659384588
6849758675
-170241764760
24806138108
311837443864
-193609348671
102552444124
17799877813
-10102452509
-265866184245
-375746649856
240790695626
318275655022
-187034109383
405252038213
232237347111
204589086991
213189144357
-213373650687
77660407113
-57985236408
82768909425
-144372522740
250938674625
-80270011460
177090363885
-76072281264
149747345870
-119672435167
181418616599
93630937221
-120526468286
-2670884934
-79134577301
-58493146854
41434133008
52332444975
67146250881
-195513477144
85305560419
26108413056
289706245999
39573782640
271442146025
293981654726
-293094607061
283514468187
-176504389299
-294819340919
-184928828660
26123264505
-131199599495
182832514728
-432925181267
-165834720398
-111576685237
208959151125
-49672885284
-229004489264
109835422553
-282784012550
-106983426412
36855832482
-338677011201
-15347763292
235278080560
-69006245168
-21989184550
-312789831026
290696579301
-1003583479
98543948303
-102601625380
210238978544
-92799262690
-86462346123
104226843927
-574195094643
285674769994
-37530305387
119726337102
123447100826
-56370233486
20612111621
194862636739
-280775266695
-58846682868
-68196026345
-426244481762
-218862690883
169809880233
-8676328219
114578787273
70677237739
191909151818
197756659367
-220718175145
-48392318793
127074748956
14852154915
348075538683
46593479833
218064965715
-75247609310
-9332350160
4100145414
418810119544
320348890705
20631737981
-270091335505
-273814347319
-147772708033
-1600077938
-67073962824
-254085818496
195045142106
216434805989
-317127299319
170479727628
-13048354014
-295302727053
-58580959957
285445727290
-205800146260
19126876453
-127612108658
50246034576
-260044368468
257850597542
304548414678
33255258235
-245582743997
-13025613715
156200570283
124335275555
97738102215
-181151658955
-232033476239
-23172232511
-328009543673
-100494335828
-67405458949
149768300283
-36923505528
-129151862975
114736386856
-49367939618
-308760005957
225492464305
218053282553
-79247684247
-534266609284
279925541935
71780019432
174489374830
3514117829
126449487076
-70746227334
298454510994
181518364081
-197774094640
202819355904
169749540086
110528851631
99382906338
-63755413743
466694363483
91971423908
112700986439
17430751567
-105675766917
75106172990
-147440709146
-140767471463
19137476009
36967811695
276116558943
209726699626
5817886778
-137597226147
16882625436
-47923519587
552936285240
291464777054
365468383065
-6884782556
-245478003484
233808550720
42659606556
-466894905086
330617952987
-234276912312
318269942403
-88579552911
-48768374305
-214734817844
109047658210
59694256654
-98445510963
39311301690
50244527127
250957493642
-77437427492
74270968173
148308669875
-67833896514
-107497516422
260331250143
13780764314
-85344143033
-158186652725
83376723428
293593811971
-166350690943
-393503535802
-49896601575
-226474929242
-261008134200
-9819388623
-206908037405
106899341050
59636335524
133617042085
-86128069509
1018854271
-46988842605
101525054418
422357252790
60193775533
-5306669136
-153781195832
11193292475
101961529862
508167844203
-26085372148
-14499517638
-28440982635
-89387424122
177516554299
-98217916926
-9740027315
153433671618
-58764138715
-385090856727
-123510906141
-49062638658
199090825081
50296249564
-232165328295
-385325496801
258294295100
-146606708748
-116811517000
448507282372
-6399656479
-5800187406
167271406905
176006235281
386672142043
-79715998074
-286625210799
-268267021166
-8525073191
17030102112
144348455202
133385352969
240953713513
46351519701
179440256485
63448956580
236330721879
183552740105
-65794185132
-151643453152
-9914876134
239269937453
-432001722800
-311816111113
-104183644943
302077391359
-74042077038
217978776896
-243899737507
177315927335
-120970711290
269284431198
-366910985878
189399117991
371209683760
29538021485
163459460203
162792659209
5151996291
205352457790
315149909229
-175380833167
97547776136
190621225037
-118684154363
-137526772035
200043703906
-203855766936
18607929351
122251127204
-141930447003
16593244241
-268072703335
323074904534
-76255301713
168259439178
396893196482
-193635214023
133831260389
26731341065
-353304652264
-141856917991
114511124249
218646011508
78353441153
345242683133
-140664126385
-249946048468
62839762044
209357146750
-209211195217
-85989859042
-259091141
187743667925
-47612859663
172181123291
157622074193
264892522493
-98246501321
-271694502563
33098876698
90176269728
-242519102315
428288961165
164876921461
239525016597
149410480496
151069900281
-29259052282
215883009026
-144683026362
-200273475908
30925478994
-235817673954
-90834308326
-286129127264
-101236051516
35786523491
321805790708
210080701429
299824164004
-128174214781
129687019508
-192567326704
210204327188
306714633997
-150330569747
119656461346
-106236215223
220131227908
-223371400042
-122014317533
89561355277
103497616185
-55201798824
-195115031180
-27539943482
-89265813162
137360003165
-169632096675
-400640379316
-508194485139
101564970748
128602222443
6062054171
304479880631
241028342080
-55770594816
19225691946
168272221023
-40559559603
-141820611721
-73409117386
218224328825
-210542982162
245779689917
-262448150421
-111981137771
-38012467432
-24250623124
-157111628438
149681925124
-136103441396
-110838487015
-554409470149
-76991896256
411173814185
129312068187
148730247326
4678392554
-148857447184
-13097622145
264320028127
-212734519229
21640858791
-276435961647
-7936560984
345208806518
441121332411
89258819704
-180138776661
-245680816588
-64972594296
-118759733836
-33177141685
231238292083
95723878285
-90928454151
50735043782
194076538839
-144303034548
29014035140
-165671535336
3319220578
-227130810883
-107322485433
-262586755617
66086943730
335123369610
-283834685007
96214084331
-23265442014
-58705331910
-71520587995
212871121833
120965410863
364019768892
162810720411
386360810413
38313634092
-19123659426
64018925357
223950067536
-35445970711
15264048706
-177699191120
-191432303303
270387006821
347649127119
-77664336808
-233790977185
-191384842690
-382077689041
-131435253761
-181815041919
-235894183555
110660014877
-356872871033
-29297019941
70598209006
237409217194
-7523429948
-189674626614
106036666659
187871402871
-142975949079
144907480433
-196269851599
-130572865487
33881200234
24877432831
-99188286239
46177427124
230671599508
232779905712
-556067364469
-8588317574
-53340954259
77459083550
351706345124
-173539487185
1651515567
2858573984
501441188999
10162773258
-333531208349
92410522619
279605094466
218189476242
-238972172712
-79454204150
-109782508914
-148954288309
-121831709148
128107255592
-191549722225
-279465492082
-102164626089
-44645835364
206041516314
-286153219402
88841024470
-237778305128
-40847668018
161814139590
-135626403139
264845856732
300263866320
-60521510708
-60252750577
132757683795
414038599731
-21595573429
247529175302
-250733090576
-179800163144
-127964902521
-155602141379
-67750138813
-29368906314
-180644624465
-219860290698
256955958774
-174889337633
245028845067
374775708742
-170686271071
5316846846
-16366575030
-120318218539
-219269104895
83102736106
2174525568
234845806604
228301058145
-119788844471
-73279153122
-93944794909
374630342458
-36204876079
-286918297896
-39788965914
237910839314
-185638687287
-175921959720
-427950741485
201273507477
-46102474790
602405888
-702161507
103562939291
200316618747
31595884163
29732848520
-427904431249
-235841513682
-78367082964
-519884416375
112848468708
57078050197
-169311621681
65199476856
26494038964
130002250601
-149738022674
-110614671471
-255902243723
-134813400311
232397012153
277522035442
31185609445
438994051816
220461568
104693259089
-18537164118
20792703139
99490761030
73814799049
-235209317268
275689979641
100925442588
146631775651
-95415292563
65482304695
80746517989
-61703142080
-371261960976
34172305498
196174019226
-65495281723
-326362194037
49681183419
233781693354
204412789433
45482694246
-10206667600
414418810586
235700112103
-127680500944
22822227238
-350109918010
-292969497960
-309123516799
80934489840
24259430865
59909817856
-305079261306
214188801380
-153243199555
153808940232
-131659014619
-2509585073
-308374054147
91476071683
-55418526324
231650863855
-102961670182
370045766583
-61366475163
6430237354
-36434926330
-28234782238
-180234293261
541220243524
-48787062808
96971475807
125788510413
-59184851345
324195081186
-133046873599
-96844335627
-333124839797
-350609297572
-315957367571
311726548853
29918012055
-32329842373
182165338856
-160191977336
-71859885698
-384780310165
109235958238
-126476814637
196825070041
-179287269612
-276699427046
40348937636
10325329748
-93147025231
-93687492212
-207582787841
10880716065
-44035383467
-193980383669
-261483389557
14776679199
436525714787
323592494761
-92061991329
60291748603
-198577271658
-82683646902
410352149060
-109871902018
-92600261706
15254439233
-148808363325
-4329005378
-231700154626
194273159517
7832951913
419718779633
-258258870383
-13378772740
-107594574510
-124143312763
223674138693
-71115120735
132933362379
20691691368
164537426375
94324748122
142115623818
258093203105
-531243820799
295620375581
-49827377341
-78216619065
7435452811
79369121270
-193463924810
360178042711
-188324436045
198854729056
193311280934
-98519723252
24872473753
-8270841760
168298925470
239813607543
69965124
-262777198859
-173847975109
54218543668
-121147031919
-252268653626
-465429902045
133092070060
-327254466611
-103462720369
-6312948461
-42746560327
82273392327
206520036814
271502869522
168683546387
90230340972
-65776106992
129030786429
-228281597569
-43389628776
76837947883
266380678825
189211248957
-300437484625
17937070687
227836361295
-160703094585
-152358810788
208468828556
-142629829169
149113716747
-216417050608
146113317114
320842327984
-110876329377
-535400603713
247591873856
-144772273949
-197072578009
-235937520371
179162352660
-14419282707
-225607223640
192084155697
-34855223762
-116145755407
229916833626
81993254328
-34668137068
8659744279
99458901386
271156689699
72284225115
162089742441
26656866911
25927387548
-188381979775
120340920930
-350087670663
169652303537
-104550183683
-33098857209
449021134571
-95352547587
-95663010678
155681858535
142456214813
-56113123884
30932173325
-346328496126
-34409496141
193818543416
-85914806727
-197535387684
106882002119
42691920496
84087579381
98636422570
530695245270
-123210933169
75419107485
-433901768836
-156693255376
88343542543
49963603236
-108701586354
69495211637
-106864389617
265358399900
209816817686
440480641938
-22508850158
112919065220
315603021088
-116810976774
-16535346279
73443687025
256012763124
13078092413
321205060360
-118117976538
-277693391617
-139712186190
88507109226
-621001750171
269221638768
-9603743740
-396667803909
158357281645
-80712972751
-123037645702
-114630689994
-177466621405
93773888425
-137633634935
-131334127031
-36282643911
110591787648
200878804473
-142109409683
181506213211
153933738360
-124480640837
90749639196
67604137478
-112548472987
1736371667
253363401367
-110410081372
-239380587405
-15708369269
-131585722686
89629340309
-330187084263
298598148570
139012970181
45459598545
-226322660728
127043440863
-198179859729
24140123571
74048642034
-102519603953
155949780078
267548424034
-71334442236
466278901190
7370718989
164096824801
212123954546
216940710593
244806733661
276033140858
27189674276
-144942054124
97157771115
9899266112
88650606435
-81010017652
18643723549
-317333931703
135382413187
215421536971
-383439706430
156869247005
-339302704755
43054916111
-391781305127
-18277327697
24131672736
119042873246
-94829538018
-151851966671
83430562645
149092105212
-275363917245
154957373347
-408973315791
60976490220
-25552216904
-37284438663
-34086042254
-128565522535
108436241562
-295083086948
-131362949933
-358210513378
-47490181383
-375597878135
231008041668
178145714326
30866921635
66255641894
-101659461439
-386840146843
119895488886
444939709509
61161163381
-279639117041
71102624992
-104856738099
158196810143
-69727235771
-43436267281
-64762113152
-117848953216
-189347535473
-274374770899
-356587089171
-44390484017
-232450452002
-323522180271
-13383190424
-24639024454
229713245052
-460858956135
148853229904
-50702453434
-230153774472
35014587246
160907722411
166142121812
-27321170268
101044339841
-187395343329
-123111832528
-59570966170
229151683868
259432116530
-65238646216
-113185000256
146156233099
-103008204244
217087380968
301302343783
280935888636
203064924133
-108157205434
187722070287
-17369258602
81963924647
-489079491369
175914930360
-27127356358
-91451558463
495718138431
33750560207
96345189396
233189998965
150131649402
-107699850671
-11686239304
32506211071
117564485488
345922720842
-45120235453
115260168711
212288172366
32326136451
138572289808
12757159471
-169529080864
-278318016943
-72980552999
83234694677
-226757200122
37235307811
-256013122035
-82198071162
75864137016
205278645236
128797054080
217186799548
-176032610947
71285740783
-544094806964
-318712170946
47042422923
-91806897809
-111090785650
210162100000
-164947515943
-354197896976
-12758893261
216888462675
-71194303884
133443727842
161351298875
-116386241014
-357204038361
326036405674
122996646332
113375127122
101665262291
361173483807
-365442674480
-16132648691
-36001982505
8429012310
-18430476287
-320667843639
68416337090
81951775471
-169613496074
245912618540
428043855380
9462083885
90626534909
166593802410
176544393267
521520358036
59164371443
-26412095886
112960024504
133942325780
-32046409105
-100878577311
57067369797
-210561207120
305703509834
-8855633975
249312771287
107543346652
-63679646340
-154302148621
-3386179229
352744832500
-15558538027
-60007912266
-320789820291
40711146700
230732701575
9623007853
-389517562801
-148414711097
-63371288211
117020269330
4082069911
-41916564445
164396702724
311092688882
385811497325
-161251688298
25145945890
-250133520520
116342513561
244905606635
140206903212
204895734904
-339573044415
152769103343
-38460459404
97190150836
-47828004666
-106017513722
-267898625732
108769394836
-214271017408
45898736073
-145747185672
-93098434064
176284471628
-28974098440
174121278226
-17403511085
-502695526447
-384428535451
152929242361
199376523849
-170867581748
-108076546765
-284977631283
170399367674
-80326050232
-255059186200
17922928463
185137896072
181974993814
103557483433
267506956500
-151150786756
-61902754089
329707519533
146450685748
-27325390737
47492457257
-293074844130
167237541741
182461714720
13437752192
10830029928
-309891032805
275406203036
217020428978
28409296437
152623145647
-12319388257
-211300859481
148549342787
-448677769858
35258591632
173798096524
-135769148367
-244974630375
252856363746
-23586370434
49682873475
59847720172
67015283205
153110434952
-108499971465
75480676215
44783517612
110682342835
316984821593
331043878946
-342014560945
-118759290509
260146201929
-270289142331
-76753473021
-355038382160
-179598069397
100411763996
-85042078077
204222566635
-82196420450
303298082995
256810981465
-54125704344
-307280514748
-118080565386
206428738585
-167862065546
170329997358
815624592
78602127580
-97287715354
-36463314087
-317590572273
203503631599
159048579871
-119805696000
-53201296383
-253016594359
-298106366275
-361687283153
138463012014
4321724054
-188468250154
34820437068
366126602379
330332358501
-66166653111
204654994104
-144133667518
-12321585344
221352681948
-188777635383
-104510390700
-337379796068
63607809039
-498248217047
-108403360086
93127947034
-154062750139
-82098766103
173939455969
-30388096590
-290944762357
-275477307881
7185758274
-13697252129
116756850789
-128487105280
-200962998782
92117113229
-364062636217
-145268543905
-20584323404
205793697264
225653179349
6336289285
-141385254251
140095540735
-183639486922
133035723843
-344165895406
-86041837171
-6784430732
-150258890924
449949782493
499751944346
-95558563640
199157907259
-19395792851
-143366896616
138771438094
85786772805
-144112395430
-19884349437
63755181751
304664910364
-12313548438
-53171721089
348933833155
-188078475609
75689964978
163703512375
262968889748
-105359596178
-338251950188
-134380414393
-19478224188
266582220898
78961319133
136603543883
280345663846
326752942881
84021284679
-47249962722
179045454789
-261957436809
-228149929431
-117550613664
294636273729
76921219616
75680762360
196957246799
-35198702460
74361055243
251026965725
216482771958
38850791066
-203012554085
118391144599
73126936170
232891231520
-493571605088
102414231882
211863452469
-75164891550
282084806061
-76798157872
261338560357
331438184173
12459351759
339825950238
224181487614
-68821639638
-80681516217
21046185603
-74068501372
-125302359062
-325399501789
17355998153
293141053148
20712522449
133605098090
-40878671088
121607464951
-40391243351
-78057482788
134824949525
-200667990244
-185291213133
174652458622
-635255896000
287289572531
105133671093
-207782937623
5907961445
184104485719
-30954157648
-178338103542
-170971849937
59960568676
-26200485436
-40249642139
-375042703689
56088864396
43365714796
323536907188
34878840620
137080979195
-166443801792
-79624962172
26592246687
156573980032
322832978225
97142073775
-202484867542
-77877565654
23651762471
-27914341355
-6581210158
37606429609
-128305344039
591975886798
184396695481
157910868187
-73016130474
-143654775420
-234613862802
-23053170828
43424086610
112971007639
-421450149696
-132165069781
-61093727054
-156342674541
408983088010
-136486439189
-227494683051
155036749365
-167331230705
-256625672618
46875529166
-253695212436
50019645538
67201072817
375280121460
24174446819
194619622744
-2104730546
138104970280
332395123956
-13187616978
-152983612632
72482891842
56562067438
135456156579
349529402836
448524331617
-162465406779
-41996415049
-40343305
-32596643872
127109790385
9407848578
154597356263
-109206299621
-335210069246
-197081245649
358127050702
241756665651
-103230722099
-162367361143
201356752555
-114253545046
-136956550179
3246583131
-103119835449
332615583896
-415849106130
62977280929
371613391809
75002666290
-28831294296
-191838045712
147456131806
70462152212
102639826239
-72771053861
-76437547835
-86986820993
-105316164871
137509629159
-31572509284
382799629952
-92906559418
-314208253239
-106024121430
-378385547694
123616193910
-42362039635
-61461052874
-244998379718
256154370052
-103845306793
413943192748
-48899021034
-204871963226
-377952702805
-277148226719
214649180050
320655311740
277716015612
171844588806
-50268452377
-115520291014
-61175652861
287025103730
-39845705024
10776019745
27004507111
51929383174
196654734936
121136670126
-100710289320
-214636571804
-75300673216
111953083133
251800719673
-213169543948
-359072415305
89901419519
-18836439180
-153576739580
-189658238101
259198328784
75524609248
293474046856
298691065839
-357485783481
15950095408
104326720439
103303807908
239878932286
-59700758918
-10894560010
132364979247
-379425057123
-198023873330
-20580803539
-220359600774
88141103961
103254300173
-174530649318
-27474711804
71199988486
-37124380278
5520373088
276832517166
-151212785941
314233576914
-362321232433
-66815373631
-365570971371
-262819385224
205518245795
-149762008597
-219582468614
-385735430915
84423998835
-306613675529
-134001072340
190867438208
-108200132372
-90649246957
-26891706900
-93444291819
33431361919
-91474902652
-40884135429
-76519127558
129608475461
-107880637913
-21323336970
12737414848
72129784638
-439172451498
296463555744
142441158772
-88732550484
45169763603
234715506759
-102027574942
170558935075
-92334811109
379599220394
101388240239
174721722701
429067805647
87060480873
-242743580152
129730201946
-265962167208
145127217974
285819087196
38495384479
151187195779
132230585322
58635231503
52992936375
46209073205
103043478839
-57136386941
216025591907
-254735670935
154576919529
406773082263
94227189049
277568391333
-53514218918
-340287650222
233523356705
-135599644687
267330554748
-275437544907
-25061557195
162532122830
-137850485317
287091242932
32125576748
-10215844824
18287017606
-265260636546
-14656336340
-2688905691
319582476043
2283541168
-101426562528
-220204605595
-35524623025
395648935648
132271782805
-183712844382
169253445484
-361850247164
256555144882
-242423358739
-71332074116
-80172254913
97240270218
-279506942580
-178753898111
261081738704
-273125939205
-12435111785
-111042380842
132650327558
53823409674
92376537973
-10788729201
-93530244106
272546161470
-60436573085
-48008338320
269017828611
237146871998
207466920380
-266116339044
245179309138
-34863432558
-20533265260
161586428090
-347070474694
-445215848831
-150642386534
-177219765931
-294096333220
-181651705424
216311196443
-365946547523
-54984868324
-8801363888
-29136475561
48706421127
181314284980
105685651913
-108370484174
-87838459780
-212543165288
134854351596
-109397229099
-55908755695
124218125265
61323395527
-13518543282
-171378769632
-424572822365
276885150851
315808819390
90010450280
-522050049308
-145741489991
30219511291
98002068482
-3635001063
458929995486
-272132381311
-50218540513
-214747612479
-152920691350
224951845932
-365143200609
-231375190481
170256078452
-66716139359
-34758621037
145331201674
-289489465978
39976542608
-156944637272
217765239733
76208539538
325919268421
-204265153687
17252287297
177197068833
-43191977780
72581179150
3872642698
142732887604
-25977688940
-204619447176
415189725233
-11299251144
-132704100347
-179481982069
302692764966
-51533688024
392705102134
-71602122173
141953711798
85683273893
177077668843
-236425235349
250757539474
6828091431
115153715825
-39627295995
90622995875
144495086201
-236273508252
174857258338
131120088911
-368699911583
4695660858
-206909022813
-474929421001
71409437572
148016892736
-37841296082
12448897092
265102703897
98158662511
-415077163798
66919680775
-4754333159
160868856842
-38314602717
-1186547201
125126927482
-213561473754
-122574652639
149672161592
265338568545
350528356679
164961885565
-67397887105
-7872532134
-308508704069
-283230983381
-115905481472
33855447522
-120984334404
129081328114
34939047403
-293640618283
-352263353961
323523313140
361428739657
49973584103
-53350710974
9429070515
-98898596934
-226624304682
243162264228
-125426656893
-397456904524
-145577377626
-1703667645
-131823778590
-105368270413
209862286159
62712983055
-173242895555
-257413447190
-126087329569
17231202133
278704979470
297595888140
150761876205
-291735640731
-167896702571
121291077668
-30913725318
95143160053
-142765680824
229184145217
213210118087
-156853176352
98033269353
233746988920
127586638807
-37737017514
-39324980691
504200218733
-146882945338
-41888340811
185850422415
228040902150
-178749312062
-367958884380
-47212101910
192812345463
-253497685010
-312343095304
151054316657
-266895736252
77047525839
50768237776
-185453247785
78555954839
60546584827
-179130017693
-36493342534
376847598746
138124609246
-109111357457
27859396289
136578244166
-49350468316
449463944326
-124627462885
-125031491816
-152219187954
364168290485
1295951264
-6756166591
-317528035669
36056976353
-184790190286
44876093821
280665760598
138169500419
-25389366914
338559546038
60101618852
476448660536
-125256154885
-50786434982
283583915435
138831370142
-41781822438
-55624846770
239850221532
-105782965133
-292211318011
76939076028
32548356281
-37617337069
10760001517
35616154359
82431408564
-78279422075
56282650273
125916352250
221556817321
28742156859
-221874629248
-38536634169
-160642918799
-167424064981
47193036107
-79401729624
304520010013
-386129330245
248243695469
42098817580
-96287778834
-108761142366
4074947390
79649921562
649638805315
-191901190403
-110143003256
-68291488098
165772992501
216502605273
-23598072359
-52508417649
-261836541593
11447856146
27830501260
-220085297367
522528538253
-14839514172
78129976207
194484833269
105622785741
44370180731
-410447326087
-17949012666
-452396440228
79982311283
245810974794
136770216943
-6979734983
65445558572
-54346412187
-56511133272
151645864944
-226371150931
252567665289
-12372233058
253536943705
-179811510531
-48831257980
-148087106835
-158967014468
278813101099
171780298537
-160085386275
-208229481679
-101968467799
203199816703
8156664815
-118416264310
410405235064
-154104415293
197626849181
253867863060
-244039502558
299835467778
168200272505
13252537345
-301355271802
-158440044150
-132277956283
-69439834766
239725706536
113370939804
21205984478
47913184749
-161258612128
-137585767172
419759966551
513829094796
3219938708
10107823190
-244515885014
221143993337
-35356821246
60972356259
12957785740
82417458782
-62574963952
-20652182124
227554751404
353872088851
38215804662
73310625453
-175860844818
31086520476
-98341778352
283233471449
50915662151
98588172558
165577105763
56264555719
22750953584
287449616210
84380313182
-48363036990
-162411750414
460471447511
246251422330
80398956441
238667316678
297167725634
223515042035
-160343711688
422471344058
95477415759
-147274257081
39995359934
-31311233306
-263367730091
296514614166
-46792832724
241435224051
101005731109
-25555050651
-149247734788
-177741550037
-46525323889
-110697886810
-39817932966
69970727784
497204727757
466346775292
-13452273398
68241998589
121764550699
210487153729
-217271469397
-22636569040
-174798483543
-131164533154
-267321029523
5806007193
201845712568
-118475798780
134336337847
-12557947284
263209126517
554827240462
-48816431658
-86451915347
210697715877
200910514343
-85486620617
-192017333319
185557907178
259468114523
-158600485602
-270394156489
100434190089
-222064712400
52156861370
-64633416790
-151970614600
287333824296
83445638727
-27809377391
177197366592
-191479739181
132027893053
553097052412
-65191260187
256754942860
-20486917936
81008665243
-177381422838
-228997717514
-5447516078
-158877864394
116875580858
141188074059
44990379967
-219506825829
50395383224
118322551510
176999871057
105211336350
135534112540
191013936693
467900196921
134096083338
-97083513417
98608643981
-30974367609
142663684677
-240957391375
299580637098
-240863532882
174123834000
-23155996175
22301376800
-185525550606
-315650061214
96240751917
131136833871
17368274848
154659520748
60277904519
158680031077
-37908702623
-80320911979
269025250638
-413620434063
307536983971
-231734678636
348572766593
-81698638953
12661945873
169410557811
117131822784
54244326407
55804408972
-142379571976
270777527001
-13287177096
-177743597026
-106931742763
-168958239019
-85393764191
-226052507773
96660790116
-63667030419
-44097816137
-76060928708
98402287848
-56993761792
-223619029080
75172372828
258991853976
397973811713
-466455158696
436286869544
-68467791317
-164421325581
110060543279
-16453358349
-244190158044
60468380230
59819825403
285818922320
-52937206503
-372424255641
90413260457
301348060193
25640274241
35803217825
-335653982704
-326526621185
-249414205061
36400058323
130028043132
-140928673954
212911369722
-128363881658
-262322928754
-30488622419
-336927454392
70309605610
-236801506753
-1122357533
-99948653582
101519566149
120925247732
111774238001
9818201487
7107623369
413360388848
-160538369243
175209733234
-275221918204
264733495031
106784656885
244374924951
-28599142206
-148834286220
196126933552
52948703243
210664675361
-212595585443
-153092453301
430097009701
282149746585
-101138992361
182503120702
-212147046729
-114312937235
-61348987573
317300883906
-148641851305
36608323125
122169277879
-249533107660
225636837379
-425424218151
-80052087758
357381137468
-138472487959
266705707748
95497330987
324074030718
13696999958
40042692305
86830026171
304409106609
91722439817
-96420008506
115323020072
-8143800384
378804821966
-282682414397
-29319997944
-227869880815
-163910715404
271644147348
-131654870968
50408987151
-120226214555
-384020367383
-142443220427
-179872477155
-86916408799
43796206522
194707370052
134520196565
374277408798
-335701304226
72685444251
178820970193
-102322218549
1942241434
21784612006
-81902643633
-124648393947
