# Packing of N=112 2-dimensional subspaces of R^8; each block is an m x n basis (integers / 10^12)
# m n N 8 2 112
211948890470 -217540386575
10736067781 218699825834
-101248614895 333380125060
-551937311277 -37621832537
414351752590 -409416571731
-435878802663 83030440166
-527294134526 -475476024855
18960941131 625855752475
-313853630549 -414901723731
-426913657551 506799721005
226028127264 -293968729115
-594365566242 -15680591143
-303908250945 -637568713976
-385961488228 233876682682
-244331696659 -114478818162
117715816949 100247395209
121024952362 -484624879189
-450514537509 555222816685
-468060951265 -338428728263
-353423475625 -470856738544
-223651944297 179124484584
372281989045 -125561361111
499133279178 153161755324
25540227842 -222073227297
-128118889053 -208705602636
-268650338803 -511439097725
-114523215447 -273753702241
-543974573352 -108889130893
653026382896 -357487157906
-139952859872 -618945982634
-153229586203 -33242653620
364525824279 -309964218777
-558220672392 -625839774788
-403143247105 633280746816
169460951643 -112093901802
-29662089777 270168687980
-388032846987 302681804741
196874213113 -78015707718
157123923470 129224597224
531273447549 85569779247
19105712660 649614057704
-140064397051 -148602482128
156436767372 115280900388
-785101428708 245883998490
213368234489 160961106530
481362798298 469411157672
-68450449436 222649721228
-239245919036 431673534637
-666815749399 -366272328018
-37394328984 275819624716
-84815026614 109026662953
128667294340 211887767123
-429305132030 -127215369807
-256207999552 -271809664788
-490216857520 798246219595
199878854119 75654517205
-24966559906 226693648896
328391059302 -606766058983
293923902754 -224037842572
277659175110 152414941942
-697969677377 52756796319
-260436809867 -77338940962
-384122075218 -394857997131
159722677734 585101906115
-268963097171 797166665530
-147448922695 -401527753897
142670532801 210545244245
331825973266 94767544845
-363639817757 -29293285561
-369558953154 -244836492315
-152422230131 -289307008976
-695279826358 74088007106
-441551502902 242184924942
266052903156 -472056829071
101456553127 -50818389782
-331193685327 -387411154365
274764259329 -361252132811
-581378444378 -541196948462
125914377491 -348694100724
-430017103595 144409433997
327469744579 38150106646
-449056250709 -9302442348
491364422405 663322315179
366843539183 -296689642420
120515030914 -620705219179
520089119790 -269467589094
146787944833 -76889658210
92388344995 -81467944418
245594274240 65008355635
337266171737 419664487729
110448843443 -651033288531
348115081200 -140797773841
771934178594 11984217063
-193846694428 -107461433916
-220953499116 25098823995
-101353634826 603047049025
174329475812 259196140372
-120015272076 642508150585
-413769115875 -63532413184
-849101904212 160300412432
-195957210829 -464414241890
-144771082825 -347995959176
31370182063 338207081353
-51813705936 197742868256
-181428982512 67352210367
471757604597 -87086350689
-72095964491 226666521799
183648385820 242250849875
-105910286491 649875524474
-736351261058 -345076789549
-389963440078 420923216988
-10103269529 -399028718662
-482545811791 -185123398337
30626819362 -730236073709
-79219697005 32214752357
524485079836 -242541237794
44947665796 143956263610
627104140237 -42568851653
210345706044 566735594166
-212898958852 169987690975
66929559347 -147322003352
770229867135 317954335565
-301174065575 147990899392
-147300668799 271631060275
-222646102412 281089236051
-374540159553 16960427491
-261322358523 -236057837036
-178106956500 804048761870
-416379508606 390668334253
370685152560 413230146968
323325304371 -203030982157
-622024646964 -99321707468
419933283872 148903875521
-15391549665 393416164959
-3830654678 608266270989
145503168308 -280350169502
-553788820497 533819333433
-34302215884 5982119997
144547565695 616844470840
616294505949 -71774394207
-93600572530 161965351819
-5036161611 -8037795635
-372583098967 -186940352519
379241068094 517791842226
306597159759 131996745766
-686655336296 120491406284
51728251881 888293359656
-203475945139 74344541304
160883747203 355514561265
-173250271581 216468705786
114061107146 820464584
567023090880 -14713920932
-472238132380 514291787865
367770031040 507107067526
179206545214 43761680900
-409720509752 -178294469740
371197365913 -222402903760
67867481894 -552033840851
-348801558655 77409270501
-421538209131 -290595540469
411706199837 357802683918
-195999339126 -235151930180
-22850322467 -514655638639
607582146844 96614511869
205159656541 62460896970
68830313063 201409870707
415121883613 63417183157
-450832326652 702842073327
149738919088 -12927386202
356239046101 -161404149043
-1205170079 221186468174
-20402641578 -237823940111
-28283397862 651619038650
-205749426012 -662097235138
-219030293227 -2518904732
-871290555254 72879612886
-213900435 -461538737360
-86403709205 433083942365
-520700829886 67126763963
-280105820606 -426818072896
-243506563435 -341380983602
388099952564 289674507833
-7393222745 280018047861
-658007635930 365893726934
-295867882342 -81279608277
380220977786 -365078189784
549002588879 -287046069314
45627066024 194660771919
534029806826 166094119523
-133357449033 75016853339
-40700534404 -746614171959
-399724849376 -386232795079
46707967183 97849971841
7839710185 -355308783343
-658093138457 -255231434145
-35027618701 -495496202525
550884458150 -329906646788
-422981937430 379992841464
-249844523285 -502843392862
-136505312538 -217800474964
-270743516750 400517458885
180889733319 115334732943
-425134319116 179872840644
-61994304077 30672436719
113895184101 -440609402930
-256772068015 13468853715
-378266544981 -767104591463
-698143812236 101099540627
20461134689 440996621387
-44569087070 289512915981
326528081075 102209657680
-211891772219 502852837498
-61782315867 160929868125
343661592564 -503964210348
-804040611042 -193393249129
278701594215 375655646207
-74803678696 -625952786695
384672930160 187637219707
165715442248 -535973456446
520513060324 52116333868
-436164066184 162903129401
13655465583 -271333447353
-562062778770 -173086145088
-204194909435 390990590037
-693499807695 -44244839908
-183712087817 314706079575
-249587881105 212031940
-134480590459 610524645820
-291222318968 -686907073348
485042360874 -216353675414
223389420219 -9109941499
186947537934 86768993276
-114883563484 -502398639934
119929466174 -178049648159
-381574318995 757370790955
685672339749 206147636138
-451580928429 -209497802758
328031429992 -89789709829
40361259628 15259244546
-208600542449 -218179285476
-684671199121 -451403882806
-58630633455 -247842730348
366845600991 -181736055256
-250572328178 662929791025
75343720440 363289798003
-218598881494 -27620166030
405085348037 -8211089900
-335960302573 359853916318
-71730134301 -289553559865
-389291832138 -221430737219
47677485098 684536882168
315415437326 367140652084
-708625709650 444144782722
163215584579 135973111115
-280829757388 112618449647
365911929997 187904158967
311827476938 -42445454832
-163329307504 -225731303246
162090369284 233731604294
-299080097316 -514264790752
-209390955672 -471890898089
-250905833155 -299738668557
428818562956 -10222293263
685332984868 -561708322744
-709262834947 -247384043587
-405344510329 488282645459
-148709084947 -411087479871
-209958144431 -6651413360
271263322918 -270849058073
-252112791882 145247947376
245498761123 594470718152
262737421481 -288950553726
-76446390105 -216741098381
544200720094 4504817238
51757740834 -123610825522
-302227238596 51672958921
-354076322211 -397658095960
-557345849564 668769866070
409142024900 574167119818
-24077451832 -543597079
-409664911562 -544020562322
756990810617 -432562508030
133297012776 -379580346339
119547175757 237605069178
-88737080843 198212315511
-429410583161 -290724637103
175381420245 243772847973
63667817740 -364910616650
-23254158834 146779075531
336676563206 193087178370
-425528824651 334913382310
-179351886450 765932022892
546565475841 -113326412369
200312334129 60005262063
-118065421759 5656312233
-565745491985 -475267194440
-94406511150 -509955624339
63484814239 -586614998754
-231649020726 -428732101339
-598522675107 -106007355672
-606704193782 64778882556
108852702450 134655261441
-390209237308 178528396006
-207278289091 382855846276
-541099508921 348831101291
239836827452 201587255357
-317030423641 196208249217
-243384842381 -823237661938
-339042824960 -83686788058
-109954437410 -109795112620
383623722147 -282219903267
464476017650 150847595620
-121244275638 -114802102842
-247638745063 346974488592
364335517602 443836557149
-397563357762 -354351206156
742967185676 -127679513240
-83824602632 335982088741
222270864573 -616217002439
-157310980265 -186986894010
268931120536 -422323131594
75124397225 191190519937
737983641467 371909898720
-178050591535 -31797339859
191742823816 119498509487
195109220637 -784210271496
-236088658971 -30067089688
-463831581258 124866490491
201776052035 107872378571
-36810425793 43318174314
129979508527 -524218282620
73649381502 293190850772
657881754454 -381103469105
-138017359402 14101764820
-448403956456 -690624356302
531685255429 -57625406323
231214104426 134066544613
101643589197 54563079132
254026290648 362168842508
-719579538232 -25916849120
127215415380 572767550584
-348504396487 692362928541
460879969063 71109962453
61928413040 -186347417150
359010907583 542542734806
92765097388 -122915629509
-189786713838 198352119594
452448332292 256787770050
90070325417 -200578407213
132608969007 -528945791025
-697897076223 401499787454
-330180531857 -322549500276
-479224496974 188928397271
73462614248 72956541158
334917579684 402451660180
9730286623 249938572111
313270738762 211573877852
210491734464 457153394792
496687537667 240299725238
513360327678 -650423004734
139869548337 -298047193072
241438142298 545597196509
-84840103728 -342795984357
-406696722628 243879195344
-311648443683 359971728455
287443937070 250553108863
-722223671196 117845258868
219518256305 479855614081
492057814970 365618565699
-151083145998 50879122527
-231996836137 67731821979
293614889267 82420591926
388817389133 -850874703961
413551150886 257307565528
-315291501205 -237759374288
-416423471147 75027731172
-24798729770 4690485721
-70294303734 572947336204
266101358408 -40169921647
7630134275 680274802178
22777249242 -4078997269
-453387569381 -184138486025
-755551334123 226676031217
-382934292432 -349308283347
-331184232508 442604690215
167067761517 -119060108300
454047415306 270515933664
143924056594 371212260701
128943503561 366134881953
664531731096 102782821450
-281786474809 636082815035
312889296171 172417975277
669445435813 41867289015
545334162411 7934148883
179848346262 37746480205
93546196975 -338177320608
-212222481434 456851943944
96980899085 -597293528038
364860354516 509398988348
160593855559 -239655786074
2068326697 -299048413734
51968144973 -783562402410
575992019361 -238631578605
292317315389 453469260541
-277038110748 30985952731
408828284575 164989673418
218095190428 -76057787456
-537236094772 -7355173373
-359267022727 -332904663982
268052500875 -438068346685
231333154976 -245405883294
15280790156 585419928978
-134548527835 506259205270
-146650414258 70505596685
-838185916722 -154494578964
56225000486 -95875286275
-726883965955 476482535136
457641873853 45599250734
276341996668 58378708927
-14237551148 -26299796561
-301033470673 -434011079617
294806798269 694424115131
-88525358487 306719545423
-16342291217 -46021740909
478702964354 -194043531783
-584679454315 -170806969698
-175491671351 -644156137605
-358733997643 390732456048
334998667146 270676905379
-206297944858 297425394234
-76922365045 -432743206845
-329857545853 128718956416
-101004978110 -340711337603
319615297317 -824386584347
550418674224 287791168948
16867892346 -114112597263
-115165260451 -61847132907
-592235983113 -176948269201
347488189672 111136768545
-315664813563 246920965198
-571517011873 -567672856452
-246909978594 135981693305
-422702346216 745932564400
-497466609053 -87942870908
370317609301 89665946771
-20156370629 170572522433
76431658661 9739442781
-207051340275 240577105709
114713624952 202229960275
-123249365243 -715298414928
550427342508 284846676578
8882944116 93338215495
-211300068792 -113000933950
273502712177 -541364059740
738313660184 -204661940722
63582219900 99351914459
-88212083140 -652343886740
-349035024996 100009210410
-240745621780 -459646755564
38995240055 95984686092
-571109006518 397464972343
571350652414 322448862636
55716193802 -192417800874
-393957785771 212087548085
-143562381921 -517986683999
290854245651 -458358897052
-279196570148 251985890859
-234459214848 -615138367994
225084645749 -21108454359
-819380515650 77757233787
-1079978194 -36384802131
199557281356 268121628453
53368194898 576189613317
75935099099 -658398513036
85677356216 11975761777
-73727855173 64718560202
-525063234768 -93378066926
-562967044661 -226100537021
-71066832354 356873229341
617199726151 -207329685737
-394586759001 505389964407
-106358025302 305868747225
1081786323 573961106112
-576368902303 -95753398543
-522236432320 -115689886067
-47576906965 410181731227
473649978375 265824107920
38055524402 245213315225
137656921979 -509184951600
-669674432024 10773208423
173415022813 71876813145
220256879168 231481627304
-248481956161 -761111291458
103605263579 -54007889366
548779627024 -172650096890
283486246142 -264290175645
-341611277711 -419666004083
586838979915 217400313994
291671024036 343847450574
-439681881603 661645052514
210965558149 -112004270036
422798871134 17995269805
-168608317213 442424747388
-93997268737 -109562130165
-162079790839 -50871660913
-37186086750 -529173594510
235649090256 -644340621795
-373635638887 266858954978
428869370758 167505547378
362040822996 441131661531
348841108218 71782235697
583541462533 -56488066633
-259436221981 -326525394701
321214598362 82520183874
30102432127 101808263575
478879652877 -638103731224
765387209000 188632904552
20240562101 535854662108
87912259539 380857443554
72981673945 35430320936
-469959925860 -203321287011
325568788427 -111847088603
373699371482 -352938200431
407614902321 -265404004176
-207961267881 31957943068
-13900832834 791319833236
-414256211478 -286047948938
-390246297108 -205217461670
184817861507 -238250186753
-72087258488 -175286209067
191236182339 -299802053954
61595188115 543828321575
-799488558503 -202760579046
224141840400 -324696070661
477297661696 -140857960231
55190243168 600417124043
577718711964 -317520215465
480593376977 -149518428428
-448558302566 -488881340293
-33804650013 378437419779
-27769372554 -360467015658
-179052828260 -527771728482
-392383876869 236841108826
-214773439938 -173297804845
131377420934 160146284809
-286723985492 37758405606
382858162242 -3282449516
-124817161551 -97083193629
607381735519 -400606203376
420412618918 118265270533
-415644601266 -115807528683
141243958637 880686187703
-18580929658 576234337549
287317842324 -320755759709
-563807733932 -264310916615
205065383324 -154349178821
-499636692432 -384903274198
268964530651 -435982390769
452451167562 -58967952519
174589324002 -360107492596
-29593634624 -813632006257
-487598771660 -296301473904
-168436979096 93066111636
147273641659 -227109173516
-187377658962 -368416633358
-521106758856 115881367765
-73365621462 6889281617
631874954081 -201895388245
383967351011 306475409532
-235487634148 33787133341
684913841458 -295519537104
204932815249 384560765845
47889192182 -346869609034
-471719231364 112298839925
178235631337 -207922881896
171551363417 702531845257
122196889603 149301612958
-57826416396 63449281560
3992946062 -592965896893
95039077831 249931136602
-230537596138 234639058205
-874986353954 -298101273273
86652024233 -313832925829
-382646546650 563203450824
-525085669766 259656465055
-397585692796 -498084572685
299281665638 468964004856
-31580179492 -482922574292
644009333332 -183500144814
-175838897198 162194028164
-107683190018 309575007134
-135575899658 274832561821
192190852845 468526291466
355234293955 -478708328486
91106880713 313186881844
258037811061 405828272599
-282927894872 -279761588299
234252954220 288365225126
433288134157 72533285590
662816753991 -349079810036
-44478308159 -602231164742
-115320109715 -507978175260
25690517070 396297603481
53462933547 -78942673851
685083842455 34152374435
474701064756 80555661909
514756600395 -177201593098
146796916671 -420637679544
384197478112 -238895593077
308028521520 266068069224
-614055170831 212843065664
344135990138 411454748608
366440979783 -171918228605
59076313702 -435845181213
-302959534241 -527279361840
-180177449525 399998840821
541086305173 87739170992
-590548187290 486466577275
-200275277745 -648758435957
430625276922 219413885204
57603644411 -300006278496
-4866987712 -329892520579
-359073720593 -106226652815
-25579847595 276595737101
231413313116 -400576486064
-173196157938 -382625403083
53264631051 -207853586744
-592828284598 139795226329
-287673392175 -585566042578
-17884943559 243380205266
-365147013803 -368995506402
588013843363 -303498373341
85837209201 -34873896323
334026294575 154422571138
354839617426 -681978287204
-15450051058 308745512715
-169097208178 146411529119
757685912133 440019403941
-268001410558 -56553068964
283552440576 -443021042080
-530064546074 42897506980
-275615289996 418344214647
315660962500 125556953100
-211013141411 -28705933848
108588455915 377166333248
-563357689068 -69442160204
-109950450791 -790055122388
-397047805184 187871205606
-15267519350 -376286814525
941984933838 -11226449778
-5870964374 651831084149
58237988782 240162821842
106359550543 -368246704068
252389453104 184200968588
46828209869 -451571006555
178324099451 47626158107
342689348718 83760295327
-175542265213 -58700258401
-176299777156 297607887517
278891230657 811815489773
644406732927 -173620176663
-352045445523 330291742950
106681823993 -301673155371
438531582342 108075689057
715033379165 150706537812
292076119511 -2709941762
69518149668 -452174440110
-159679685681 -216492716537
-135339824857 546477713294
-271881738354 191162259326
-94650202778 -619696222115
521433814794 -82128355959
1914297722 -618995522076
-216760832813 -301761323746
-233051887727 381069215434
35418944001 -177805166509
814312189270 -262873353548
112164970465 258153192671
-358496593004 -383753639258
305349412094 256795436908
85098723832 159821855125
-202512397690 -611304616926
168190370963 244062935269
441558096689 76104559164
-636437461319 -224302912391
-529819067242 506923598763
192119234658 -473543448779
-76254152922 -62275920549
323501367338 136010220489
474873614294 81430942192
144085427314 127142516463
-430325581060 -196782361117
120637846593 -399933828451
468686343232 443216614141
400092789827 -484559918845
263830591223 -573406797392
327067915724 -368674090318
19645442910 -102705735724
825929905590 -170369735918
-436760885716 -502949124807
24572626161 230333885797
111953968218 90600198612
-12067477249 -670595204977
80232324373 246144782687
-292323035956 -143379740822
-311568863465 557473056086
-256294988523 195052768944
-83732552662 549364179219
-59740283264 417267868443
-65293052038 179911477833
-647965317028 -341185564701
563100957459 77014635798
-175898179274 -222346197245
-479358986919 -368934163270
64153379330 15162665930
689471928564 -529896922702
-126856871439 337149218923
-154330571903 41903240176
-238097598 490022948897
-468910383640 -421759562799
-450325830464 -56510827322
-212541331823 623314386581
-428180090233 310394649489
70567924209 -327958666331
-481901574214 63101840059
172837885453 507086413699
-158596620867 -57759374278
525794500785 374071327595
517874904125 -240186734632
227648748197 -35098192588
-262772545990 318130479907
-611409945085 -192451746369
17071850368 -280346984223
-223558856361 593665303659
343610032750 268426332984
262244607777 547492604413
17310228983 18277989567
-461336363839 -577777528188
-193552125777 398795262688
780897068849 -180531938878
273011037284 -132021968578
-235571429712 257229690143
26674912172 -239954686806
94159343280 577091357691
160615263028 76417846418
-498411206414 36270994990
29981936626 -477781667439
711413073009 -36427929033
-35248252966 -272721070389
331941645342 573227542744
321284619237 -533764212790
-64265292521 -274538848012
-326496852009 -5606718064
-303972244231 317684509714
-613120398717 -257118575867
111765871733 65334918539
-312760857769 742545625653
5248536524 390324910453
559727159872 270319403970
-38092678713 -227741918199
56855969677 63864840302
153482024146 582048332594
-244057943090 -157392898351
-372495024038 -281003301581
-780254716821 42927450808
-154586085701 629799684909
342368379074 -369660749764
-158061559066 -135152364709
-91361539189 -137907730720
55736459420 317939819476
445788150571 367560157747
393804612030 -285386707571
84268107633 373611194222
377405123250 -179954738208
-612110369709 -275894593180
-332449278657 644408897969
-744936714128 162179964445
133250040864 -101808268637
68134153364 658096641657
288192405649 -152797780480
379785900260 -229918978536
343697917969 495175044596
7583276647 -413855453879
-277837179095 -193796248424
112816367238 429910013696
-10453534582 3359997768
763402376585 -130611971600
545617575310 -19947932370
34797437242 16934086493
261432899636 464161267358
-10101074029 -679632602255
-192409483885 346519500113
-28288175577 932924593638
-564069680348 160206452785
615804274948 41679230214
453014639371 20862944906
90453342528 17153455193
-135546532198 19884129277
192113692345 266397909732
-182004576739 -173653990564
-18307327730 -71319252008
-210246196827 -814000607768
-499815271170 -90215265466
751215686532 -355470231105
-192991372154 -354543477330
203856239656 133413194541
163822136870 -13249702228
188892394721 -232686448074
353161724534 40407003167
447184173338 -67831818189
-692228412963 219412901502
80153454633 291388315311
-82063151607 -126391359733
23035443736 -316012071074
399955979669 589896540239
-149895234229 630000487162
-571356376417 147384350994
-28033769136 -330980661967
157283144869 -710198241378
-75465750469 58798647289
-299479042238 300902832925
208656492661 -85407858068
685059324652 319661172325
199502944338 401086710491
343900063984 -202372358667
-595905863447 92833872696
164669492678 82044726398
-503163187521 132304533185
198500549127 -347368819855
210000771576 528116608648
-298096231660 184137702486
-271984480090 -701934848175
564186347148 309576817624
-409648780366 207244946878
-618908333759 168281648881
-189685290243 356802520179
8883910304 729679156307
303716118276 258042581019
-48994140611 -19233409619
-11435791527 325879433862
488923043198 -123739438667
20580395568 -235314507897
-347680177336 382486624776
-373508654504 316693402004
-289764137529 226769292961
-205379407363 -538871856151
-255991242073 -530095213137
555396265797 244779043454
191033817756 -394817771664
569098134868 -27922546967
306620528239 -30795774657
460592286735 314703068883
-32663244761 -271994349646
349181510603 -262073787975
-368624411447 391378763786
273117957676 668963320312
-244665224081 23925400422
-51477262587 451764582059
-435816701270 -346286169082
258307860845 -380773456331
21123747957 87003428754
246199583708 -130098999777
23746165290 711176626125
786896145225 -12894253137
147052411280 392083408423
-59305942897 490144050747
-185082767969 530908301847
146235449838 361193453013
182469883958 38458783096
751410056872 -45874956124
448264405172 324365608357
-346936084346 291390523878
-147922524574 -227101696251
-470090410674 -163673761741
101067853769 -713406135906
290618897179 -261124029690
508209712093 484167053180
-524383818806 244705432100
-152340285938 78527331617
-325571519704 209849040864
-70676077625 -460002508360
61380014310 -257212082199
-345654477156 290188229420
69182808887 650270453683
275390444159 -147524470740
791129433226 -91706697255
343205699902 200767594253
217849209262 380391312934
-242864201835 -588519291506
125717089012 19061960688
116185954331 210328090805
614707704459 32900601921
-50151137558 390455145281
-597106002295 -153925297265
227779430270 -178023371359
-350589890988 632551018833
