# Packing of N=107 2-dimensional subspaces of R^8; each block is an m x n basis (integers / 10^12)
# m n N 8 2 107
486915584412 5798460967
156791666922 -603338318390
290598172727 95115191876
142330896565 303721661718
-514235754058 336750289038
-581454287049 -468300770000
165890286636 -392839932001
-59809019823 218233643981
-546970871587 -298894788141
-417154722316 39534618390
3244130508 204930525138
-648763561277 -34015750381
-238945242902 373777940341
-139324812963 825546891182
14597583962 -45596094835
-170823881207 -206467203384
-56904449523 679946335984
-207248276368 452541291597
520304929001 48116684307
-24061353777 -47857757096
-393462115331 313073474182
-4825668223 -155625301137
481620558010 453520420691
543801234373 18941298380
392022285127 -288229938710
268945832691 -519873777285
574550446363 -56466274812
23512381955 -125969890758
-603252766126 -422007278200
94262665365 -321256272973
228477393636 480801160957
135367463584 -339311674420
193885434385 -198240996718
39464426928 -814899584571
835149333300 -98018703400
151470124544 385961258282
135977552267 -161501288512
460184371069 219985096674
65770165284 251077663850
-76473034866 23437426094
-48063466399 161752761434
-150844754410 -218588281175
-209782006606 3052849772
285588606012 -151920412461
662888146008 660853400606
480211650443 -401509113938
-238964627556 415925882700
-349626092452 363366138105
-90153446166 550125504767
-473845042238 -114643827761
657136597626 270184911995
-224505439200 154554117634
-245320443393 600647789475
-73701241411 252545693282
-450463112189 72628933095
128767323287 396862449338
-163711825607 457119048805
-458322725626 61848231507
-76476205532 121849355474
341657806882 441605860123
418920378331 598188859821
311198426785 -359897163069
547279141495 -293400303673
262119910318 -62564783705
-87330637373 89166387756
-491451117943 343033570339
299526940549 349129105968
-251423813225 -44822373301
146266611963 -494201118030
436930853921 642961251387
-311826235515 -44196214730
-537010933258 301479561312
-684790406737 -400544017301
-528598442196 382102370214
307859351571 158043058452
-26884334084 36005523078
13801406032 432268013600
379944773274 -146345799768
77949019036 -596621843333
-74303962641 321026338841
21159152432 -848486749298
-314090747354 261566778898
281438929710 -103085893361
400897604899 238202733754
80485431296 -180404551952
527858191208 -110246622074
323825247907 -132231969473
520574265660 286531671670
797358480149 -502139972324
548226202066 487933079878
197555974026 243372000509
-132290551598 -307573701123
-45169599537 -89462083912
-32427785043 -336487076292
59914325021 379283429897
-21371763602 -301433754476
687892802204 98186528856
236309990784 100995183613
44045126693 -84751281317
271410802671 553011986928
344448886787 -119869817624
59588521516 153498718317
-519506236846 315649371315
57225224441 -727728785849
223127914988 -97299906432
408906130210 456373672152
-731689584623 -19668292215
179240219547 -241127091764
-85524981564 -637062743103
-196887653913 -126148383325
-409937908867 536307345809
37210829329 119744565803
-338011442629 68412339035
202917965377 -352933800154
-120237775114 -478780567547
581439635565 24351015793
-128348174690 -684680852705
662487526402 -111237234306
167056049361 234390692016
93662646749 -323779387679
-26560816335 -742451157618
-681017731175 224069656103
183007191210 452422868155
-397991261910 -186628689039
187176903454 -83709384628
-468749931327 -186162970226
-65451904184 186444830258
-290817903854 287431315752
-47393752047 76664804558
292531964339 195909983074
304015119201 -451883823274
787703425092 -87180674972
273996511449 584781157004
41584318811 -606417695361
-331748478884 -103789067526
-111429827263 153162440164
253436401891 -223335798048
168366754522 -236093178586
240030372373 -342145582698
-737020285345 -62053088129
-416562053843 -333847498997
-303478095355 -431839042388
200361474376 -689160583655
-29009067907 -24197637233
176751860468 432088214830
32761079886 -649860312168
414715445029 -538811504407
-486725488778 -169912275681
43900663353 -116156794707
299147233591 150210043331
-418312585510 -180828907646
540733885465 -55125118145
42690542717 -36151904736
-280130302544 -565772032366
484340673841 -3323067623
-62073145418 -197210857185
537875869056 138608304167
159087295255 -195945968885
260059279216 463329987194
546823116473 -606143646726
-387701983570 27457574505
-73634919454 -482152361946
23630586518 -684547536718
-333397904779 183931040616
-479130131745 -245407654531
571638318254 -134741927690
128225397205 -400912025236
-399718276431 -158834718451
-222423490246 -437639597499
-199369197727 567928774637
231989595687 30196644614
380782396223 257798532203
187275693943 336843789372
-456791964717 -135812709967
-681989963802 347744273113
55891975320 407089251859
206929897026 -80529979630
187568956527 -172025438383
-682063769928 -254057072014
-335725086626 66260128078
220851772083 -538857653823
452404295005 427490667790
-264238147192 648542133083
-144251982389 35553199604
-210802583993 -638502137152
-487577374851 -5586994966
-522885190926 19062660561
-231914510618 335415218102
207275315837 230123917685
225331362394 382866168489
-221168176029 509544677618
-497980591458 142259459527
220492694338 46577110273
-217316034019 435026767551
-691765058584 310765018159
-62160692839 -310361654325
400027561028 -217055024203
291116973912 216646684383
268461471197 477055968170
323899925117 542265585459
-382375521300 20470144034
334283505886 -7821071641
-10658719290 -600103503004
-559565454092 -511542364276
-415985399860 404764626822
-461016095659 111866009824
99693015 -334438968104
-207934339157 299202554482
-237724713460 1699380008
-497726317413 19114707011
149812686415 217264521121
493272361298 -470675659686
179578929771 384643769658
465339625678 576800474895
-297999700653 -75146872088
-303974718193 494566094233
-308563068357 -419883321460
-529488417015 -241423695880
350700326697 -416581132089
372420902851 -518026000108
161635417493 -164832677290
-151029360289 320363106816
-109960263151 278372391040
-549286506059 -340922717374
-454278749130 -85446602552
-299036823621 -536754673010
-298168330468 471458223798
91742551888 -418666985211
-645420893824 -221039015453
47092388875 40260207277
247614505508 57678891944
356072998800 -503222031118
-19842875976 -478764574651
-225464336650 155920320923
621218945378 32963250865
320854146255 -131539777527
115088886302 31570439356
123531328248 751890095255
470660508803 222023361291
-458132051433 335342012965
177874963629 213133953796
-433613129828 -236285062705
-145979976633 6665014499
648650308959 -49121219845
-403504154334 391686100149
372810154014 182914790145
-106008099091 -645010972336
158877448027 -541637327265
244610592599 73331981330
-545534753379 -487530041603
269476964326 -558707576599
-452617619872 548387756198
595881948269 133833127526
50297471270 174282947478
38468297625 183312363376
77408041649 249327730870
399630611296 -565033757596
-270563769272 349444210320
-161479627387 -517431498753
582027001350 -96146174938
-128123887921 98014985531
-321441560929 -338714692825
-209409310829 -13280258631
488535417038 396402835510
417202163112 71858099306
-12662295704 -466119136885
284057239790 493844054665
-641229286163 500893107174
-105808374829 -473368741276
-380956517760 14916136246
-143615919001 -45168764020
396194012643 237598053592
-117246118466 53830514796
282962340661 -244575346917
332489595673 271254440823
-3166280768 -879609081918
-150883490221 -53444767705
-394050137373 167933064284
81471695319 241277201477
781631197807 26861151719
174302364248 -745487339989
304932914208 25673993899
151670370533 -64043643558
783881081110 303124657988
-482306302053 174390428798
28738254472 -544750302698
59759084829 9729778904
46311429916 -142631493192
-469406986538 325080843624
240200810706 -42305477512
126735790893 -319809840759
-196862772310 390052708113
403197069054 414185452651
403337519694 -234931315884
-34593308744 511919469724
583693422453 386405727799
-427850378256 -323210096172
30112149048 -42120963495
16581212301 -761578859891
-62231710713 -16247480921
403855975410 -507207197210
-174232265235 148955645690
741237492554 168685401813
-262678583815 74786547109
-254670047433 582918144170
339114789526 -86331265440
-403013929098 -390054302128
-457776228171 122458570395
58732386221 349926299189
-25457858603 -414584841178
623864766177 -87943678086
-234222505550 -428429450224
164488734658 -143072270212
368635202801 40825356857
8148040372 186711945175
270096798707 230515758399
-383237848428 -768120893591
-369978302214 354046082047
47940142929 251258205061
-691360558834 333730024718
-18947548829 589409582070
-326684413825 274974860713
489152140716 -97493238842
252013519693 -1103604426
-533860306605 64660732022
-32445998825 652067559890
-203523712279 -155177936679
-512499933673 -337676940314
-297930571208 -295565245692
-547159798449 29233766791
-151658065536 240525846584
393984778375 -577787895763
194442476448 110908711563
-553149445044 16593141322
285574774947 688045986528
-91072597313 184693483472
107656718917 -170529295748
18584462259 -670401930939
944222291469 21653401395
-30736404228 -605408915940
-120493565306 -82469537160
-176355060604 -126900224914
208609545187 -56710214888
-80165063206 358289331237
-67583992226 83252887667
-31892294232 105587666078
401582901684 -227937567416
684819380643 192630400570
-143424700902 583710031450
-552933431281 13006517092
26119309616 711984578009
-192822799335 -212248877449
-220519547827 -108985687776
145387650328 -273206177008
-20546997857 314300002619
228626087216 -709465389393
793725112455 -9955835461
93827332922 73175885229
-413304436130 -535580693386
-260610463743 138037554116
219949589865 -847469297
167323227407 269896725630
-737246146178 -217008456662
322661144879 -371079348731
-152818105983 -229503500007
319939595249 -554417727509
354153277982 -109654795365
157619029912 608512480344
520484333555 -141002398129
-428277097541 -388294659377
-123768725002 -381620388823
-41946611956 -374445233782
346220084688 -35444723554
621822417248 -85815889296
-114715622988 727887615522
-94368590702 71141765791
826979768676 -74860868135
-200404217141 82710670462
-348392900608 -324593956532
-94467342144 -174920607289
274451067812 112780102971
-43802041160 664229690640
200997195875 226382017871
167329136269 -588580570843
-263035214610 -239352709551
-216713599271 173682685002
379396988012 -179476525031
-163748932653 250009859145
-439039720882 324051881927
-283553042814 588058584217
-237523434591 -331656887158
619286942965 506960591371
-255145553108 -861002211603
-167196763452 98952712478
464687445850 -286456351576
-568693655666 26764722305
422521179671 45947691752
1566854228 365625425709
304654714782 -101189907439
310254726238 -141694816140
-267240400806 370676086368
-766474290312 -131066204911
133974526103 -252641760893
124231568234 -671717171051
144149572870 143865016286
-96150504557 82964431806
-76258829506 480563137720
521418877981 268081895141
-159182266705 -298868981438
675914233974 -117090913176
340219673582 -239655868957
233740613500 -68701365238
-519327960924 -153114379370
-98423257119 -288042102135
156104732904 -631718142904
208948552072 573874689309
589971934181 -174193023174
-527534198449 -51123144706
-410638723752 -376068555144
120735131068 -391213355692
-64032877721 471348554538
-352327742387 -355643820920
177622793714 -542423154214
175084975641 -172316283217
686599759430 -281038671113
-371133838386 42596769838
131686191851 212460692028
-82019765250 243818924646
-507215212096 124907271560
193039840204 718477342411
-220872798757 -528780678640
153151901133 56524708902
436117304075 -197096186559
273955154649 -218885554863
-487612275169 -358744179637
396228239866 158664799588
-119192252062 60393130152
-16572473609 -772725684369
293828340734 -396372445778
-489051313987 -38818460039
250590508301 -375501151693
-814670454599 -131334768157
143836039415 -552493114278
60627874761 193489466953
-111332646076 20479835724
154598638534 548131459949
32660412827 -444279432863
-460205934811 28487068681
287752292373 -507226959822
323979639561 -23995701444
501648649997 -48110221533
138409602964 287202655636
441671931577 -172151362622
138980148605 -518407017524
209387334604 -123295192193
-532160307056 -586311714733
247458982617 -439487311397
-790516411195 -253773445027
-162422638771 32034326757
-244875397487 -399051537203
-96633546727 -127043159512
374089056844 32476396085
130582240580 -425887120028
247326495376 -619360230074
-610094382499 -399306600864
368732899526 -118463210661
-221141870911 -256071097740
161331066403 -558249787439
-528415092193 -78722810595
-115619951315 503187862637
310457346963 -419633823861
167078442988 -117548380724
-263762527719 -240619582865
85200979336 671448926161
-186535076443 -436705984573
459808350841 27561906127
-357673571030 218235230624
-727403726318 269310606991
-135370091872 -384699321786
-39742189124 -177871844772
-266031022138 -264223360234
398061360809 90017910873
-690401826939 259186667149
-148056389193 262806497356
384147930109 684888186417
-121781089448 -76935308547
-331169716968 475515102111
-11208205866 291088176019
269307883494 -738377026066
313095921864 103709855015
68270597308 -170172341219
-424173246860 -143072669259
-607367002092 281518366384
67519557304 -32835910396
73579099721 21692927249
515745033934 560190903380
-72613521027 232721210530
-77391091913 122381083136
-826395000930 -415102425161
-290841431974 403096118065
299101613865 -623741210767
62287331119 -426990342739
173129652296 151915494701
-312897899965 40187517390
-452747957906 -489826324876
327840258898 248258095030
-377688983257 90522341683
430580509189 345567916697
439013103612 -362420008901
43411988110 -16217801418
-181794882308 115610560361
363077158745 -652571474028
424654099510 -385554631593
-241335059599 -50979478535
191669526853 96177611286
-253545290553 -218302927693
-453147506602 104512958800
220464248694 440147089043
282750382584 705125676687
571409604704 -299979631308
165093046476 299318315821
227569362020 432319164176
372427144 -304957745606
-285797278214 -346965893953
463797097834 -406620617672
352928753690 -20517398689
-190712800551 -541296438828
-680616208376 226629660187
-427617199234 -231475595494
468165221967 -525728199739
-13064145663 -411711549919
-458382967382 -388918256935
539319368058 -278629168721
292019670741 274879832834
-15035272859 267672611027
106359347871 352736920269
-104628916500 386891494728
234757424112 -527460262461
-123946675038 491565898677
-25001256182 -29505390345
77439990024 156792480320
86991887260 -448917167770
-319663731574 -261487820955
-895658673159 -187367702978
453531928523 -147705597129
2476521805 -53664268773
217008508823 -725824531839
340535599812 -46336375540
-54431372098 -97743446554
776413583181 362299649664
-94622092472 -207451310003
128496312042 -512331951574
-127378711324 -328435987008
52941992165 322600574296
-163788562959 -194612909368
-698201415724 -187098443988
-310648629002 124747676446
-63466983483 313761831511
460818321853 -676130401282
-392142505529 -379496864857
-378033634622 -298979682424
688082318332 493189650359
-313948677374 244019613094
-252448859243 549098002336
-432051575216 438037915774
-54025326783 240597437308
-120883001909 33736285046
130916370269 -235411238282
-131883338151 -158603361238
245004076935 233091985611
341941493993 636194156852
-297106155653 -21123894366
102973853615 -66293020915
601742794689 -543599997815
-382260224600 314239838072
-445603915561 -341586706187
-176076284357 27659314817
-687790345259 -22467347744
-176840446566 -300444698793
200742517104 -654258763450
-259648328574 198888267439
-544733624956 -93692077006
-220596851710 10994497954
-107501319379 -657231319097
-314808320954 -137455229137
-74016645612 -736402701314
309233870429 559967064829
-9583792891 127100420211
280955961652 -212094975109
-599078568683 174099774784
231013675598 -18245528924
-555428770742 182952402544
-564199886231 -294351382248
69678583372 -678164567928
-260617322904 342937859970
207169033138 -328548721792
200328476152 99605213030
-215553210658 340315678270
605405595259 -24836668961
335964829043 318663811437
670334145610 154562109488
150797655588 -487717272956
-54264115476 301488088189
23653037206 238794721110
-69896672967 534416296036
392271756588 -434113422652
557638046261 340895609634
233848825858 -7705320056
67917569507 -324723352315
384463365857 -238887580523
676564231956 -308351909939
111703579285 126930202649
135650123001 271185667821
-315701593782 -81126953924
-400437017892 17106505728
314547320755 803666230473
-391819681870 477196782556
-418218751888 38655423068
155635374832 627847597034
-40633675343 469597265144
207794608214 -88315112784
61431263190 291148678507
-770554132961 -143172794058
-70646131345 -207386671110
408577154840 426213729949
474258620618 -545502247545
-164664342776 -183066591462
-443679902498 154870666381
475740813758 523948668959
-53924906002 -247266018117
-189832935554 210816440227
344823878039 -288382716581
-234927794147 -350687941209
650140770977 -28016928467
-135320833218 597495666590
-704226089382 -79786302914
-69408392918 471954470127
53202164715 -231574165555
-12156864073 -99473004105
9165800561 476028989991
-503342883328 -68434895923
188528421931 77480585646
404559287898 -393792079780
654445777078 227758820821
-240324011350 -226416769672
148512699624 386144555664
195948239218 -761675129556
-30465037906 42964716542
-446518956873 109406211997
-17781663591 -1668170073
-670544613269 -10824436813
488072316293 -408405042866
60271012475 -360812201782
316616717390 770690558932
81339006127 62793130427
44330516391 304997197861
365635575353 1114365460
-17121729479 217911739556
454565241320 -202843605129
300869180377 783205744207
-377348567021 23601913047
-186145425694 380664049600
-557411258992 -86326887880
-284809195618 380843754739
442948971148 209596881189
-315095461029 -18909035456
-369832487662 -381160695019
-445108186887 -11281814865
126608677219 -594080407044
-96746355810 243816552676
447824310453 184582246341
-379048103665 603201619646
207786984773 -222980892673
-202510898297 225070542638
-414927781771 -712734814760
-9351796760 416001887046
241948869415 170553838853
-159509438475 -216101807407
796773788066 -300853863613
-157259019198 228632097004
418249719210 -234801152296
181284235510 41130656799
107813660441 -489400535453
-501470538245 -13942456502
-477798058280 -661229332702
429822011866 -452851177867
-6879575558 242300157801
-340619196892 -49614771650
312680489774 -136328133221
57878290974 -95198731635
-326750799875 -255401546468
383623888684 337909283317
-494891070152 395591671467
611604327264 -155725147071
-120991232783 -596625804579
106450639765 506195382480
88893237211 7336940619
356519233647 -219349578525
18136603736 -141924922691
48304922826 -774782555586
-345806849347 -144660889528
593325569070 -80558669711
-22001328264 -525735292504
-624682367320 -166093857721
-573319697678 -201477519729
157765989080 -296204698005
168617930974 -372148591370
-688163235201 65489831598
-62111681992 440517919873
-167984214889 -74381795079
-227790374945 411172336667
-245863294547 -600195563308
264316962267 -589385086522
369165839314 339219253734
92846275526 193528861299
222272259260 -253098709253
747826944560 16825673146
-284229527793 -556561073885
233160341622 -160975908396
-203549576374 316364608601
143010585611 -399531444030
-565246785500 437732289329
169150461381 -95396376457
134199722160 180860252949
-95651993205 -358437585229
776244275493 307897613059
19572762438 500177254203
-36538032270 -365374383500
600685086095 -448311246086
320926400459 92420729415
369815442235 288115964479
-425961505915 122784234377
113431493287 64570875080
15346542769 191021098546
-426224548148 -602811307031
152339822460 -536981124738
-158912046771 392096625705
-43748798100 488041967069
-92327238181 127712987368
552163610556 -51355569558
-563082748463 40209503285
-150882714171 -755690183649
-418172046511 -119606277885
380431855643 -46229355344
-6289419720 233926874512
138596792490 57086961967
-29342214966 68677322012
313852661475 20305441267
-42333179307 159923530253
273482418719 700689574164
859939639972 -382983528052
255550382123 523137279326
-218403711024 -60701728073
-320093989926 259654563191
152854000768 3813555238
133479766365 -108483173747
-300198282936 208930836157
347071967107 -84912202902
-387790674024 666747558577
-669103053913 -649382154410
-368452106000 495371610452
159026132033 510684365633
621680054244 3751249383
124291858787 266239152085
-262696531101 -512008144778
262961622310 -31283951962
64059580740 -394455258382
-542915524520 64692437324
43145901902 -214904720831
-580350009668 -719125619410
326028277701 -187192232081
-171745606702 27114688199
-171882496080 77468960785
-505921379549 50481723151
-451177605130 606529700626
190997486975 -156429039523
546660635750 -327354292275
79552202572 183099318033
-351536216080 411315422925
-28992327514 25877574322
-673612675568 -110050660027
-194460061278 -758372344531
-209216411093 -193088194945
-187283398432 -254835180708
93752596642 119317998402
565631608211 -479888515856
487402970055 167158147964
-316696588417 -79013934526
-380013323819 -676062307593
306852421856 91074044127
-9699321772 -259788453658
-307815428724 434097239581
418127668896 461986925144
85314125925 -491706764935
-168879116027 -199302383855
-114003673428 -3059356147
753464202826 -327786675640
336611343917 -310900475784
-308793675417 -538124808646
2173307115 106678105502
-657300605816 271706274194
-43660742735 559470707782
-185464328416 306317225334
31356393776 220788521906
-350966655774 -140562897207
488066596398 526005690336
-179868495737 -300412309848
370040728634 -289660048178
-98135976670 378510634086
-354095365204 380991999866
-519738332743 -260981142997
-529441289005 -264448869771
-418885378709 -189942695732
237736567999 -463125575345
-286077685069 300794563859
-26939028256 -482171689702
-67201113832 -711440301872
14044746325 -277784891517
416523625165 537488426708
-792834863815 339802266708
-363190213093 -36466321660
94655324307 -62204173500
-130024517225 80588168216
-188240716673 -25204303981
-421328479263 -137396381068
42434672385 259213710906
424706280208 603356501373
-141340682886 323442659026
146101038048 306374428484
-7350130604 423163400673
464160987180 -236883795105
619260880644 -340924887095
323378327237 -223160762277
349884717212 -771305817774
-257152752684 -57248667564
313734736137 34154694197
-776372351048 -402572181194
71370692756 12062801433
2142474557 -401492216703
-24448431642 -165640527202
107232543569 190141904468
-98466893122 -292332409834
4684924173 -25999632010
-389829442420 460621176207
491305297816 -331387579205
143507966647 455640295189
642577822345 521786706851
389788173170 -275413862747
8576401847 602569667885
310419150794 227573713001
58251965646 316335224519
-749542501561 -230279238955
318613811509 -75659236790
189320184715 -81057435948
-436436529554 401491701956
102593398666 -508461683470
