# Packing of N=105 2-dimensional subspaces of R^8; each block is an m x n basis (integers / 10^12)
# m n N 8 2 105
-96543129018 849062310376
-184696669081 -43284266769
-97703410315 -85347334278
283875648239 -191452571024
-476646015505 -215107153262
708337985212 -158728310591
197099171238 353712856920
-314090776570 -191579909728
423569306304 -150628081858
-457868687858 73980573952
-90836530214 301703505224
-31635923391 784375101803
-231005004667 92893791728
-359493571925 259529005252
-3467407783 147671933687
-647365613245 -409606139032
66831287264 -248841580941
66080772659 -326014193513
-17378625474 -162155219616
-560859258386 -646550389305
54731930915 -444772462204
468899967912 -371824543369
266447809778 36684963840
-618421043207 223716497617
-87670252393 -638992511255
526994028388 491352766590
239931099447 -34734207243
-351612499573 -131844454506
228465629016 -301652911734
633947971429 -479426230419
-235146920561 -100991620512
-154958995157 25066052796
-166893165966 -314198348594
-10765963701 486021420770
45729531869 -62237072512
229887341382 -199495375904
-44047474709 -10823292505
923863358580 31133646651
225481246130 224672888929
103855224493 -754868441159
255668492278 -306026789536
387272908416 158180729310
-696841478555 61854946859
-91133579663 577882162869
4421234283 36867938161
-346715909971 -98878520067
-12361941749 -709960070843
412765858257 168443235428
-134190403174 -519674549067
37503813106 -391276268519
-263406405298 103175319693
440324350572 -321450111674
-687507919275 237671081685
131811370079 286118539339
-464898520651 -549196857519
105574243014 -151318782461
8284245605 -123955556962
-727195329357 -323452084863
-323101193194 48110166752
-300316665898 419544079118
-131248545594 -487840338098
113146825988 495157985236
-448381365698 306568958770
-213212591840 352884958489
-366370185115 -240133964091
104906673451 200318024228
-515658531989 650538635361
324659528029 -133083717929
-59877618811 -224176582349
-340404702275 -597556574703
-142350616471 -229758036718
-586289653666 -34333961367
25248044373 450899090056
-80318455408 -336183833045
303298731399 11089595448
-302808157100 365932547715
-632955766833 -209352003665
508222625155 -23206177285
-344943838364 437277552891
176972004535 560412692591
-231851037074 726833226454
17238379781 470923444404
-280280670147 -418181708814
-196702513975 120870342819
-120156621632 24361264717
160929220220 -63657581614
-16965386054 216563645874
-887735968541 -94410896847
396254111689 161768101304
-169275838739 274461198590
-762610236975 125617359122
120330501315 457383303500
-85265618442 -598233550593
296145219084 51057670909
-243728364188 478016529626
-252782187501 -290745344291
-498584025547 233399956338
-23890328322 147308337587
89195814754 -673777893239
417319315220 -233930475830
-88354498306 193593526938
178996692051 447427240883
677115234578 165110692364
265331007277 387548018741
-327426639083 -103908217072
-377479359348 159404091388
289775817558 202003527900
549668965472 -309618985945
188615839150 319109995848
8106749055 -234904062005
327683961096 741238045374
470294270349 -347389016271
368118099382 -376817285935
-344929943424 291726079600
-628415561591 -201496853756
89529558757 528852525904
-33089791347 253189496973
-273531304803 -519401769789
-500919399996 205682434689
125523642417 276460245779
-71344713098 -99683393123
615967636976 312419448165
-156628820506 -189120233229
88035148636 -702142543841
205419659320 -423248558085
-669767669604 -50825445881
-198100084710 93197975224
-230610962573 416267059229
396105052411 -480107783982
-282230854612 -60790041356
-26051204115 -830690399240
310870151684 122078352446
-560330526962 -216726373321
455228462313 31475813024
-346534888402 13186517847
-157600553586 112767420631
-557981396918 -459206431489
693796477786 -152909244030
-62326576469 566041411819
237900204317 -60702897042
78365798072 329370147176
-161568429966 94779065219
215319849297 -567725897889
-261177919025 -43359365506
-187431039194 -64070254797
-483407108551 24037226880
9663927889 -383549659332
-208534346591 -65302736577
88006704866 568072207624
-490598742879 563489646071
326388870786 -110873661909
576754025691 437518962316
295226538637 -122222831387
-412776420626 -658874619238
115498512987 -89764442269
-2268065487 -370130712653
66399518180 -57168276927
-810567049576 226832139381
256444082208 -49994893658
43823072280 -590483611400
-68333237133 11116605512
-82316661543 155237494045
-383491870214 584051784285
-337200596023 413355404983
54340520675 381806776017
319344518824 314930223198
-782131055513 -275831713720
-105458416297 -377833256846
305062273452 -27750307796
38066616718 -139689596860
85263316524 -381820577279
99072678761 -192535898164
530084054050 281091039508
-80274991058 57348544238
-181479438220 839686754232
-753680799903 -97390134919
189104547905 606809068426
-387877653786 468487388355
536823429684 1454240144
260831286560 -467087336046
475872464904 398026251562
-4495816139 -153397420260
-480015045611 -1691105925
26244651254 -110322716629
-617745955667 525927268095
38050156071 219317927190
-358210853905 -112323869340
-309619905074 133932373019
145195367848 -136006007761
411277134070 531370079404
-292778673399 225525850940
341778716359 541324226731
194406907592 -84374425463
80735669841 -731136339322
-439879299990 -376041932376
-436241844225 -148440702247
-554325064345 354517387836
-221106481391 141783583372
336897042121 356905767256
-319723303217 147348373485
-309334313659 -155912995494
-116975104310 156479036390
-417514618461 -374007863578
-64792689535 -40704372273
470402376934 160904323130
679030457538 -287779700583
47240562094 -816928611179
-165891919401 183267585880
-187927077655 523088069557
311882950864 360537923273
32663099299 -568142447694
51953139571 509975338279
414769461850 12240838491
740935396425 -12290750129
352177008812 -82351262633
136377483413 80299188798
319600415550 -440411896905
209561192205 -83480936119
-316343231578 388984662555
464909580685 292535640705
-380131468011 341491753209
35923546331 -204666688993
-477281945006 -54486642492
-405138536235 -633015213309
-93071035627 501338043601
647080415214 -436580176027
-107098993049 125108815461
14966803766 -384269727881
-4328584647 -43189643705
-158815294943 125257360148
-351619547124 67722095237
-641913684676 -610410880218
33409772278 726041327866
-606943626784 265548940016
418442370184 342247244588
-319942490143 57358166428
-471802152487 301325487768
234530471672 211221333314
267689376646 363508479263
61535284639 119894533995
104429586185 527479447525
-267439000728 245011025109
-832691081485 115689346493
-225858839223 -88071436896
128426172408 284755269506
-334505568793 -351005577760
-31601696890 -525647185005
-209280351252 399998731112
-128281217621 -599635195407
-257528162929 -437429772567
-41926673130 -351496536119
-448510345213 -219998931919
-349197977887 197660965897
-91382087615 -255860821702
-561533844578 412490448529
-518356659568 49603365852
206853553348 -452334725585
-498325284907 -701664162245
474244308217 -230776087510
-54757253411 265013205204
-500751306671 145470123133
-206172774772 109550998151
-222291959859 363746626680
371893395483 118728731191
510106981778 5258973826
524237445119 -278507271807
25224787182 218207428169
-211115762927 -521397256180
-243522248172 188896998359
205366088852 695847032853
425846738863 78538625031
-370048716016 277277798505
83344775290 -768209888974
-517752177932 -110332947295
-319966828532 530809341136
700533535689 192525023345
302321065944 87026237840
62916473348 221895475247
190161120680 22703226585
18508466789 -146728189070
37530716003 778302845273
-172645841699 123941487284
-246441417134 38090816430
-394112735404 109023219267
-570556452333 -2552365466
221447149721 -531166083398
-485172418702 -281699583639
377837077492 63621049903
-41475166795 -585045435929
-181447769927 -73242440917
-418412997308 -145133935793
386319473722 79570783939
506495019158 384683009046
36356249084 -477180761344
-111792581043 26449752768
-608841344505 498577905552
-324997838811 509435266578
-39078694783 701338330698
-80668014403 82773929291
-779534017815 -88967813167
341563584702 282873248187
290634473523 -116213322608
91093665035 -190736759815
263128317556 322381974487
-100416896445 559026944700
359543428545 328311749599
223623569556 348053316515
313529148031 -547509436973
-217226792939 192450293287
221391796873 183012183414
-261043925282 263253789156
740264279938 137693294294
491672595719 -291401494215
-252806586271 -858573423608
-95543003894 57777426759
650467734876 -2515107811
-120675292537 237508153141
417672889110 -245825746491
-256287169439 -233727155880
86103815852 55888145349
6354774511 139288110571
208613779266 332009801862
-317376879400 78340473478
-267896601006 174248324539
-361272141273 -588353921560
-681953191567 477777593885
-250746018516 -508079069107
354248435681 -35951337036
195328367306 -55335647521
139958136817 -506428799996
544449086094 -1043910213
-320667438917 -656899555346
519170728176 146951797164
303602096296 -524693993362
-414822089316 109766654461
96001518104 1544439992
-351087478510 87746231076
246530849302 -218069894195
281820709142 -403665944607
-283521744749 402704987562
562869844043 -107363029613
344738648831 84753692336
137874606101 458818421091
-448860809818 -624823388095
-75995093607 222496012271
67016454275 -45636180972
441620472131 -255872089855
691372424068 -383383765921
241548128600 709780706316
-455603519878 -318697147635
137547464874 231724072881
178520865974 277320493742
-76440164883 -612764731302
228041006810 -14506423200
682174549190 -83274034748
-41495883444 -622267058513
420867310756 -365086801660
-299578364763 -39569924832
-445011711894 -303383988746
100788208042 -57114748182
-129753585090 -303196714219
286351200416 -272419673475
110027299362 508063371765
-100843721742 -216336640816
-471057404315 -566162018918
243519537086 -26066563959
677797269918 -455099772349
-371867654073 -24385280151
574014910689 -35361371015
320185680157 638022881641
-239716082769 475173884579
-87084144705 121472524550
378049630602 130646314860
-350385905465 481968554780
405044519229 -61046424450
-270532244709 -313116220936
616975381449 290473618786
187923313990 -590891993913
99032818197 -213102367943
229891546059 -217074677607
-385361531572 -210436892691
203174817525 546709676305
-359869336130 322976828041
449532122475 -162629966536
140372087423 634992143011
549292558609 -19415246887
353349138953 481213256987
-378284739174 62626614022
-483886913406 215577146631
137206744663 -357149126246
122662853676 318161686235
-377624142263 292683911249
-127560841061 -16935327549
334937441056 -449806177381
-706319590332 -106329667560
-42181093825 -18310053096
94222756469 295503532248
-400480404268 -630683912989
416343833654 -318976855847
168148339816 -445999519039
-31459151073 299934030936
264118365862 -247903735960
-288170445163 21526576930
125827983400 120280741555
-661715508369 453732786983
9574529148 -522699542770
245568845558 285823840424
-576293137407 -522368588958
419341077956 -21039648867
-204989210012 518728582870
34014154756 -21926121137
-121450715243 -163059957061
-167910656504 611907638162
480485720012 365454337003
-572047379812 236362596473
424177468411 373568707226
-249786997454 -361028395795
-464558992712 270780551377
119136512760 -165509510354
591771103580 -155263279282
-77406696640 374271520827
-214240717657 479283955709
-491032808303 -288823566325
-253773028260 -540023122234
-78354893519 242193690375
337542407553 -137130282584
757011824927 73161948039
-128256842669 692467816624
-308218792760 -385436552342
-175505554460 -246111378675
-63643073718 -421816690629
-400696204507 224970413951
59856426757 368113344681
241115498211 454213140535
588271315134 -79364142728
-291001278182 166202714901
180194270828 -83090211379
67928503348 -776135167885
-553601716385 -103770287720
-404940147916 64829963543
133233891214 -435892732956
-302687556319 496418412805
-298929745697 -159688801602
448957277815 248364711326
309977655096 -449181210333
562801010312 263284038699
254503027328 413159675891
-349434440962 186004244745
617506817031 -506688204705
376665668581 429870444700
-102128883 430040790104
22741572522 55531101051
333413583465 576993571045
100896514159 63264508648
-517647978844 -9512784602
-294935520533 182880309209
233953418610 70040122511
693495731954 30358260946
-523618713675 657957204701
19775804391 50875547760
145349368956 2072271668
-324463465400 -624701276506
216711533675 366220698085
-128042804054 -185211159950
635780265963 247287254305
-189573579055 529597137372
144241224387 116379222334
-17666704554 -206082742311
-266103663476 -304786974032
-207065886384 -420741461468
-403942846644 576036870658
-511732746558 24994250953
445589303192 -402415702196
-665193830460 -112305818545
-232760583988 -184847568899
-41357517074 -94610025629
51666966459 878579702174
-518643201673 -7090002386
-175442689825 -60786526570
25278916984 -81742045798
-117837245698 -142564903811
-44398314027 -56334301905
280612739606 -755213276521
-231032683404 -47754006868
-259971795062 -490695947761
-179212395768 -396190317843
-8554647017 -75576746177
-867322295227 20323158250
-331068046606 127253974826
-486166401212 -87153897491
-230861698167 451940980724
550702580207 350851001883
-203863564078 -382390675221
-188239757102 364022898101
231733280593 393054726702
408375869850 -464366483979
417061255359 597557834442
-162648961193 -186900537309
88771154643 -151533773426
-458987707373 -372867534685
-661510867678 337650490431
-206342887555 320903301624
-316851515237 471817273868
-22052058324 -80011362559
-28014970923 110053584177
2105902291 -224690065882
22753232048 647475599515
785867629352 -22567167381
49753151707 -703751209199
593641325585 93791999880
-134148522644 115613447523
90685503104 15475172188
464372115709 -124253195613
-359361891760 -244146855192
128149202 143654477049
559937269371 134024671224
-484535915307 550538383455
250877811032 438065249294
198754678656 417194056346
-66855480491 466164863820
-45664364699 -68564199867
232675399521 252220699357
276589580867 95679431843
309384517509 -239447671635
476696198284 168857782431
-411165722687 380003398393
-360506070817 608641357386
495272858402 567304233004
-443689035596 175001837920
688636602809 257711352601
-383595773468 349958281672
-156064176690 -138731071860
-50976108494 263081058348
278043694721 216748378076
152216540375 597682313304
233111967346 -536494600120
-110256653804 303672873139
367058043108 268357570072
-759590378701 371771434090
-228682102470 208046204066
-449998923999 -553004932624
129621669176 -160949431033
-19591156569 -19206978954
64453035156 567610513976
47493009340 -414293607903
-161299090881 56024597472
536063659658 -222894093154
146597643557 222656367524
92845047667 -51782896142
-545187678779 -510631999728
-298299921733 674937268629
517725071605 83651611482
-279664912476 31499024077
355294894615 228804168038
-691652181168 -17468650840
254877089075 -818386335752
-276061087605 -20454599241
-38565455193 351767536040
-414442573860 -342148339456
-52424601950 188071368448
-231699946391 286191902873
-29063044911 12138750278
442029904571 -239985330827
507316935111 103170077153
-390581522535 -471129217117
-16744574295 -713699827357
181751482456 262426526772
553932899537 -222512824116
-295268517806 341313858088
228679173952 429758266860
-452497256628 -54436763610
676651966794 -226959818581
214467328152 262590813957
-33206181152 -391216734469
370635601964 340742182519
-115935549408 553379488243
200597788204 171428422387
187460907914 -390985162869
288098185203 -395816515503
-27242855872 638131096511
862939042500 295506523291
205322344886 5238559787
230316973264 -341533270787
31768432502 -223303303298
316712807482 -431988863293
196064022777 684179476614
-636561221215 109756641320
-329949963150 -282991620881
402709668246 222167503008
52174055536 -219969352072
310670889529 50447669912
-292849994776 390977499767
94868182628 11863788674
-574151754750 -476391628367
143429572 -427124370506
-91552247705 504268419065
-14064857897 -122335819456
-117994621667 445239084763
782560509818 -162354538201
162623655453 -310846439897
-229920572452 146989445743
-245851721001 -658576712238
579752433166 -217948287115
-511187082489 -412519561843
-338826208938 497462778290
339856544682 42204151195
-40960404543 179473942875
239342681133 -213390885103
-80302295516 -156766493121
-796303973223 42563791879
-421071693280 626575432542
249519254463 413807935491
-37070154109 296813884821
-309385254150 -503362553023
-54577799838 -6872757576
-140776867021 -261264680564
372962933718 -284531835485
507227501199 -268231313679
123254703270 74589366677
-388604744015 -107881856205
-205095701285 552810749790
203797925535 -101498211621
-505140323645 -709144796357
314084312629 -105373498530
-203977114202 64796868769
616226275297 -80833032307
-296782257861 96239704829
151501418060 -157612859363
205308770486 906869605790
-483038109214 180429433602
40188536123 -309548200327
436501433712 66152412827
367561435154 -33086790177
251021983026 143455531685
-342458590239 188797595166
-77800383676 -265617218468
256325733121 817732712350
754038959731 -313039750383
144811691545 -20038720806
-152668626235 -324108795869
-126538241231 -154924921436
-28163304997 450080040208
108811948601 207827276226
-818974568680 215920623225
-365840321401 -366158470163
-102428653790 -589093585115
-315189625472 356789947209
-238663460902 -274244398524
-740942984615 192905994805
-143561235276 -76494667908
296136965235 682326400151
242133150910 467381230427
169541020691 128243150957
-482753354178 456290346948
-47291107017 152085371153
141551025633 158569118837
180543417277 -501617126044
-463206342765 145300791971
-45047850346 -663825837890
-681436463589 -54317847635
-227188808121 -39978098315
-28056900532 492520792312
422753665952 182053915580
235236879532 79587434354
750613584497 502916764307
-207984464757 -145574260012
190430935948 113092344033
473870238463 -735983377983
-209827465380 201830052826
-65913079734 -70825527425
-65158698717 -280787133016
282642901193 -216398734813
-123780808126 -313563978115
-339205202644 285359564376
-446526811195 44711859988
131973778397 288414503402
6347633556 764772994652
273415123357 -162812987449
-442136847760 -333988018875
618493133720 -110143885294
-301644693209 310486432025
257668761314 375617886239
-571824179164 304142951778
-164025052232 656343819437
172159923880 -86382782047
-267638500963 -11568229676
388654490421 197904335174
-486218530450 -438699555258
162024902852 -325387964837
449763622433 6249386870
-594571805712 -143767414623
215176330163 666788603227
-406544227279 451092475221
372330472156 -132242806931
237588498885 21889873253
106243331787 455363326218
286829590287 -702458295360
-44662405192 332351452532
368481359796 359927512136
168101197280 -54274226167
222976807972 -205247931455
75374425640 269844985496
790768966263 19809784242
266424495338 385053103540
-230451559101 -243176936822
113475766717 -308697193067
378613744869 217740384141
-258303620870 -506487609274
-461344395191 174769818031
-115579945483 -45239872940
682913290216 -48001138283
177139109716 -711853357428
652875040830 -149931787194
297177549441 322591509726
-380770093299 -200940772647
191990039933 -351156377062
338256444659 -147277983590
369886198180 -42446792052
-206439894043 -570368074087
-98706605527 600795229038
-50284582211 393290092659
-463269842319 -222101724884
-342021412876 -152202203774
-498749004749 -160587944780
327481064221 11519758075
-438857715486 365241147587
-215823268818 701497151493
265901621200 348436039621
290377927538 -255109813662
-622928420405 -85163975621
415859913753 -192142439418
366551362127 -352220299521
-266204669997 -447102317288
-167441628115 -84090208132
335859525850 453322865008
92942062852 -595159607704
64620700610 -398389315921
858010528629 64409920947
-340593376654 157712261947
-178899039757 33769175130
-182394021097 -621455957460
124922022213 -127637117922
-90527025829 -444195301881
233591845312 -459690758161
-719408640175 385766515445
-159627399782 165925660464
-206078262874 66568751242
-145502337403 -338899131401
-288536015932 -531395109008
-332121822626 -566611965795
244454167910 138597795934
-374186241462 285883927769
288913779044 431861780937
-391722736290 -152985332983
-420585238683 645551166944
196634836601 -241967330059
51314757027 -370170410538
-259607460716 -99053330444
637543375436 29361595356
-266522289272 -408786733772
154783336916 -296437834965
-474416598230 -681534174970
-430637683622 50457897216
-259538559209 54469234358
136543492659 288883002688
-46032045212 380155444056
-339820465506 -40603007523
601598627255 -460980180007
-797725177837 76500609560
-76810292580 501235368644
-168320949571 572053560099
78018364436 375520452497
-376356173480 -203666891721
-149782734587 -473650089036
-34102063683 76748853607
397585367814 54174532161
-289124759959 435830623508
371854363432 49425686953
-179647760186 -201848122764
416223362180 -308072867090
214070231613 713700769850
15962736667 -5710115823
-68723373815 -402299789552
-722365714495 -26658919701
17856060353 724594426007
-174510515626 -387703108051
295905800591 -344061282537
-420795929782 -212972946299
204006003154 308711892642
-610165889654 107173110802
456637664709 1515859118
-286633851192 232641719487
-24390641187 535013620515
-125154073832 317011566440
-511754789112 -57510137721
770847188975 232036031987
-138607620139 179852144069
317474297763 -221981501964
-5577435873 17265026141
87235838989 -688618395381
411299962860 469438010738
-520552613700 68229013118
312842394469 -124634316857
-141183027618 260985166924
507074688752 -38863034893
335988688798 -227080205458
37712507 -797125186547
268404853648 53305415596
259072644934 248411078398
-47936395319 648692919599
-270101871140 -375159044666
232570847870 -126079441724
505326489257 -117684540954
-613409720004 362058721362
-407565270756 -383503601515
-76180386661 -262369808673
58428669654 -418362388344
-28549172337 132662494324
-189638576621 151238440668
-165717959850 -752744460388
5850850260 -120105524565
-644374683680 355383933728
696737976473 258367336663
-177901742784 101978076084
-148688362002 38788495737
664335569831 -253186362661
-289071923216 -482899498447
317053123616 -260827588842
-49658248581 -609924371011
314293217795 -23285442061
64190476147 -446777577368
-497089706234 -247000015901
717548099124 405718221792
-139387828362 -140604270690
-220220882326 370451835559
108304710691 327886737516
439095274842 21428685792
-311839407710 270228995753
-62013143160 -321270418437
334027700743 -627838600262
