# Packing of N=106 3-dimensional subspaces of R^8; each block is an m x n basis (integers / 10^12)
# m n N 8 3 106
-149354042540 -414219656127 561761293237
527609802677 -549756622269 248788254610
-526065905407 10915032363 26303714760
17792169668 -268886386999 -529955461671
479836404249 147399576232 -167116431337
-70434065814 -316099412950 137175942573
326177086944 561136054727 456591355705
284013984597 -131345193479 -292853495925
440562528986 278435660862 -77042772609
-160444625593 418968323818 205084946682
26053766320 426066674668 411260926738
-545238026949 -347205971643 124353113442
-27480756999 412092974697 32692885346
-440977801307 -29930105743 448275782622
-402382170909 224992341295 -749597930322
353653574398 -472775151339 59061577768
61052884807 92104024682 -3275340883
121074395987 -182485908095 -505818324791
539586559525 262684602990 -524921118997
484650281358 -668769120839 57190966667
-77957140037 -108648423794 242630713822
-152143183436 -485302324883 184181977372
-107420730853 368598878564 153782542922
-644057379499 -242430288003 -590662655011
423344399509 554959062729 -271047040738
-207895607298 376544778825 -2215478952
179063638926 217286873720 416144246997
72267346989 607499858653 -170470139853
447209135703 -259550626669 -266709748922
-456496573608 101719449451 128084814395
557383866553 -79705665672 560698603954
145638841588 -223379580845 -567776149680
-84423127385 58809195813 826987545244
-21099991805 85536907213 -290108214365
-1893152794 747376018617 -104741369580
422330630803 -216550363008 -259418294476
720329840496 200704846088 -48502932309
518391605830 2938856409 377147023384
-142005301197 -174801823 -94495582118
-79311654218 586062147211 11763980189
762015512340 -224988231830 -306642638519
191925817666 344399401856 56675423997
-78020189803 751372763683 -381881972104
22114232487 -92822167584 -312095272204
86846462069 -170044384141 428095921292
-551982933104 -406727257628 -495604884685
117719958434 -242076883345 -33084607454
223237978725 -68183506903 -479099131920
-112186231349 -603606077288 -462584291632
-62427987594 -460037767634 646223668479
-26450075299 -132158284483 175362509105
513999330494 -435523632792 -147538984630
-641540967067 -34248050554 117887831483
206792817824 36100370470 532324368686
316024975153 448196672592 -52534593942
405477756209 -116283644149 125953658055
471567923565 191674600988 -392308053547
-299223466356 817019152245 -370941334511
43284267370 -411479747102 -614198802515
185934737565 -219537155505 -348040641572
435659515859 73435288455 251515758728
388073065392 184760095807 54542892543
-412194185245 -159632624661 -297960332218
375951848007 114964332860 -234753054691
670480589878 273785098520 2297946623
-88250830816 -605886877158 -334339755142
-392585562385 160679680796 563775743775
-69678783926 449232308633 -100623329907
-399423018787 218654746450 -609399718854
168231171210 -402181317284 336325700999
-432363585259 -101123943194 240868587019
-94394215778 332459656155 133202226250
-124499873727 -125375357194 -564856821278
582918182381 23437440169 -415526456714
461606069885 -519653359143 241981350881
150259819096 -310245993881 -155199825804
551719935904 402176132849 -144514108083
85521615357 -331082410068 426179583952
-238143180740 200759842008 -154693717279
201561375770 552968170482 446306020287
-818566287115 -170262981793 241499137258
46812328843 454240745916 -101768911187
-195866163090 -356132741419 -35594099450
21109587518 152656585657 -260027892482
-221704562062 285016137449 -626010226258
357256041704 -641411579069 -360219716421
-304591311979 -33950393923 -570906964624
139240839669 347484758670 121893399742
316083050694 -514207963721 87998341810
493426878065 227740894350 464651147940
25523004578 166685847141 -125623300303
-384510754794 -37834403463 -55478608796
200419604667 -339543728685 -481801900040
-184646028502 -126508886684 -507772731800
23439282135 -709500860535 295720338051
658262791770 140793210648 -424358075879
36708591392 -96478137331 -148260028034
517549434440 -42667969035 -116279481150
-625975509758 3137169333 -27939403072
239505601021 455473495443 590504642256
-367304658010 260189460983 333474200796
170127638498 -195108797394 615327185369
-289986313631 -549570655417 334064757458
-183408296490 611237730208 -116575528109
-476379033683 101311068806 714644814008
-639048590627 150786668627 -393391932232
-340837906464 -622390231734 -351618335855
301982752418 163227340981 16618621088
-357354334414 63725850646 161815669988
-87348702492 176905446700 184345834058
36349483924 341808322410 -218608222949
-143745096305 633085485632 -320400830307
-481632778192 324014999887 443059572311
5825034188 -320914384059 -16259311252
45424106106 349610379119 -596506180532
67930101032 -664850451797 273607558332
227910563894 298929435754 377376902011
381834999805 72180203567 -214168473107
-355388078662 -360733552657 -416326055192
661268636214 -55472625232 105566498079
-204636943035 -254372172948 69995941132
423809350624 -275723945258 592650533170
204779427643 168233874014 -362151797453
257528250104 -789384740979 -378345829405
-290594144415 204815929842 -260178190499
-265647777383 -3175689542 510935379983
410826379039 238353432721 161480570922
588610168253 330254733460 -121419910299
557778198549 95210861708 252785740991
85870184361 -66318988815 -366656647790
155187878711 255636116043 -25303660923
165804872632 -108426418381 697561408350
-552416796592 551892775265 330837396601
-353916836306 -453822054426 392652308053
17280494406 -601788729757 22694283937
-446335299420 -191678907996 -224245021294
383444268439 229143104513 -315801985837
156583540405 -124713135907 562464045848
-446940290069 727629107588 -254758338917
195587466803 44462525773 -155268184147
-7831547799 -47539357617 -291500421836
-160203883898 -28860792644 129508695873
-369815453174 -630227908848 -523612040062
-654180342761 -15455873101 344932915041
80630659733 610349059841 394811443121
490636488776 -336949014654 -93684138427
183123959117 430172745897 -149916060404
-365965356703 -230568227637 756778424383
-59091403890 137034231036 111656168972
667578056763 127434800718 283544431086
352962687944 -425714784005 320553771083
107585272771 243881121730 211043912929
-11209429565 44675565141 144262230426
457318139374 -9620557434 -239595110001
706248218551 -79652136649 -372439020543
384390987581 117864934494 484907273007
-81614824136 -348884644039 236584322068
-175546001237 -10104854768 -638051166560
142233558799 812690304750 120325762820
-294081157558 442025789662 -265286605209
-286592325195 -206578593170 237816706830
390973611059 -127868050545 345478828875
-95734908738 673486391360 708412471955
-159663382124 -125108357379 176990709114
-230231077965 -542783714104 385171727340
236925013100 -175882053449 242948566518
160329256606 -381963624614 288447005126
-771687517480 -17151049814 -18185459460
176821092917 -449536831611 428692240675
550844134840 -346440778289 -41809481326
85833729570 -61313772233 434738526742
403542242758 -345445586561 -641040310482
458293174725 386065982980 134708735067
975489035 325461192655 -114278392987
196607115882 460257848050 -278035763682
496390295832 296638120265 325629825824
49425126532 -148006762158 314965528261
-523435465164 -135926057323 625519222300
268057458500 -251782974786 -200248324658
46877336803 199190399675 208025134734
514734759795 -301312799871 576005783506
226772245322 -689425647879 -153893616204
-533310752265 -451577050891 -70510807487
-220731289675 -294155848778 -256341351751
414487507475 354650013546 -307020181527
90610782961 -599878411623 -249795847620
74646604199 -445105763426 546780760437
-150899749064 -522982976442 -311787329434
502563838037 -182116043195 -390060453447
-80749727021 78330604964 -58521350832
697757794416 -58595823517 453067387725
-213752363700 -1875494775 293799489790
167294882697 70259898154 -251686249591
-177453811283 411125688895 497326574444
-444467017680 -409273737730 601546315479
-342533042160 -220067599770 -438745933899
741404028067 -406222495374 322984239684
-154773003045 -66780961777 -39992662609
104539428620 650551903255 154904169782
-202681140875 -131948028953 71069064836
-495790305984 233939043595 -126003543228
764222805661 -289695382604 -22383500601
-226124969969 -774993419345 -150921072845
144757771130 56211406482 -153448859540
-181987564682 -274931789858 -45945322565
5268085099 -66638121626 -782598749905
-227992450705 -321799600641 -13540159633
113755779878 272013741624 -567928913977
480974681741 -367777509906 -207526161514
239209679230 398709617119 -226329984353
-184139778002 -358989730134 -543069324425
534790187216 232352470788 374953242285
186360474049 -690479088588 432549588116
57639217740 93727481797 330288680532
459143224520 -103088481835 -351609306707
377715602496 163510243390 -224442737038
339646516971 -487324936050 -123011510868
-71725524099 -193822053541 78149351797
-785849499166 -268730748210 48029343103
378526701886 -248976670793 -15456787979
-160247325787 -463917361795 48506987478
134713917056 231080850717 870793311816
-267218763420 144809303965 164472468252
-58488297362 548775371144 -434200419581
-71014203437 405035940988 -270713380418
-220583209331 52128677688 304293885741
180117638322 77547203687 -50665425708
-116936677889 355887813459 -428320022826
454116878973 -272194678136 -642987271942
553660232580 -248628364746 414948963939
352189665254 -140910751962 -121700425966
513209632783 738103608121 218330486222
-264865354078 -146373254816 -60214950609
-109230316822 -119087895028 217189613136
59164087798 -298772991734 -499362246405
348499015284 197520639811 362366078552
453659743960 -360058210945 383242931984
-462921610526 487647158851 -83475059279
-602485019311 -381172164459 554401655968
-99354667129 -568664535582 -327607351981
-98515572267 -156140140 -637099531218
-670208257472 6591984465 566798564704
76501061251 145841845835 -153622651620
538279488050 301095424126 384208257320
101325702374 -801362490326 36894392003
148027370651 -468269260969 56224367301
-7830574383 -157413809102 196931192361
461820350019 -42322263281 241502381196
-29681750985 -151410313132 -127714195527
-395002947 86411564743 853486816056
-42758973522 -295283990442 7985231076
-647465579527 -323510299380 124740331695
-568879901001 -58132730016 -318720500312
293474153880 -828294620678 -1838339594
-325174120134 211471346716 32365152380
250178340347 208769936330 -370124012882
330701842223 -415130084858 290450832638
-431601555482 347049426845 99389918637
-16379863038 549561236138 391572615823
590722495464 407997218485 -132799554228
249538866051 61230670989 627840122387
-173103377898 318271405714 -379451933661
378151080530 349447916472 -111060614972
-346269197995 107632227164 429294390123
-391639932429 280684229920 -35780497691
-263823061155 165402208967 202580068803
91904638420 -659115041441 534708768359
-207810182642 528704373397 632483263750
314582838680 -29261331807 420119366691
-514975848370 -305758413583 -201575012075
468589851157 231775263442 -63098279892
-376357656695 -178418929152 224985255376
134459224566 -75144306388 214203931402
229096049988 -413055978527 39305330730
-406238714965 -3005116115 306194088355
-471316828155 -599249554639 -130038268848
389853982552 218816899518 388801033693
251187932916 -97777669087 462836303901
-139975108571 -364106174022 631927919079
554609533272 -524036657415 -277831626563
-370311308866 -381634513385 75993352481
-345104422992 -429618822197 -369287284082
402024302283 -415596977675 -107014259021
107523377828 472032637249 -305248386733
394696734441 -191530576640 114048934275
-148208602523 -395202073165 321535496299
502557100033 -282762272900 -503081773721
374529991480 -37735446583 619467333373
74518036467 214852659096 -395390332766
-692448330470 17110410225 189679349656
-466955747257 -256292645391 -537897235214
-190449959935 633001360615 348209637083
-137728313496 -374911147740 563970156362
25163824123 571145778067 -76619721721
-446474490625 119204537366 -700173383
204210032988 -78697750203 270502186303
-187126010857 -800400858838 255650171614
222970489144 -70556541757 630379597960
169030693479 -282385288486 -138446911230
-163707532478 146359608920 405936254681
-118974664101 -121480631322 241324900206
642068215719 152673079227 405492434113
-165471153951 -301371652714 29903061846
637266991441 -352599159591 -360217638999
-226025978923 85305194472 -602828813100
-111274390959 -10679453877 -300756829004
-714890478806 535351303924 82927021455
227949453424 -20966483454 153885912446
-565006889815 -441443663191 309860981164
72947323637 385053368756 -165554905810
221148234080 583430095057 205243459300
6346476517 -148455652100 -591639970671
-8656149664 -614984607809 281791188517
-555020715233 57867789005 148419210107
-202949661803 -111441392875 -476866420470
-163031640639 -452196412160 458322227951
-214839542630 116790272752 366504689037
129004399891 -522537953294 -201047024142
28335376118 -336119701376 -477426662920
-748670914255 -43383612589 -241708098892
665195941768 153979889994 327005132776
-329774958851 -234295416297 -390152089741
315549079766 -446453777318 -183362503758
116387329861 -186929067947 -136091669186
85995949358 812352520656 -351945334452
296045448984 -49590261746 -71202865623
256310978812 -124191697920 273521322687
-418224908688 96607504607 696388511768
119658032986 -636908010403 -572876502027
244203388430 172538130898 94601053943
-570063685462 -270684254752 126605262855
30774561084 -93733786775 374848995129
-357337090276 93282209486 -562763775369
631976670738 153682673076 -288438943871
-232126200551 559389227809 -301059910621
138420011931 -370521994379 125639688374
-62834495617 720538723967 -209154691719
342279092096 -283141262088 -310889736345
165394535318 -277472321694 122602055445
-375526399063 -76025324222 -536320087514
837233812880 171740459353 -193660483949
93878961944 109983232441 492717036734
23275012834 -86845280804 -525580350243
14351913452 518412031248 -20548007326
-695246734775 -52750617305 22773785478
-352429115049 -447068505037 355114021727
243936542575 80675229026 378121266060
193144740586 -311150209534 -355772211487
-53167551161 -582139220316 -498181029523
134082726922 50502172036 -421455489751
433727086051 -39408759645 56175526006
-294434403055 592481718839 -418163927442
-100620404903 -168598301537 46073623127
-60016791404 479396772622 159806855822
-50346884854 -757601177395 278311362132
-4720471683 142003853929 -392260768809
755015426524 -71209307289 372513015132
-416272123944 256003755409 758764440049
133179478602 112847973366 -67383832042
471856840808 253545568442 148267536231
-11565395094 -532909721098 242736495261
-690302139939 -233580425465 -344548749829
222962292385 -188684270132 -250364228441
525589900758 -153471073497 27210956893
-389012897177 287496415823 75367081116
137104538814 -120088885737 -789727547571
-98039474842 -701991232395 102906327735
-132860235835 -111467797390 344968058239
10487480695 18297180336 579179587946
-182968418713 -814950286483 -24831060942
-383710936647 -219227466035 188263135081
510839920540 38657605391 -432813216585
280489593671 157384084196 503456452222
-457057207667 297845067917 -397730954743
-520100468953 303434995744 73909405285
-11868535700 283569956715 155058772742
258166303115 498551638344 -176323813962
102009791796 390703473909 782440754021
-604445606639 313905291644 -45272774657
-100379802121 165512638758 31563457279
-217502220517 -404391901176 -188891478528
-345166624871 -237381297987 254285491463
-4397222086 -453641867456 503058502327
617290058107 -217238254894 -15541702716
110274019819 -68829370448 223941007693
215640291986 -662532644293 314252250394
-358332176509 -588519273223 -448458493194
-301857578609 213292690622 -556686493437
-393009105884 -129451001662 -24747187454
-738234188082 -12726329770 538971458002
-149189738848 380984664895 219285442337
-10747399760 -48943538865 29871642982
-246808977012 -135536975160 52231789148
71201019017 160203979246 -276396843943
-283752201799 -433907640349 66179512166
298397129450 -432815036684 105477683980
550284101270 84046433267 -643915875540
-154713492656 -537961137583 -209453124604
661372829619 -266501023800 505419013353
-17225219591 -461379380644 -437521096606
218036933588 715747366844 -87508669029
319234381614 361866207947 367666218215
-94146089791 -56056290549 475178450653
-146214416694 -295137603615 586366770929
318365863990 -410816554564 -358579196321
-605258942788 36051585979 -320457330910
-370497432127 74093484065 224500349151
464051295574 -301579573061 76621714127
-10906058150 -346846868834 348373511148
-424494298907 228853223440 40583229694
-201770311130 510779142686 271309365747
661146736032 -195366216570 467899467555
193648182098 58453904394 -470038266271
192923327526 -188076212981 -513978056312
491595100032 698094197210 13945614949
-159607681403 -46207483318 314875086680
-542547794909 152780755647 58289929699
-314497516549 -66047250222 425264798127
253602912989 -416498770854 189589754548
-646334304201 -182797176286 -541978436288
-7576595922 239579410976 184622564923
148485108274 337730543651 -143126703376
-125315437412 707678102111 263910756990
294722820665 305190526026 -601537698558
-252318073357 153494026546 -551007541083
500414376276 -49647087069 9633798354
156775340886 750687721773 -152268486161
334316940773 -213225055075 -556110557730
-303871195968 -488965507166 -378460484077
-647962421742 137843492628 78760962351
15696099966 -260764577022 462239497326
192705335145 -197209306425 -27427271396
-196123886815 285557456872 645846521832
327349131714 631184893500 -47560391840
-868112607002 70583116713 -95087790313
56377269500 120207149478 -678133204569
-151722069967 44097291454 -161793048528
166331901383 -564323383791 79825361092
147824035470 323863452845 155507916286
158247396939 -274477403799 234482744583
-63477255295 315636559127 552906869376
-677691990599 132547357680 -263313662479
87306340670 -584607930075 -170211201565
-536674941662 -410189958759 144851850083
79427483938 -276224905642 -401715006230
-128748858450 -252122848895 7105930290
-326671504973 -223575641960 485686960155
333860072321 -427703552979 421531414723
157802439327 527000698747 -412861379034
217102462696 525736328981 51852342206
-271924899176 501965484305 -302152204835
-416756929149 -342633963488 -595514939431
781711974302 -256892180119 -333796036901
75892954486 70628262999 284703861470
248098474734 -43539410368 -216601605605
44149944224 60221022453 376205369181
-242441805369 -101038691032 -19075009486
-573605638050 -118904497548 248678646435
-246727945643 677985130395 -468619572903
581192601359 -33482634731 59503970286
298395408438 -160237063843 9330399433
188176822381 147286011634 -559533994180
-168953462105 250807708174 287634981971
246055715956 636077343710 564580214303
-246984770850 -699859537769 34074660720
-505195271923 -23313478830 -614908588505
160394277054 252538378919 268848370382
148400948914 57923348247 -290311750571
-25426203735 -30798556397 55746670353
-563351653576 -153672725874 603854580671
398852767323 -186233811507 263229665395
398662748472 -619092458117 -164706053034
-115379351024 -555787054508 -106229437912
529680364624 -213162927831 -606401198591
18808755244 473184782696 174884391261
-8088934263 -257916286165 397053050768
732745535115 318778005626 167412471363
230976027776 -367342229659 29268974506
257482969675 -175783530678 169556051109
-221683766315 296273668719 -612473962330
528965262034 -304479038050 91275501903
155413286830 828678743165 -162940863066
-507460701 -207545665724 -84380547741
-676450733219 144508536130 28054159034
-122233927305 155791354084 409563736566
-239365589271 -3717052615 87328287839
-249639231302 -238886231682 -787458062959
322334989928 274362427210 -402185355443
76608562574 13199119438 -615928435817
473926870415 297632503599 68170915170
-291248257847 82074350178 543896521487
181603568909 578983853742 219652514781
-67618824523 634991411045 -196837467332
706432683102 -111450940663 296740904731
328462400259 -376345733116 -41418087929
200529439561 109593152553 -378680107542
-22521198302 227323542432 375052869675
54802471739 142635036102 -625386911244
317993221556 -449419727049 470298153772
104479140644 486059812917 208966889466
430434336665 -37478183777 -292163436844
238765188781 646200933184 20764247086
-580376422536 -134539475102 -229247460829
-552570881919 229490501047 255017677380
664002710960 253840829804 -214842257246
27645208570 -30068270015 -366150566460
364017373313 -428689004769 -440539465248
308120795783 -502907621344 153446899956
16114238398 -260683080714 -46966293697
-493823590724 -417820147182 -83130920152
-294168383868 223530450388 -760519541236
-15252013350 -453293710120 -121033220253
164283420078 -336317915473 -328291285007
-462382564230 235416881329 -55926705083
-111451695529 194183739984 -188349453714
50522871396 -119867114950 823496355874
-326555390428 -393503274458 -221122348107
743652814317 -110765842916 -203829491177
154491500666 -243245939398 291604229510
246401554735 743714471822 -830675175
57191856997 200016623809 528095479966
-307280086615 784038054491 -157157337434
-31535351244 440095486213 43008223206
597485450733 147081027613 -508861488852
-149429199727 120609182105 -488448722684
-302488286943 -27761031775 178609648508
-250982029887 113057248971 113796581122
606221468486 319157676398 390120225216
37091195283 -342732919924 -643159959680
-380432862358 73518076040 -259176579194
241833148040 50764404186 71462116294
395067523431 -497989047057 221812147691
-248309291386 -112969227161 -67049747044
602962829495 637024124395 -123756186865
-418938319459 276177080599 498421751070
-196475106458 362937406697 -443429588353
-158452000054 -433400205683 270430992210
11476186287 -292161487914 81460674734
364499403773 152544047645 -152416511823
-424685113212 446631999440 -607667319521
287827323054 573920805270 381945634259
-316906729677 -199907473065 -297422848447
-203927474390 340624983290 273224402784
-660820052715 136684415897 467703410346
311562294738 -54149316411 -62107212122
236141594498 665378453602 280491207196
579731463096 -504537350377 168796016942
309503587294 214915345537 -779863732885
550079515898 283007546162 -17751886780
77404164983 -192320096183 107148600379
47841990782 -349925032161 -374308838982
-323136672856 118595963800 -359005265555
-219878276683 300240472820 41416518647
-253416178316 -56339909282 546728394813
15739882626 -242666605743 231204774347
-82764768487 52372358988 -327708071675
-360891216062 504562523678 -402857086518
-324418998849 327348713641 579278603094
735215277861 178422337356 167577552711
-322961873535 -671919992621 -112181718802
-207621112490 267038136064 224137653753
554233441887 -60996318892 -405410338888
60657480973 682411230393 -75293620746
-217677553687 611937674215 -212834192926
450735965037 40308798587 219136384123
-431147939899 -144997829577 441317763403
362985655253 246191354124 548095958444
279008738194 39470568888 437316754179
384964135256 -616347955196 -145698293711
146722298730 -150586812295 -372465533912
-94221893932 -632684295183 337392051146
8484726230 307907798173 208667664452
152587276851 171314665642 -419538639707
644455127298 229354215711 -83082406527
604976164860 65463003464 527571647560
-129321218444 126904313524 470551424504
459376397795 750721490956 -52512251367
523433228053 -119997185833 -86952283280
106455216807 63053659638 269664347671
236932414119 25517391011 105264365277
-249877985734 -177518464679 -590316986691
-266673759456 209760439568 148397513860
557598949932 -531983817851 -93001489616
-55234121441 -242635503187 725766541610
-173716771918 220021407873 -249121643594
599454550263 312868099926 -419445476077
379376578827 -616938880544 207509533538
201857362960 541386870724 524532619920
-451148784851 102790601534 -420558091653
170946955131 301519985268 -165883747586
-349864651898 218360258743 476947338706
-265782579548 -175583012071 -109288303837
16365296114 -25712709033 740147488004
158238972038 849719143668 -21389376890
-477910778240 203161791346 386636947934
13537877633 457281798240 17294761504
-456080898177 -21281036596 277363739064
269205316128 53324231384 262190868510
624570711384 -42575941697 229342505919
-274846788759 147735608545 -321969364963
108390425708 813086729096 -342299671812
387930295101 134142634921 -436200225314
-450276759666 -71310898732 -205030681848
-207806626440 211464289203 421048795976
-573071508772 350576885923 119990185205
-59175791269 -349940763672 -269816708886
502386113323 121346572794 554546390025
-86742793194 104907830148 280214613097
-511775963737 -87386908315 236583790788
-427288108618 -331956760319 73191209018
7754136050 76144898346 -332171211594
-297233675769 771987875911 -192006827446
-632382894798 -63301545145 67074420207
56837691993 378568975886 791657240994
-171965606617 -209886745536 -156887104198
-185449270192 298380479194 -368283983813
196632263854 -379382829945 47401800689
-167041013884 332509129044 607357534602
306771391489 573051827159 -200484868669
149463291646 74409404273 379641058545
-464292357285 5902377977 184722029372
-733285034595 107509241315 -45608827401
133515880616 -478234126883 518622767188
214206127211 413860165081 373331502337
-152880751211 824918983550 184304143394
585678030558 -187000816113 70346481020
-462464365148 -447789145761 -62937800548
-476664243565 -105454067410 663980799423
-160620067045 26298615192 -86309608254
-172259264031 -144126883696 -242739333659
3511739245 194795275419 -312083487495
370192163627 -116165015678 593703504155
-744730800610 -267250193520 322287706732
-93452808150 172875165478 229123377909
32475199066 25187081480 411318317994
202302315473 -300701868017 627621176026
406584814789 -377711100187 170693257805
-85465829037 -323790657253 159776383596
-56094890505 -743836351303 -467855418118
-467866952863 82685707796 -83598081284
-181868646611 346794143693 210152463707
22353473162 595956152226 -452633230555
-669298881945 230373240907 17210441898
-155116773020 153856355881 -249474007521
-397136903274 -593742987103 -602934458555
539017801772 -89700692606 -248879970413
-47833690782 -264046740492 409878423543
-209418094801 -132396555850 308146227924
249729296076 -133299506677 -198870512534
310761899357 791570589015 144620905017
-277006184387 -255110916141 -280246273065
-211254654250 417496491842 -168594520074
600045453706 -283593009306 215498514098
-509204612956 124090562089 -46990197728
10859137370 80958613654 289568192209
316606317412 117832865704 -836705325136
-173058989601 641384272030 233459900520
-192721586047 -319292083657 -223354465358
-203733685447 -399143927505 454759831973
616748972559 -30265717610 190017706847
593605934885 8215517188 -50151022933
-139148062975 416218777340 -541265523973
86601842199 390984828820 504367670428
363031952062 16498202301 -320664598056
28559313041 324694393937 -461466082520
361460426106 -181471604161 5198901079
5560190006 46251379643 -34811258566
541793042486 -522293451933 -31453657488
-670551144537 -138346702562 166666867408
-123204532919 -175822217395 -831469649907
308786502513 732457070285 21996802577
-121625699969 12858667449 -255376950970
176212632808 402178452502 123527968631
21577016742 -544875617922 -547477307031
154198118354 184733832857 -4817901559
340496515511 91326992923 -319337325402
-313098758136 -229293944638 -277893676713
-305734069268 -502775125118 501161914075
462567171117 -321016021412 495133213028
-650612067483 300808941374 97287416253
531104060864 -492050290131 456055589004
-2570999208 -212217910468 266297366289
-349192881458 -313713079798 224629751897
365071729597 303869387025 312422194032
-419341826452 377682832063 314902934281
-306206763384 79378687980 673044883396
112663859927 -198600147232 -3212179696
424741728109 577676599344 144461996738
761600610595 -45458008667 27288805387
-320737299154 -72054333966 416136186505
441214175364 294984422114 537866762899
-327733081495 585233954672 291564117940
39468564370 79782253556 -330692555898
19732816330 -311276883255 487685733919
89457091431 442337663864 -320567218727
71157928612 514107028263 42631239301
-265795943924 230306965723 -263155106833
145087778676 -257276872025 367123144243
-192402508613 -86713724596 290347951376
279611642017 46808174056 203568337460
-40763191277 403183881048 -177844647645
859294039019 254909221147 -206999260599
132809490292 116836473088 724851873029
-188187175523 793643700323 265217524697
269381544389 -750174561735 56090726574
-429966433062 -171861233384 -273415535470
-398441836906 224998528968 -208799379048
-168261873260 -57802602727 -106718180269
647107789149 292166384096 -249690147675
-134514114436 -328598897758 -668618461205
343967744656 -51895250203 -489850831125
-18388786507 397120656562 -343164933234
-319301016105 460880640350 28847313059
-116445061982 96531341485 -262097447217
508909591286 266281581823 -68842004888
648270782344 -43665641757 -281309044683
-275276456760 533292250702 -183374603070
-97628738770 96880917163 146020327619
-97979856445 -389934758183 598950420642
332166944113 509531661396 657958184779
-117495651884 -565635478343 556334828688
-178762357165 -128321064016 158108116955
663088134252 440258426165 103902509730
241103743861 -364984154923 -227269075161
-504245811918 304279816956 -321781342620
-260050086534 164144496474 -104561130192
67015874639 328237404722 566091430047
-360611825324 330575072303 410012985295
-213853943111 -377724066791 628530371389
910933623221 -98851430555 131204831970
-29840853697 -632082065037 -218346371902
-13636872843 394070059140 392501191779
-90502950449 357996177086 -492268864242
-184962744224 -365390626262 -258980958150
-264397877801 88297210385 253621408179
105269870684 -152531982421 -110810426251
-147728746074 -444725672905 488610127970
317197322684 -136696778292 -128737578511
-578938565665 285234817689 -590631809879
-125753882792 -239981388920 -172853878708
-58586228897 -6369465309 59637014017
-658543187444 -377651251208 198512606974
252681998177 -675443809796 -550433155623
160057821009 213770251893 141498738938
-221223416266 -285356354088 -338792753793
-402291280950 48083572246 -92964625761
461013206908 -471383713386 -366694851831
390422368141 -389337153165 -190951726136
266978138742 301595226683 -71720700583
-501038267014 -588695722314 131795237878
-238913251167 -71155793057 -193547409435
211808662989 -316050970679 803539002751
883952290792 286345527398 74562922185
17691715004 538768684647 2867082624
278972023690 -619580798096 198673223465
172858661252 -143589066342 -713535909952
147410448352 -65570397188 600041149466
273611200639 -324619038333 -253796746081
-13711601494 -214508665112 41297796264
-117596371710 -259894966471 140213867395
180060328089 281737290235 -66763648885
-457337171922 -459246650683 -222232286588
-207461309040 -300601783580 -74347549566
-57333170792 675128236021 -330920527405
23709008484 33353692354 -742581733275
-348442561614 -59548770064 -345379007653
670283364433 -339479753237 -125306723448
375285994600 -208930653795 -380399011485
160112271546 63275300046 -186736386191
-343725380973 -374100967514 351819499261
-183704829488 -123245396977 -494664714992
163848717608 -306034103550 -254332915490
102743318345 -663042142239 -445635889960
281574581619 185103514111 50289802327
-744890658454 -135511079657 115034456603
388484914515 -504922722866 563578577492
-145475763017 -285723615638 -680431840529
184821587452 -454548370499 174303533658
-587909725923 -154314323886 88649975088
-482508007503 -434189537006 248405946315
145664601829 -380347794834 283056614176
440714407327 -546744474486 20848961313
-203149978629 130692701528 521405866088
330920959112 196824241631 290940978711
378920169066 -99842469478 476111801813
5544729776 -179124192565 -79704222405
295684416625 359098892703 587144686972
713931128392 -129689590666 -54480100498
-121972003952 383245704901 128157748982
-44250266558 588940348606 -123142733943
242540936945 -361418596701 -241850511632
-428486253212 -433385733126 573740021954
-178388910400 309838175036 -190844394327
-553080469437 627199502527 -323622092145
178414371256 238829201474 195587825692
120700002022 46088106367 -375441441354
288565250563 261649616743 88736389382
-261397622086 -588427306693 -475994487359
643832939063 154163409185 -626887238879
-223068909820 -113947419280 -228481456838
347616328495 -251467533848 -110921397384
361992684996 -25550737840 -606329949607
160435700967 -494602573822 -306035749151
314189518209 123016011847 98040242156
-405187502198 -580224295640 -79700208437
403772144078 -524044599315 386131104618
-531344230766 -172178062503 -284373629995
118886369430 188197591602 -529596971627
-282431864230 -526940316386 157120722723
163739253121 117793037548 -168155089550
-172629276906 263842932612 -444860630337
622706885577 -12056145659 34917252264
-110337128126 472496556181 -494653902783
-525374192604 88263667667 59215249982
-194142469791 586873286913 675263641972
387263920074 251468753546 209157438024
-267007161499 -62152987245 111590931013
226877523107 231627825500 -32905683740
-259134580778 -262045946917 -633974585342
-249534490459 879229280186 -239814248066
667098482477 102576055502 142409810460
415403784942 -13039983296 -701933414956
260392672616 -165807212268 -60456376751
-249861038408 -250178798527 -101901840131
-610994380366 253043273769 -272424809538
48337574241 495534045484 559397153079
-315601023641 97066519938 341813973293
-190433260035 -41421617315 -359216472760
24705323610 -320630355654 215828683677
-135885509432 219459138696 -463692120470
545279231527 -184330294084 -262981349136
-414820260358 -703088654332 190354113058
-79285679642 444302628037 -20836168001
92281653832 210991974571 324316401471
-256444011184 -458376319647 -438566363361
-202151162909 -402371873094 -115779179946
470267730439 275662399088 -672583223557
617378371363 -533834598969 106842411617
-521481199368 -12333786379 -212360333381
-65717735956 -157937731724 423980008416
215741116023 419049645912 -260595705433
111654354643 -290574935412 298501100550
532308766386 -108881754788 -295510868696
-439841593385 86378859043 -351131104700
463623706246 -408923205176 281898977691
-283305252818 -92006099608 172830195048
393714988189 310921134270 -334561219030
-118133512231 -669545962219 -641169810465
