-264777170647 22481594412 321911083981 -187921019041
81003554239 -215354891952 13610997583 -35939398421
446706882733 99906494549 234351270682 -176295574865
-85807614685 -104400398637 226109388675 221021701834
-261681858106 -109976039645 -332173179995 185535460439
330786376172 487398882516 116124067594 -351338859510
-67768930802 4743011113 -99031939314 -40885210165
636228793141 -189997484836 -43112870150 571299809411
4298349648 -234957195157 -307497919439 -420039214023
202353775967 -547779245782 366785098782 -373950622392
70479862831 217995054459 -316094067398 -130766091386
131867762083 -442928802394 -406255546233 -210510468070
256559383693 217916047458 -400757842645 -140923443019
355047510250 -611322502085 -34805614106 351705336737
150483599933 -57981636788 -53063581300 -240421603978
-123456151173 -98772983298 -104264635703 -396018493004
179643487982 425392599762 78412115764 25474882104
-344482480875 -340453264541 -342082571985 -61525843606
270454002399 75716146803 -236135799555 -81276142642
-231653200188 88852669656 -342739879251 -101972866730
337571150942 -16919614863 4296773245 18394478696
403636239789 -137197143565 -411905357923 210505601892
440242087241 193703040128 -127096768568 -489387337239
-134160522034 -268776117180 453872527326 -86976004344
239751130366 -300639607618 449174117007 -412561598984
110166936043 288819723688 308393079554 422266096526
-70143730918 -79635696173 505375154663 -44647176284
-86739954528 -134242950474 425323568708 -385743851893
-189911001853 -87801024975 71876627152 462916037160
430276464539 -462444508504 -275718088331 73007742818
371383707986 -243043642266 -40643743614 290749199776
-10291970391 -337073449642 -207281536151 200591534532
336139045560 207635283971 -27567382913 -181728585393
333624161760 578501741604 -247835486257 -101128995860
188928577560 -327469604171 125294150063 -410542551398
186245937507 237644228132 141519457172 216105464136
-147270710563 134610028286 243212124087 452895902300
-451245256332 44006132409 -447990972804 -174866501232
-329140076655 -140854974343 -283080789526 -103066770812
320963089216 153497139194 68165176427 403796207767
-156851604208 378013236554 393839643422 174493955180
-239111795300 179399086086 -243221045379 118799544307
444219281113 -157785655181 219547601045 117534846231
-56385681889 496318646916 -285287960523 -377731388552
11822306770 217478954745 -593678849452 410452804524
-207173337419 147729287043 11682873120 273088269879
-87202276336 388846955110 405039126041 -110746823543
-111514098581 -76506358992 130034096093 -91350990333
479903811139 -131527153698 -140222127913 115065220210
234867669531 315188285802 275171651505 258427001303
-487909747156 -424883269624 149223979271 326202530394
167538362085 -82383377931 17055585971 -431045853140
458336166774 60692565749 86278294536 -425580833097
-8970426828 -302165767650 -714527059413 -196883795244
-297868849323 169858694164 -197514373998 413491945660
-250336571940 -144884153195 208934116608 -336525700398
-522078501771 337686424907 -124311791944 -365876928452
-198030445068 -384372828217 -125789942610 -55373618984
115302505691 -147669174862 232174601861 458454031378
136463403626 209519500751 -111098949521 -220886538208
-167275958022 23207237258 269203577239 -167651157178
-15050479794 300906596612 -342200976641 128717376506
-299038306515 -584207563199 30333859650 40968628050
-160449227417 282351472167 -109855403041 219393852078
-389074112571 124841827834 315050414374 -74177483676
79059196735 194947846600 492826707547 -93695595111
-233541801686 666000901097 128165614832 -6070270747
-224326142777 -159377800251 296432264265 -394342030910
-444303812615 -60392476875 -111334245801 -451505537728
171018399552 -108414339985 -78817480352 -245025328815
-325385931485 154802047639 140269049368 241021008861
66251588917 347242234237 31588260692 -400845666905
466473265774 113150912535 568523865057 43159305673
322372075232 34057144708 -87345123506 -481114976554
104783636299 388897908176 -348677338240 219564178359
371834506593 133229040822 -370100716667 -196590114681
237579668709 116050349383 -79449141128 110672847735
157357971921 -369692883425 133534421931 143445756345
-249139562692 106935273899 278879070567 113543695878
-378033427234 28508526502 -150236268458 138866746040
-441099755666 155362475475 181960808862 -83679744449
-356707577688 111801874685 -453955931576 -96681859285
220267432286 680118825613 20356305751 404703441825
91823588428 150309139540 272256243654 149374556444
38458936058 -573015421970 -15666041331 58999418987
359060915685 -134236067164 -32957837491 215124746358
281791049270 -70987289848 420297778559 -309843411099
46124376486 220724816435 -46924896933 -402012979419
354425043160 189369580020 -85030441606 -295278607494
272218198417 24933434578 -631265052864 -13907072195
-67854693212 171328191816 4733601983 -608782978431
-192362013529 -153541354292 265973745285 -411609375302
-143616692051 287885417611 298001448078 -58191241027
-390298029284 -234282094269 185718890305 -237166359801
407906521385 -405077895552 132745174926 -54102292879
-188864856725 416052871394 -213503506432 168370385039
-5512841950 -192115946247 141467856446 521569506811
-285006182572 13445039836 -327351883877 -381163886946
-435847476683 -24975134691 260148806790 472992986366
213174555943 316054296215 123236394946 181039176693
-359977206439 -25371056952 -210489053653 97918801848
309264301978 378712238738 357026810586 -178599478114
167660552178 -408298791018 -294782658964 156086904958
-134080190208 -230418991055 523496844893 883019816
-373082728195 180222907909 94480192827 213291436436
351246664520 -503296378574 150393966865 38813730543
381551647292 -185792053597 -329500825822 -153736782195
68381969992 -76657887855 234565229653 572483083889
301940836708 169778073760 184539798842 13962065819
183161410537 55516121971 -126407374574 -84749068429
432596864551 321856418249 310130486147 -319193681365
226714951837 74470109634 147299158555 -91605725091
329561427275 -163886403721 281104189385 431812130246
-58869013873 -414187675452 80420465222 -178617572541
-203955473046 -401267776574 149626564911 113879118791
-78773135940 297167071101 542226857055 14388397847
-253064972596 -291614598435 484836770993 -502427493489
-372833317565 -105676991162 556690361702 381247824264
-144844171331 279238728708 58985336179 -62439436804
-26011136927 -473454537898 -554063740082 408778685234
48645028080 395965824525 143923268379 52687467479
158881604071 80476732254 274904290060 -88509445833
163293316424 -179129089449 16364167600 -342556402016
-181998461698 188469787574 17364140207 24675425501
369493931862 179827556351 -61859235689 159064024951
421370720045 271938634662 -18916324327 547112966889
-216590300785 -241290330975 298533351215 305247319357
573993268854 -299430596822 358521994792 127251232661
-83709697629 -336639744003 115768410957 -7384339126
-233398928934 297204949333 -218007954283 347894308782
159852806686 -228139280189 -304567791175 511784354025
-193333210249 -352933339427 193023575905 -388339008333
-176032008606 251537691224 463851603954 258463493995
407331546606 217317967225 301483670594 9259528335
494901785272 -68605207502 -327761656481 -397136188878
-3910009776 -543857318630 172866270469 57157783502
350304212869 -386791062488 221471002959 325353855008
7503792962 -166345098411 41286783957 351042765528
-311581289496 -187098714733 193717282090 -236835827614
187239638814 295315660230 439417181566 32728724358
410836198330 50801688500 110348506819 -205080340603
-226831262716 288035194632 -346738579964 168217373526
-141669663228 -165421852632 113344211866 -52846424306
-117235714520 242755364520 382737704372 98690132872
751781270386 -129540381179 49391554425 9149985070
-209449194865 -120047572365 92340519471 -234692901303
38217921314 65064791874 608566644703 173362347851
19878250453 181086039900 102386057904 -59641651835
-171104716137 -244852331707 -358567709952 48664775338
-411605303319 6309927124 331670379828 -262630468423
-193482356414 286401838190 -411056448888 -47299130244
-11245754834 593284478016 -134835985720 49429842198
-246057215547 -194561320400 119918150830 543924957275
-62511114116 -295845158491 92314463091 -655225649942
270931860985 124919719796 112175819452 -210606372492
-35248890763 -487712780366 -22346328851 236496408622
66748239408 35144161000 -162485302701 -239716268752
-58692684678 -88913156494 309907051091 45455090496
-72872556308 314872528663 70136629003 -358741614737
82666304354 -444223143327 191046935790 -225884630719
288705008471 400913545201 -26666049606 -513491625573
234939209619 -617172248619 -259061695583 -131818710129
274426280250 65601875365 492960745407 -126514889767
265836712513 153484634307 274341834455 418017001124
67731598397 -63477622413 4240610108 161214156996
-334443604267 98087603211 404699324441 16935021629
587710757843 51665232170 108335373080 359106500808
394032043776 236952740021 -381621852906 116343332
279865107785 -228953161795 358983246226 -365680445795
-270995601366 158681481494 119815252587 20777232431
215378251371 -314649100877 -466847357010 423849531226
361767564582 142119228075 221298717211 390876233324
561539573617 -79312995213 207094914669 -426406457313
-72511420688 209274352512 -177374692812 55400565108
-463390085488 -120622334805 13233444818 -356478094590
61848069617 -356747882649 404181200709 -190890286210
279772553377 -226662110781 -280150512362 -276532794862
-24808481969 -30886380421 -89914664767 178218146610
-237775004562 -457745179101 -330375893089 -156451277361
221356474583 346221104965 -254674866412 -394753463335
131675157921 -464532454184 14346612658 71955215825
-91627162632 -257280714472 469099963476 158149557280
86327011907 14891568518 19629671196 388837168427
474232765142 -76915985434 -230973013666 -53075994806
175243120876 -120979931862 237344308213 -173906616383
521962302694 -446287884136 17900869891 69864248242
-255133334426 -333802171342 -426443065661 -47843839407
269075288217 221944093513 -61724824927 -618508993916
88276632625 268010170332 -728306237367 164926848602
208052752642 -51257210889 165547169984 310077534788
93483375532 658083864357 183437372500 191417978936
-113485453615 -63655610985 -291831272998 -62736072669
16788543139 -3689051330 62907678232 -477739642230
396701304636 285394284748 -152324189337 -31722827752
310887477804 -162244918010 11794145783 181258264070
-424130963915 -219134495569 131873581198 -149402491872
-245668079468 331427202031 101814011368 526849838767
28727684953 -310959374309 63426389380 240365879594
94869787358 273899814890 94942739437 -371580694946
506213441573 -399478092291 294145888580 -40093274911
27570720188 369546600067 -112939995436 -335843335544
411028663517 21438733932 -236149061755 -161813741166
-123241332038 -213339524081 221330688851 -268955236381
19410599572 -272234229771 -665250366461 327713249684
-333740624235 -356340491011 -404875387194 -407580881924
-201910011232 60776087907 -73965164932 -111193866327
238213060693 -233984843397 108658120657 45534180987
-315462663380 -262232287592 362513135564 58187320604
422981417284 -300330143875 -180162933102 -95873096300
253133919721 329106611942 -284731431390 39336243007
294606619901 187745397140 186197621594 466144056604
263961723713 16339344032 101222616374 411324325066
37532302089 -172620032465 -204119004084 351205148963
31542044455 160832029301 -585360280075 12793237279
222024296156 91021670203 285897168959 -274421018356
83082153341 13765360074 278269746920 491263486588
18666889660 149536589830 -492601485037 173597389046
-528886162663 -514427416306 -137653456722 293293033826
421809699469 -595049984436 -21691125046 -153714482759
229122201127 -80213898817 -187364174967 -69315659368
177343308995 -233068178046 -29845475366 134305380854
-811379927287 -103655063682 98118992199 -285876004334
42522907324 -309070787258 -523811398446 33326174176
-105645718143 540652349650 -429342663236 -201269458605
510584247753 159236809240 47754591292 -135212151894
-98117656651 66032354957 -433276482393 233393753624
-81342317769 267400487471 76891388915 45659886763
-20491129579 -303586406573 186398858655 428789684100
-148271391082 440914302186 15427287717 272317356506
109940153124 57635353683 260683969063 -244226482329
-55014786416 -259718000272 75096367094 79408909269
-72128334048 -49493935700 51908863718 379004270398
86733021458 -374474583341 -356482898573 -407143341360
-38866535025 -13416184597 -312065928901 410408897324
105249843576 -133976852367 -132941678416 160626828551
23314215385 -435651984519 128132394325 235236348127
2285106292 -240417682379 206444528057 -697346721699
-422839534573 -172626085604 -437805057379 15156247944
139587050124 -169757980023 -318576737715 -26525231664
-218272593857 -235824000279 -247173421438 356114824470
263042006319 -479899481584 -209366746495 131511799697
-617285912251 120591873337 287359512117 186036863348
44218073106 407966225628 -168437521864 36142819845
68844643139 248832569319 -239270172596 89875261060
255573682401 -138254596782 33126996437 -126727724460
-151477776511 140264249324 -593675691853 -407330314462
444141546070 328995438841 -58741698612 248097821521
-152620877282 -346666826 -484088184033 -25220385951
233148546591 -27654103261 -14627873660 -85404738707
98110936752 340621661366 -142235018827 111341298453
-183800073581 395766608238 -1673659646 -122548857873
-17602300468 -78568515757 -275037248451 -584945833777
-368536503117 -382954195180 -357488412741 375720612327
9411553279 -78050592615 451190809659 65145511453
-342727716010 10472473296 -145248577860 -238140537309
407558449062 542127117154 -319262455921 69128773812
-150235464698 68558294523 434999906559 -262148934134
67334523072 182524326329 127437987720 412704634406
-235126416947 103199651810 369025098 417074086276
613813967025 -474325797623 -98505293992 50947380097
-67595771988 -250215282395 -275853906 255475813961
146091044909 -158212837355 -43268727532 412215243694
-421013807208 157043035332 257534840089 123871001670
100154010293 59127839065 156248445799 -329680449550
-31055709522 -300775356970 -349752665758 -324546992756
-615555295199 17377169149 -127475388228 -111554872505
-216969873929 -457362600047 551155449984 351716738126
-240880547143 277223453615 -216456377274 329419514285
-241966244170 90217638303 441225438302 -372272878892
-431141737383 86893071142 -188935389240 -134082621950
-55172638097 337304999995 -143603192229 325440604373
-165387436287 -78616346984 -323995116615 146848898186
-164331186128 -609718296117 -249431742585 -82090957966
-408350153459 388697590536 -144423363324 -462001997049
-328198878589 -212333707551 -106480061431 457662028452
99848677821 208024073360 -363812462970 -381226080721
-266188252857 173611186432 139891950862 -203680348986
73210014125 167329013737 -315822719746 248837518559
185272497309 484701871942 -57887402827 312183216914
521929103878 138723809505 109219491294 -24318660939
-89391998921 44936874174 583561384395 -57544053475
489290511302 101272357338 -169131134461 -90101338975
-79704876250 -237623584880 -474317376912 57206420179
97173387726 -282436935402 -11685837345 -419777926517
-181262742847 547348312701 39882054715 198136952298
191223062140 11547413708 324033088431 11697908971
