# Packing of N=12 4-dimensional subspaces of R^11; each block is an m x n basis (integers / 10^12)
# m n N 11 4 12
-553374940097 -425584854090 45037049622 -385008930225
72408372576 -384099276903 -57994681084 -222889652298
-543919556983 64573169861 -247923257029 367391854480
491596184468 -431282495706 -132400855874 412246760766
29996043522 636544779512 284228959360 -76030233724
-307282941211 42232306310 -104655210867 581375192689
190481193029 83072165324 -311840691650 -170383592209
44184574422 -172824183685 699497487948 315958519617
-112570978830 -152458834105 478600371044 -79403003373
52421851670 106865585231 -47118325703 -89815887165
-45163085517 -52583605257 -77805746701 100768863175
-222147741862 11789166394 -347932203331 583946576611
251481895960 483847249147 54860849021 -142644287623
284528278173 -234301054809 -245524833078 216777992297
98978888962 209179263511 390967336255 391520494148
657200358870 295895155161 -283261170271 42443899852
-31314109678 72666135459 -280129436031 -114589303811
-421973761390 247941192759 -418170980881 268626598326
-220096540481 -108610439626 466946346598 78894158429
211394979202 -558430994486 -78846202602 1271168006
-176661093749 433040995594 93010226873 -123949960703
-247709241604 -40309481032 -310342858980 -574191665056
-322994788384 578538071679 -333805344068 -446780569065
209063808956 170474351234 166414500710 -277651663667
169283711048 -167076085705 -94453309039 125642703459
-363225195038 73508495075 259511970377 148346897813
-222767646877 -242462157687 -212278831443 -370148351710
-459136930973 250383454625 598751907082 227634029818
-172532817285 -339569248361 376852712786 -662425555146
227150611414 160399925205 271074215288 -27777067052
129861413037 -125368273430 277472585017 -77176001434
-291589667670 237713903728 -224511384599 136372882049
497686179487 517855183637 195321716088 -180399146951
410504753922 -36084755465 293880860819 283938213233
-292967299918 -267472145769 -6399171796 694399837242
-408189433483 288698608075 388023389725 48994352013
-21806409172 -96797341453 -8602844922 176325731254
75558593911 38891320961 -325390485719 -231685956691
-77458033146 -632880995693 -294512347044 -115786287160
2696892305 -154689335566 160505827929 -646229159
-513538698272 86680721427 274854594008 -399818130854
233934059510 174491120464 -287571200757 -231253888019
-91605351401 596656484751 -463272992129 351110261263
-489905169018 -120418397961 -414384133607 -410597673
257409213711 -123616819322 224212062973 178708161846
340175189073 497946692965 121637434696 445376777540
-121240747569 201155227056 97856831355 -303077571630
-39805357937 148777540734 318170284186 -354908069822
405563866389 -268343918019 -118418853010 -504564077258
442421829456 304314350995 -527590160462 -132044205794
-324456484976 -4871977829 -294653937411 389569048706
55902244450 65520632185 -512370286848 80764435687
481937904669 89297364436 176251215942 56902596315
-244513506222 175597647692 -355603686898 -274780840325
202658226786 -682955976479 -157758888872 206971574538
-197766747442 -26188483458 -147006589402 -340587764292
-156676361550 -331741393212 -431324517207 8676638167
-473780957763 369228101622 -45485463166 13555963692
-40729105915 178728283637 75084696043 -551712545614
246515548851 117073088372 -294413358197 -281934416321
-147367159012 155772263206 -506711136066 -162473667166
-143067670265 469050868812 -318537603679 -51588278093
602848829906 -207009550283 -383331052015 -170039811615
343489346621 511887335408 -201741634232 550536181872
297942052393 258687045237 348086156383 -276509567610
192554179724 302006973420 175879572565 -249693751416
303351123269 16532900680 88732258264 59189717574
-74707372085 100319328162 63068664005 221959425978
405280360069 294114216332 174575025553 286899353020
-295188695806 -460907968092 669436470562 -183520438271
610736374083 -397840716398 41673358228 -264653469471
72073276764 -106401139381 -542872208624 -293625440918
172833747183 251857134686 21999867733 -672966175513
92481255905 481539000656 396977507744 -244819930073
101370600487 182936312952 200514540464 -129039651565
159563260589 274337975611 47822985433 270609326371
445706374976 -342178440735 111857694903 268851876186
-370291769241 -64188991913 110522904845 -81048462692
-167605463 212827128595 -322984508906 -627483933305
287531469064 330158684352 123144100038 -57220755014
-695713767967 235904914190 213104056462 -345876752821
-157931522449 -453264995928 -132713850144 -289025037551
8892487388 361572906047 378538018327 -90620353727
-37926473050 -256669452480 -497215458484 -73121467981
271193750861 -144860164002 283391866868 -410759344543
-102604711181 446381823550 -203915027704 249647628490
239058607858 383843375992 -433133447949 -251252282929
-358481980262 127625364633 -324443838436 292439669084
163525025267 -123196721633 -212449487746 373237864778
-111004879347 -205954183407 -71798918499 -261025567202
369654756299 419564629931 -50012098753 -528234976429
115103488333 217328402421 -308091306129 -32131245484
46910263218 -307887134011 228575068569 -451257018063
-129388523270 113406977250 147748551617 467194290741
274313785302 -109246727562 179500394172 241694535738
504014110276 -487270412673 -226371374492 46700172966
-574921995785 -160231124787 -618192631591 -124391454407
-46559777072 -579987315774 146678614366 -99361139419
360722439003 7556241850 -539510273013 68177092452
373083823072 340177693651 278680654910 -26688769581
382865946839 -24764985197 -513813480916 -229951739804
384924480077 -11870581768 205989274733 334163128198
-300058601568 -7408360250 185806699323 -207390958427
177323090048 151508778701 -457167371642 65836878346
-34116071695 194657258487 76502932747 -223957696877
-117883021943 -743182108053 5907420408 170911673074
158105806645 198602787722 278204194846 582256064212
540716868518 -275360954544 349656283564 -527265870280
-285578659588 144970778550 375987506363 -258555814198
-174897020256 366088492705 -159573779030 -155399566253
376361553953 83965935244 -132048022185 -627108596768
-105915905798 129861585314 -71884875388 289157064305
-557637219312 74770568818 454059606625 -326969885488
-313558877522 11993923511 -232268945719 -304229166046
-223128595717 189808247549 144643132781 -411568297057
216311698478 -191633352811 641718772027 196165128660
-351405783217 -105595364787 -340961718319 175154555894
259504642656 54395560200 -121334370763 -58946835018
-119364387470 -1682849190 -382856494934 55995123382
-82549480315 -938681025620 -55041394848 -181449959964
-359704440771 48646969004 62981767465 213484655341
235875304523 -87882182910 181284441825 554516066744
-403533307783 718358246730 -345120687381 51817265461
476152174197 483210719033 -207019945058 -132299646984
28878926208 -88289672080 -22089343689 -679883049061
-363628098711 -57293366838 261605358971 -177004817913
145400883358 167769095355 298265155267 -20987376590
523064303731 68543744525 -86624324 -209998662107
-96457847535 -32239623317 -108748841055 -60338289754
136944113255 126761094517 426775825157 -277450530527
164050076700 329628972541 340776547267 222770295903
268394325186 -270296529780 -580680997458 62976354815
