# Packing of N=68 1-dimensional subspaces of R^13; each block is an m x n basis (integers / 10^12)
# m n N 13 1 68
-6279957190
-147419928787
220888420838
-25582057716
198231185220
-37248578873
-644902509704
-28420792370
-329263925055
134697256639
-94857984033
-545981183682
-194268292202
-92136484793
266186152440
26821604207
293876807063
-72566285011
-306438549393
-135564653147
-126201066014
-21741952514
231071992526
461073542479
657324418281
-39581675628
222189428167
570372937521
-108714776938
-133650349363
-284653982911
-341782653522
340597023171
100017308090
-133655527362
86742225513
477803581412
-134227294059
8422745256
-385686617454
175402625457
-208793943373
235291680022
480664377991
20714552010
-216470511112
-376282381955
-43107417603
-211947117575
275578320333
100751380210
410771633862
297523454640
-125589693132
392823048053
225090518685
275434469575
-207989559272
-438754558266
116248681805
-78457654344
-401080759605
225042893981
299364064691
241461560931
190751194740
252978198215
214623867340
163576675320
589004364493
-158055813246
100278763709
-110682903064
300753431373
239280970169
-199128260970
389364382935
305967754241
152530775106
152009322686
375810452957
-540123471491
85715811880
-110214568738
265363315077
-385371967590
-202665619589
169960336823
71140979001
-155889424635
-427685108966
424300888645
-246314435232
-31527776742
35228368087
-378780570902
-107086331481
-562128821792
32664575658
298043383968
-234937093151
-314810755731
-194669782383
63541275017
-194332911181
324613965163
334456417259
166375929403
237630661235
-645694460307
-42031593380
-258172284802
-334594743831
-213562078499
-58684895043
-91243467556
-78597114203
536130251986
9509560566
-40289527383
-118076472886
-283194209640
398140647269
38542500188
-218586919181
-375099505210
133457870745
250426852072
-345144727602
261875519008
49264423916
4081126108
-284644723381
8225600419
-49236167292
109172381619
-76542695856
10181637715
-374553599790
-838139740723
-110249504649
72984534393
189500667941
82896977631
-235635931088
75010229168
187455153199
201907850994
114195493257
556687648001
-183513424583
90757182176
218743468869
-382182704089
296209538389
-457780344161
-357842744985
261852703049
494058659434
501654864433
289176641009
317482719901
-78795771164
-58352071255
-139564294079
187441080948
-188847796145
-139129001895
62970664574
245832489236
279021115177
460029766483
10417763178
-223306221431
232354578769
-156756813039
289802888509
574380563202
51387299664
69963706059
316064408038
14820293859
-75235050055
335785212985
-230470220081
-283740793092
-16274449061
97365673762
344337791063
160946942054
-31902600673
-438177770526
42025673785
95670933038
-624346565737
393634135947
-191460526876
158898257430
80733533350
10111601004
-301946677073
568207951253
-118528458236
-461198711033
-267372405840
135847227429
189766403788
98930029948
-225974992295
-97405271995
-391702871352
-307624209473
203953874592
-77508539700
-203302226881
-417967067252
347400143261
-456908465421
-167531132198
-163129008580
-208855791658
178773778637
68390962568
363874144058
48848269150
542905709394
189684929928
-144145064452
-84809543592
396282028634
-130620697041
-35652350654
-164520157802
-517141606168
327724419272
-29932936028
-404515544939
98165404207
266487434994
149172312490
-189410973870
48511941800
309764258000
-221652502197
-142815765941
591325564153
-267932083268
-321372618341
229313976298
209243207348
53218294178
-4616619520
168077660290
-576943926203
-151157431786
-160985602873
-372114402895
-40442274329
288825324831
-405085692880
-684297180001
216142990721
-226784135739
16638195123
62141816209
50073751630
225041907007
317842927709
17599676216
-341150688761
-40012140918
-357317190895
171185990496
117980645961
369966406985
246197033489
436277459585
-446521893398
-144675390255
-99915239795
-156853522600
-44905760457
-220164241631
-286661826361
238995615237
391883712223
-124982912180
-240667295274
43577615268
-238556395567
72261033242
186319757135
-296862463423
549464450984
323941118298
-540747516346
135425932918
-24988029252
-146167160647
-249785109471
85522116632
570947712135
-284497204521
170230672805
-46335713353
-255921451346
-168469673015
311017988249
-289759753419
-218508736061
-212272684229
353371551033
76725473441
-287044096199
-15513183653
365970548558
-65508775029
476297327462
58498334747
-289284179391
-280366813922
5027632158
137455557815
519016773483
303945032779
-379977459646
-605223282949
-2665644496
-344417769093
-242395840284
-238621184206
-89319628305
73863877380
383489040470
136203868737
-92254686434
-232511157099
115645224392
-214237764444
301777340828
245290105671
-387786127028
62468517620
389729570502
-23326430714
533340322325
-304241075708
197199204039
-87756084307
-203580776826
-176361571045
15897288055
32375118293
467331425916
-357760582267
-297467362208
-540620145958
219225105885
4154929141
119129851257
177219039918
-26773800264
312372997528
282102308143
346626724836
541174794586
27035485546
-418802929390
57669964999
-268215976178
-298324560346
-290181352411
119389346418
-266037584689
4731939791
275300026544
39271369736
28098258737
317077744091
-670745802803
-328476549644
273743651871
184119806117
-18043499825
285644642394
-178299004251
4945845462
147988795361
170882606826
259238792783
607472191302
-50459323470
182591797091
-522792517177
362642002596
202815088534
211022227416
251318017041
96856841945
-93689969221
15882670247
117088739438
96561972176
-111327504135
-51735234275
342661117193
509305703093
-85789182720
186929469693
273353934180
343682808393
-63055711653
-468845702818
-19837202980
317761447522
-218677587590
-162788242923
566898563031
-87189000300
-136558189654
-56480402653
211101616355
-155866578150
-430120356149
-290694452689
-154933502155
-279766874128
-419370417300
78583721694
242804666806
90067424936
-429636103028
235065624081
28238873802
-217799701636
-588030023029
-161025943288
-431338633664
78055868305
-138280040015
195893107079
153318959479
-25934510114
-26764317009
46628284039
-312616352211
4394753929
-365331522963
-173031301677
-233848380985
-76619561554
140338845314
-784212183485
102956464084
-171587379654
137803928832
-270231189337
83689021689
537321487047
533559274631
-137905782602
38232503948
-203310770551
-207432955508
242026148505
361356103213
-36911516993
-179501168542
86954959474
-56485667499
91711121752
556257012365
-72238485909
-37463590384
-421346155736
331896989680
40389800317
313624426367
-230266093110
164465246509
-443894569509
-312036263561
398144870082
172062956853
21802738643
-141143237379
60289457129
84360013668
-582154409288
467316913129
97511259503
-192362129611
238328078155
-150862212257
-299613340284
-148151884743
315112112068
8026296974
-327891772791
-347989953754
-300814512053
487441378761
-314218749235
-199847785080
-299857642255
7403360065
59852609441
-26941772656
-128546964730
441257669139
-309123113893
-216555667622
464323484502
146572546714
-230768086346
-27889472099
389202546844
-390964727177
48659943011
218578724922
-60454173984
197997038740
3799861280
444983161366
-33819057542
24936176656
548772002093
-305751350758
-70858712821
-225487130160
130224177864
-471790616403
-259437366327
-369414607384
409529342595
-213296395185
146941460046
-113154075749
194158946854
36680195301
164044655357
-241679164199
193378690633
-462553475961
487348384603
-52014333093
-24093528094
357875507109
188669291259
-172737671499
-567017744572
-73914934829
-441219540733
-70815225543
-234000806971
457156708914
-41039032899
44920080895
-108616523127
-58370449216
133705978190
349763586878
441406014526
37841768267
-427424827469
173529606650
378248973044
362356126583
-75974293385
140222424065
-243034322775
297373346401
-125481898566
-351673372420
799888225
-91306696664
-376937745834
-65468201202
388470272886
-384750120447
2659369166
243757642279
578321860479
75248844494
-85960447674
-158622295099
531437891378
-20286546037
33829324761
-114285085274
254563002242
122407113449
7663085386
222050756537
355529044470
85309556936
-74759701491
639825732057
-315886241612
100763311458
160744404377
-30945189828
-423812916846
-304426672211
67804785360
-146094024199
256890987433
-625308220915
323672327193
50175583487
-27342529373
-38152703561
-192003804345
-382725648711
278255201402
-301611235913
-378857305118
385619715455
203981605463
32528690652
-297249404837
-448068791566
-67480247095
-135004538222
149685952610
-380424946045
331866209764
-30597649092
-347240969573
183109780348
170035592413
236907484530
67744380857
-346931208541
31450730861
-30828893162
596461820622
-684185550565
-125854736995
304443350796
2193944378
-177523246769
270634117892
-114664257041
210943236237
100590894411
71435600643
270622654509
340256989891
238169828674
-264907755836
-231367540237
-8306876416
141049834474
-202470693511
482738861071
-41383789597
-479772991213
299069630201
-91354272470
123306537170
-403530871266
273080644469
174673192060
-269749374127
-57079840422
137063519533
-264146204095
-750819392964
-103346888798
30615668743
-177992452507
342805495744
115083386482
-225869415965
-126889944454
-27964581901
319676051388
-212450923797
261844313012
313341274792
240878332276
301751442663
543127765609
385701472287
221716753103
-31662433487
-2108456715
-205303767774
-419974696498
104149227860
-121783903324
170252302603
307719742278
-285530585737
-268111752538
455520272138
-202388963971
464606335488
151527317975
-52425736380
175573107251
-570033745557
101020587802
-143039560754
-616246862653
-46613487127
-335056504637
-144244733909
-20554279307
-242691545188
-12887363230
159475727819
174181791441
-118886851613
122418896604
294649994441
-272465187805
341493900552
-314833847495
14928591603
-85837439395
382639958827
-133770601719
209302421277
-166479492227
-599126320312
76453691361
-349207638669
-315343545535
-513247226043
-14299366891
192483519147
-21943943504
67960395970
-188603788803
168286628312
462582113160
-14555976782
427195550276
110694736821
-133935305143
-338015246302
-37016246261
12620233399
-617934238373
-45072776395
-128223601698
-120666959478
119730688036
-32940707055
-195065584200
585980245415
-233575493713
-216275078013
-22396396730
461050050663
-15114694389
10871797205
-232276640190
-121612686847
287933064867
-92630695575
34322256420
591481516350
-96509868393
-468229813141
-500698504829
-240607133928
188028555222
192165602266
27976471171
-147407610160
436434687866
-323220011588
-50833564092
-114523104421
-324376882834
143789817669
400091605123
157340061082
-136789678566
112563874514
313880560224
-236930730999
230263200450
37889697783
-88635289561
-632929247307
-52843998570
-528395602803
-110265109904
-179275410339
-47230476783
142833387293
231757934046
-195565934538
303907757970
48841857902
-42673696350
12663354436
-657788099053
-4585293631
-195555512812
228005556272
515508072675
233807993915
425874435376
103476772443
387680319803
-12124208384
-164704410501
-372439726272
-387914934352
256621877168
158152070561
263859060115
-354869337170
-8758646016
40285381496
95011675080
248766191353
178009101614
-290033089924
630935064470
59719872926
-116158606633
-58933633348
211715736271
224497400562
15746414153
-545505929327
-97391787421
-475477753633
-192549948213
120646410886
-57538484512
88888982164
-626812433442
-126621741016
94132812707
37007950007
508454336606
111760134746
-106860522349
-157902047398
-326116000058
380193367263
-55703435078
251908241473
411201332332
117216002061
-148123285077
-459060925203
-350111472004
257531990218
-214999387491
-83537977612
-60141445044
-370600906427
497441150136
-120966534965
493928877281
-308466625896
218823155021
253247216520
-118299511985
182190517624
-261101044508
-174322526594
8485009855
166955042878
85909947227
209907151979
-366154812003
-371677658195
204141353167
-48526984069
157686303013
-347092530645
-247908466128
421631069382
467644817187
-34366519866
