-536862775148
-49593302550
-417162006587
399242981712
132150424462
148791150704
77687576831
283038354264
168491748412
-93892379167
419681080998
6661261579
114088784827
-79249770886
-132183768724
-264177996773
-141646452192
134202175860
81205620823
152375746211
-267585811379
-250196103242
-42770635045
-489629464226
-446230302712
-48100826203
309743877302
338000260750
265180338625
-67937452078
-48710053543
257689447602
-316725612145
-274564494366
-77777231362
118856565542
-727139377047
-226795027907
-282023592046
-51033950007
-115028547742
1067814668
-5788159496
145788499862
196256459937
-308161067266
280469196687
95359860521
104622826726
43629375167
-220318462760
324497888532
180872271158
-22662780311
-695442611613
89516696372
-323031989902
3681927179
132741956264
-61041176967
-25596575585
99932413924
-293783156971
-100451632818
-383327533933
6959650358
369586193764
-192139976
304883023418
-238868590476
33973404007
-128165081923
321827717654
-507393765924
-284188268810
20576773350
-181786409690
-128355289974
-504267438748
-233161923101
15246583316
119874888280
-195487147132
-144400434716
108457811280
257021959208
217430470588
-175147353657
448736152324
458907184363
197759391581
269945451198
-213132425707
-531934504558
431544034440
-28535213940
-134838190085
76030987398
306816778975
243310569728
-196281259826
3179279364
-222016417176
323439247487
53452048207
89012701180
-351618422739
170125571820
-11214444451
-24899504401
-17177699889
158389096789
101377723753
-462646458941
-212733084062
-36862298739
-163695090287
-188681898902
148603267374
-676725446244
118659014328
152793711640
346207627787
101358832478
328939324066
-50189376935
177163048568
408818255626
-223106502411
149503678979
-383045036717
344907923770
-351805894819
-244397977209
-43485914789
-317729892160
204774388623
267259249926
326999565658
63650577812
365697096020
259994240453
-333232641243
181748432666
360854170127
-133195659681
292135205832
58504010890
-290709902652
-89804947080
-34690369968
-328720712441
215074363293
354173202967
-130319436222
144656204371
-156007087130
256713926452
135292286594
456342301686
333672205257
-26705302529
-294531999852
219976720825
-342276698451
-95179200623
548845341142
30922452928
286933877223
-306117013364
421344442702
149091269029
319083200979
-30437072887
-103066820040
99557007850
6662312858
-337344082696
-95955919902
-258123351619
-577910332744
-102842738777
166026039108
-174018163031
-125850528135
-20436119983
-291656316550
-374693782141
222146551903
437348568696
-174395977573
-73562887229
-28411775480
240969815294
143384889607
266858978695
296555857759
83615636653
219542892989
101846124904
341553927361
-449179652484
261541800364
-207098746070
67270112731
20337349368
463422745592
252086802090
107690295152
-225205899360
236909818651
-349088104853
-106133206728
-61184431707
427825488343
127292500425
-212116950360
557833153181
308331026042
117468205891
263360664261
-61534349019
56797793028
-254622789342
39027084380
161899234607
-85877062469
230611246532
-456285887474
-1566204479
-215008541329
228970683623
-151546632720
-107736428157
-388498060621
542604605709
39718822358
339739363825
-68068885304
-69418265815
-320253672187
223460767903
157311327727
433626464109
-120558450665
-71898462246
223062051637
412666796407
113153803552
-43965917113
-244385165991
402152078548
268947162430
287407578641
62023645591
331203106952
-228511476655
-40768767345
-239442811121
260997318217
-368583326779
-192185225945
44503476623
-39006866227
-32214512091
208834296183
604564756531
-303857001157
12152446076
-179043815289
-353993467690
535909168263
-254802691617
-285501377251
-51217396782
221489387678
146773259102
-60499526395
161528842749
237757437744
101157964388
106802399167
401702362104
246523408717
-194352144400
34255853482
-349251627699
-271751392993
90514388426
-380355765227
262559891954
1197734133
-191796088284
-560888284765
105386484848
-235931501466
-279681278560
-200822607882
30077224445
208784947953
108924931198
310398858395
-271982237336
153704101194
479923467683
68968876251
-275959750578
145414818231
125796903327
-246821452773
107265359316
-307121003442
422948662490
298930426689
104815534599
-263469880664
-89081830589
-361230960273
318432954060
-238292887112
28893287113
-180592271795
-233603964671
-94496868576
19631333490
68048566649
693906557068
-79789498202
76131065052
195815539835
-114327826785
264079909085
399634251530
243962048244
244895172030
207076057672
196684871982
77183653331
-239107344381
93377375789
509394453457
-181412254219
308457056448
167068617884
-262920309437
-73892075900
-35261987000
357146352343
-171507451595
115014283187
-378509552734
341871431131
-71667953957
-228396020557
422722437190
-29989759898
342744905677
175157041674
370836568269
-200962398877
35315484450
2677176899
83341061050
31866557124
-714247503039
419642655047
67007816169
-85504366583
372787829203
118622644493
-83042506750
215787376786
76628081609
276448462278
62737382911
12116523466
52704251768
84439668792
141852296968
-700532703020
-260388111226
-277372686684
-112670470503
130054169187
80246552838
-77191892391
-457506254665
-240297621791
-135505260447
-83164061067
115350610393
-42080591465
382346111749
-37062712306
-44775678330
675025038768
-145416213359
59972829230
-290032379555
105557555135
43672361874
-177963608953
37636298366
-473925531710
-9674011758
264639139584
169813462264
156207100771
-216590028819
-40855105637
195100729931
-489358995695
-281958642656
489492213213
13303230920
-145073855418
-146158838390
339487030201
-214211296002
-166688098804
70228486212
241255825003
-435378075580
508327019895
-210109919587
-287578310859
-159562112406
27973398770
-417350058106
-63297883521
198745681215
-120814822730
74321377865
214290314963
-228244058606
-34522930028
-240977272050
218119745980
-9048641005
-80476688621
99720824943
34479395740
164397598067
143863593507
278013526140
117750623996
238533635457
790567253586
-193496016190
-131357646046
-299630457720
-12141443370
-68659754788
-180505204449
-76863067922
70202780674
-29118533123
-483077348597
-507229381503
320462648650
341357298511
90516890738
292856870725
-229020454194
69414159282
-22410481569
267529946790
-207544857539
-26410873301
141510065456
264846815364
-188469423431
-337564149588
-191625774968
-480047193338
218582175845
18788077839
93223446846
-169539063632
-540169300136
-320338587655
519006695552
71534917526
-270155597339
-25943778211
-27006552708
-286393259670
181658313678
-80164519523
-66434916188
379587725578
-326196751397
99691256328
-399939952365
47636645609
-204075518102
-58267410598
864163923570
206426420160
-141598105365
7832617193
14199312448
17921559436
-4664835845
-61261037111
-250977959940
-167004816134
-153175724142
151413424987
-62359552999
-31860101530
-391581119836
285019907828
-37931913240
-166016889729
337561162736
-277646303003
-620045538219
-32745246211
-337163324871
-62899216009
174877303805
-99354503449
-1368848317
27531158146
128528070350
-68578703152
-122316043847
607261924093
454780283430
-295927340582
-96164474696
19334566336
64368182011
369101830451
40659059115
268114982247
247055316887
-17797080863
125532530608
-222577253744
-162843418917
-362923607918
99526650225
3280979131
-283585167806
-328396144430
40612655250
-55935959795
331947348327
397516463284
-250051091720
-322929716128
-10408119067
392610326993
273043741223
-364679513581
-218924567441
-529756648693
87298981930
-111569911832
502117146462
283135304920
-166176403869
148088357669
-222986148141
31119195818
-17125984926
-93028148102
-48437447964
-211521856982
406514568070
-420241170518
122621305129
192559061793
-228138092755
-110822660370
-489957886797
140261405714
161751163580
-96872160678
-398275982803
-1170452005
-185079446547
-93802789027
-180600949154
161791750928
186062380571
-198013597109
99684218692
175661589322
-479434450585
-41743019946
169791868693
148324289998
-19026603820
132556391030
-606387138629
-270067903645
-292540093395
-401903750398
-11959342849
-180585514583
-112939713541
173669479606
-421129073084
346878917849
29847738962
50840090141
150357147761
12447539251
433317587314
105763910369
-474973766712
119749922301
-206872863963
-187666837204
-431176517841
227061984288
-372676883058
-155273649901
331711906475
-134569053825
74360103635
590880704787
18945390263
-43217593993
132393655077
45809516437
-129815812644
149761716322
-220614622527
68665310524
-7136287601
175755555705
-498680378906
9988310243
-66885796977
272695166603
428882775520
-342718340166
-144856380851
-290180754520
-132169565736
-376262100337
320651608825
204059621058
-183551022276
-275813419647
-29633286168
487996735262
65442605338
-154154143784
-222333245411
-136857872404
-130927785397
486183603774
-354968868144
-158903675226
76032956582
124045547563
96471159789
270357860215
-34890346131
-345848196287
-19814021260
-308699083769
-29013173428
-509551605740
-132115493573
489900681359
102142443850
-396636979890
698243223
607795083
-177313439381
293237287744
373752009291
-388389992513
-305958337652
-34739565027
-240279516281
-98351102560
-16663331055
-91795533876
-16955694716
585052140334
199778718390
-158220420208
116563856557
1177354319
-122549968411
604646667050
-24262432059
203939767223
-282767851592
-148869343767
-14841172939
-12037339191
392031412496
410345000673
18980426849
-20364362974
-351387044328
168517265343
493937447659
-32508805010
129987451936
292553993055
-311362316383
95955236467
193095221885
317489141347
-209826901126
380278435364
-328848232884
-165836984873
200157776297
-15544569107
-208946232614
-310754351600
-277875466246
219990786278
293877084075
-202808861467
-129126892414
-204484720390
198062600099
584244351298
-58869124637
-21860922111
215151535659
-113944882050
-370819777372
102681186476
481853911455
236712511180
-223313443489
355028809424
-223256231585
274315830466
48139501883
-520495332511
-67459953221
96660779291
61946988032
-17203864794
261246922766
-160080418759
160128304659
-420471921055
103135422127
60780811197
-137127096014
39193924440
338397146970
-59953751359
416050624276
-146819045012
466599785585
237963022318
335081043937
-118638127397
-58808267914
267612814067
510557981036
414929708094
42702499663
186579043961
167151288748
-163004530487
-474392108628
139162445640
-15766470203
217335341418
-15271405147
-249883516895
-229634570212
-205829809111
162321861516
-478920712752
87643482634
165264762035
127181437039
19127846359
24111414927
-186835450635
-145281795499
-338253349028
-110862380718
-257766740633
56911412392
-260930379308
-453429389008
438672110023
179557839583
-9255740776
-120132203871
17578182388
459142477652
42658432295
329335565946
-364953896350
-141665128411
337402804180
-280865707221
-59442977340
-225363259071
-133691557462
462230517724
78722973382
203331191469
-230704508396
561298119173
-166406324738
-362266744765
299257539828
37804064981
123664145855
-167540008956
-232733302492
-71140213247
-138265212425
-313794953892
337777666302
118805942284
-374680666188
-367584474022
160280568890
-407631513802
-81638669772
164827557099
-5261124393
184188701691
-328911199187
328256189884
72489610513
-433332451157
43778882712
-199646400653
334716171752
-528313925851
-165985121818
223470785104
147634665492
202384911995
-156915260430
-122387385566
-354897141535
-48617974259
486086613610
96871699865
178003081641
152094943865
-14301392265
-61271105188
144891236518
-151036099107
-325629736170
307087204909
57032071535
402656369135
95110890181
27155787331
13757020825
494715204710
-31107912585
-424003480085
-19501290922
-388426996260
512074104111
-30947705891
274065994568
185583126083
529937879045
299760758890
25037569470
-226279747133
163647489783
118501048574
101151823398
58607176848
-198649033587
-44732296739
-329844060691
-68275378601
52428798342
312681684880
-402765404771
-88061604110
-102671758552
-23597434317
72901845290
301026225914
-244943992427
-154164606902
-105361929723
383480929434
585946131609
180442039472
184142135289
-372120996309
361499571063
-47030058933
-94399641009
247480736618
309401442399
-413413718649
15753120572
396605428198
155516974616
-329712319953
155277139552
189133114930
87198705344
-534803836006
-5968888835
57375714664
-33274362951
130956025737
513997343432
-347734235151
142696796003
168122491667
-262111228691
-356400204959
112551338223
199858897377
-12130042238
-100889815405
-300840752268
1049131658
91534473957
72921784267
-29209003606
187937104315
118863323588
-231454343056
597983747169
-120943913373
-9459449197
-318783222769
-171519986637
146383752712
-516868402631
355530444717
622273352806
-192438134265
-214782386841
-366742598972
-146295551220
-89838703068
-72465712561
261459541635
-292700812862
241370632046
52416253269
-55450134861
121817687224
32076533749
-71146890513
-53847404332
-7289633173
278481015680
88598429794
140320009002
-157812221697
-394664294002
-121374854147
225201032140
-275528465503
-101051558065
453537729253
327783419600
-491443403048
-343628301523
-27541954235
71044936074
174703046208
-209494207399
-337111310757
-433273237805
175391759596
-285806430083
409967477761
-145854487977
224938640174
96648315430
-239905296611
-284688684574
248426439081
-256443849809
-194450112006
26062323843
7177618414
71577848047
-149776060812
17496303599
413388609415
-548367481516
15127007957
425317054989
375611826205
53973333160
96948668989
233828965290
225541861784
-141394461886
-377345094274
-239856029791
288074269092
-124304549479
576218627400
130937051985
-42677011006
-313911529309
43974667761
248284196909
-118340429371
221328679297
148109365085
10745349626
-155953298212
-338511876510
19027711472
-82582936330
336603854294
-686577589498
345988922943
117208157265
21639081985
285520529149
-11483690044
-29967168211
-175206391721
300591926229
163581489868
206387647588
458885861939
-330666368686
-292892856659
15572561324
-167873715783
204244379955
49756903876
43002360354
428411363669
-41764656300
-50353226590
-415097799353
-64827996942
690774019070
-18789901627
108561025851
311158610268
-157554850578
49002407327
-195588574764
-268774534919
125487257543
263842888912
361656891220
-189187268639
19539298745
140076779777
91251827294
207497904020
-53814323053
-174814427483
-433675751390
-201288858671
-70388658407
381281586534
-165996272955
185237814365
-253298232668
239634473000
-381176552480
431977656209
-144522799367
-121672819322
-3376119569
140278444990
-93887612757
129832852337
476466518633
437308503022
321047994369
21701926288
229619288941
-247347187332
-129812224509
-142564261330
499892082002
-130611821978
191094241509
-48563441039
299292379028
-96115110708
-210516684393
-641141275387
72070802275
387214877183
21789631114
-205240694401
-254594311076
94739445274
277994036887
-238575228017
-34790645118
47852853411
140875067120
109713049035
624986008856
275742392301
324019731556
166722478596
-122231486018
-379943152391
-314906332136
-263951595148
-18410874131
-73320348552
161796864254
79837211674
-388459151389
-137392785798
306029560460
-353553964090
79889927519
-213449868587
-46189669040
-312211798406
-83727421169
-152331328133
-273842722411
-164279650933
211192576691
-377470252549
-375148533627
-27208092599
206112258872
127754088267
137317089836
370462892263
-181352827187
-257627289832
-403696661528
202560727996
-141644623989
-549964514469
376780869327
-90617032695
80373214604
-43997838650
18589047562
-358721482344
-255980600355
165650409185
-115310433169
450684155960
377808026471
153761122803
95393740979
48068900512
-53241962359
226101525537
111327261672
-370460850184
424512585540
-374461242425
-129630960497
-434222845681
-270546144678
235068784804
-101283388255
-16016799573
-231660220746
-325053679675
188086090836
-267400015080
200151290243
-282591062716
121983505343
-338310476088
281326438177
-216012721846
-262865338858
-240960870089
-528751063119
-164455155732
-75823375997
-194040736657
-282425191041
-30479767356
-115589794133
295355852058
364168535003
59181759890
-282133209451
-25924311395
162767643245
131719686216
63618106115
31067851630
179811210237
61304512735
-108745671042
71509564662
-352841001900
216666840119
427495631135
-253646231479
648757056023
-240887079469
-20574902628
88188319728
-394694615611
-183667741811
-111606730941
210739056312
-314827180394
264455628369
-56051833413
262054553720
-100343270458
-431415869461
1388163755
-67348331820
-551199894080
-354268755915
-356230141353
-68762387228
302978164001
-91347848766
144642826124
-54467666718
24022112711
190283267869
-318819800086
-74480774094
-134795926024
-191942722876
460658569659
455675866127
-248849910489
-477166304726
-231219509036
-317923678382
-132565117087
148445813913
-287030228647
195078458090
-279426884044
-233946098331
157888341121
215457116656
-74176689110
-425521406255
-71170077462
-71421279569
-95605108372
-248975389336
-62856594371
-59111989496
234752381330
136931641955
344363960630
324872166364
192593319830
-151389881509
543845871186
-77442381819
-115745133927
-493116264846
-103189972566
-31561650449
-3164642680
14891031662
127891169497
-355450588334
98058920575
124972458446
-316237590809
-44820551638
-684567821313
-368464544737
11585159736
333305677861
50475593340
274959767589
-172872847413
215348353076
-6678840380
-21441437646
-217150689453
-264073423337
-308037035910
575952433407
25487149973
264769784424
-59390865313
-328319249395
291719347225
192255086052
-123281227160
-409574487156
-258587160644
222328354158
232988186087
-160404430636
-629682945205
-46794628419
186807626604
-204933526179
-22543127376
-72086754930
-124858316841
107621392488
-335079604111
149262905167
236667083538
156265288520
-31593895089
-353759761270
-123677670734
-310847066980
57470292638
-126033670457
509194603489
296206226498
-101160826463
344703293695
365209144727
174894373194
426151869027
-245733733092
-251620884495
-39963084911
373854800564
262420933286
-269868260213
2701137229
-240770932898
-128847422763
-514161316427
-79178744499
187857305850
-163186640508
-67137074397
113825469691
333254791148
405690411273
23358740585
-67408453063
-57673679527
231015817474
-412345684271
92384225565
-277927638097
151498338932
-148491663299
-328872979385
-488737251727
-42255960955
