714645901501 407456795839 -93141873653 -348644333659
-76078149028 74266761121 -296039181941 214693585849
16393870083 -179995219766 -11324930150 -115023772229
283128219654 3330130894 -315006613080 287737959551
204094920030 -178486720475 475522004595 -186143724534
-114535496393 105298357441 -646069143059 -494724888266
20969265683 612565043056 12042832204 568242364462
534301665338 -570704710864 -225727598590 346263084536
249743682536 228405311594 331215157808 -118871701945
-386108205727 -1960132090 306950503980 -343277293892
-27276268440 -117514123098 -389441906907 -501609064639
-666818225600 219341631253 -107388585529 522518976109
-124845893218 -876082707240 188835519533 296841694352
223566108171 61962400445 576704629719 -132650441352
159896778469 -97442664111 -594291800939 100200174311
375424947931 -4282548232 65636074901 299532180889
202094569915 -295969999389 -111924718634 -7561896318
364154533680 263825576875 65719220467 389865425094
107881356521 -98744497185 -535203506078 -516536033305
-95990308618 923172698922 82014040764 -47840485551
-169771155842 7100731294 420080024753 50327472618
-767938446403 -123139701012 -353010907901 67971820719
23826103166 239895667215 -355249087566 -85512727895
441930136456 -67494800502 133412938299 -382156912597
270945735835 158633578251 -326945342820 453717413230
1601115151 -183742390024 230203742407 293748834442
-302178236659 41910960457 319153614071 -527488947795
-138258876080 -78217747571 18108671712 152602705432
-329249748755 152866892254 120159427487 220582814237
183052182793 493097505270 69939029858 -78345265075
357185890708 328161972461 -493054341524 -263536579344
-357030740134 -291812834131 -222846897036 -638440797388
409228557211 -246819471096 -134887883811 -361444442695
31273208354 -597287615641 181955150744 -4793667629
-579031808209 320905077298 85103280874 -402193398925
-283186182692 -117775725152 -793116643619 390429098344
178799868298 82945139677 -355779282387 380419275785
-376471010112 -562042850886 474104870648 286247274238
-192554131155 -160682508629 -598093665303 -441295429817
-312627163906 -100371806515 -209549093354 364495969290
428849815251 -597605316583 35455499884 -401589928757
339885675294 -386441387967 -384747500222 499840514512
148858637773 -114053861793 -55160875263 84559943251
607948475164 182203546353 305636078237 92298900129
-17107594827 -297756768208 35706483603 -137696124859
-14823706631 123797177338 42116279456 78710906054
-41176790958 -362990919703 331984237477 123070805485
270193251336 -234738022894 416509683594 -200147160913
228195822904 89226064289 -622859411558 -440784287814
290957064646 -113800031661 259310621191 -481884759790
20497608284 372610694469 483492550687 -231751809118
886832555193 92180598494 -40603049378 358340281319
-27962881764 772382783894 144875714174 -99677545083
-26017952070 181623282434 54165459191 565723698234
-308833035657 -92770033470 389532404047 -508669776910
-107025463293 472370814251 -599647056895 -77850116592
201186428029 224472009686 -284101249510 -737974145423
-45781347000 -150753782182 -391506772742 164322047878
319990870707 -203052009569 -92447890382 -208325755203
-72968622859 360430837020 -63375524691 319195438985
-269670116440 283704232262 284594948172 -100725596198
-590407144410 325138313848 48913473899 -3707495770
-567075524608 -581207043453 -398430619129 -90233601665
-539869621325 -352772822578 207730990142 -136623573748
216972883146 -609767118297 233560959166 -369209339877
-103643895759 42003721664 -352976822497 -562558896471
187896077290 -298493607599 436805631355 63131402680
462218636552 -425832430338 -204584854356 302984667208
211972444901 128941553349 -144998264607 82555362821
358519448726 330927284002 359078853735 -589783359361
-146060410006 -324407657346 -547366711537 -259010594929
454937735411 12659871008 -308995012605 -104949419637
381727282267 48076594394 -731480260728 446204292498
212798364824 210165960440 -222356864630 16519647540
-459619486995 -373591569367 -189274369167 410080026133
-91539240951 -250612694437 108148710194 122938178752
-130407939336 460450842967 315587095946 496534960524
447587053494 -398982416423 469522050193 417989819078
-459478294118 -182261403714 -83938167395 287302331112
-340966028926 -61312649114 -179961404637 -246614123163
211312791135 -585628823744 -92169565080 -229620983128
