-158416263915
163592335460
507741810206
228253173401
5346884951
22216392403
197974120477
38363755761
-730734641063
64022597133
-242859799288
186617306254
50457531497
-25122719010
-94459550288
-772675938595
-15693407657
-412945437509
6912163338
256089741829
-221381495503
-265775162422
133885482144
10803659280
418718268913
-93329371376
-690420720623
-115632108315
438757180116
275602447512
-177894591398
-78103993589
40740038717
71859171071
195007099965
-472465370022
-8272525481
131464494936
446183297056
125047771748
-382619548224
110555942926
-21163064516
-585191358643
-246031576254
-435257491206
-32454151256
-27668433180
20280070364
293920347575
-319233073131
-447597665528
54150537629
394111682172
448207976076
-399714945710
-574598131159
-158129753605
150327681407
-444801184970
-156413336248
-260057521148
172555314169
253961895726
-86737094669
265938102458
27793684040
-410901338028
215730513090
192965397194
415608588741
-342863008072
-37393477181
-645778015674
-157722529151
25667436440
111193660986
-22340751296
-111267700808
300416225140
365803620195
-237587177928
13234975442
-580509571262
387719343875
-406925501289
-223727825730
-58950873413
-592388938823
286808748472
-166725304133
360076746738
-308875640912
107971996289
-429870195296
177778028820
218826533104
117677023300
-155483237391
187723785005
-527041652418
195852798452
90893329421
-106129684102
158753239806
221550885345
280006825043
-196449231762
-568579352381
338433837975
54526097093
79677153884
-86341314534
-42982137327
-152522385670
298100021231
165151332302
-27689531155
509044715415
-722472396679
-245183419952
-139062416452
-487000763559
-66353975702
338780424163
118709197837
235110893203
541334834941
-239456880879
-379010978841
-70208580560
-236614244700
-615506917221
59944800308
141825889566
10063767109
-209385161875
208964314755
90259343527
517971944980
-372998469288
-135756811286
275380296631
391927847054
755222785488
-289653809784
199852381879
-92896367126
20629109468
-167532228575
-157082949583
164905587360
-236582120303
-85020319245
-582261313390
-46086831218
-402441625315
-9335854254
-1628316386
102480765870
426450058719
-290023132000
-150774805539
-145372924082
420067839107
-153626879823
353960631816
120400166777
330545190307
87023428024
-136702175961
804197295940
-88975710169
4547614732
118418966310
-180000188357
55759570009
-83185844807
228232112249
-635565573009
-99487320497
130649743335
-338402934174
-434975154993
274714812321
289689072894
-209433736933
-498587315127
28687453820
-305978885929
44132830243
240714922532
-22242332087
-89289406250
335668740173
-383460657172
367296545877
-440435703788
372304004289
-610780889380
135369731239
-428238147616
-359471380079
-193698818176
8397234159
194859584767
283772844529
-10497006102
34737117664
-178108807103
249003423114
924303097
-238669057800
-376024525649
-89507458563
305058047958
188068886228
390020519281
-48930568917
645727667806
-307576382159
364627743554
-283326014479
-78941645328
-612630714683
68369539303
321206671981
-272585108812
290484467934
84955598722
-192021170468
179287688265
389855521629
-215161001529
-573792117394
-94926119974
-300281748157
-163959947709
-263865388129
-469929915060
108404287365
-109833637415
67262595989
274889976851
-122628553584
-388783681287
138343990715
-194285675225
-384917261005
-52902314015
250186319022
-316989621266
-618707669736
196443800794
-511437984912
536513935004
89866902381
-227512210403
298275138322
-341140166062
-245807488328
105928959251
-202761153983
-184545197463
323871491651
51982082134
-388829120275
429398252481
-96210131742
-11717024247
452761975445
-523152454659
34955390190
-204003405641
160994819415
312755380551
505313314480
575609290667
60146354264
-153158782695
374473063790
-12195032923
193603689891
-2495291680
-332336459039
11240215173
73874311665
-99036382122
-227985360397
-72929105439
-244951736667
-415775668149
568155376457
-179941422849
-524515554961
204196951031
150250567172
-170913487400
-227438689863
43059179904
318598168520
101258179583
-321814181400
-385530716149
-133544432530
637181072373
333083822928
-135908606410
536506923856
-126933001811
-117551467245
33225891973
-114562819640
-69897182237
65473479689
424673027960
-603060449067
166596537624
-295034746821
131742511071
-44191897740
166194223446
-343048122143
-341668640433
-587183845682
121073440445
-472404671645
117365730902
-272356757686
-219290342771
-156819671356
-533839016087
-421995017709
98038740124
-45991906994
194877748968
-189608491322
216560943665
-595917185704
-32206475172
153736599180
235764103371
212797411005
211036488524
548219219070
260751930256
-75757246384
-523804901790
-268521466685
158689196039
-60295525683
324080150127
-87104086198
-63724150940
181015281747
-646339717869
-121470192273
188614117481
317884418055
-208812013451
-213153512654
332323585658
432404797574
-186358671660
-216796975035
-168122691026
-292979035193
-106033666947
-48405135547
-193641113290
555831352922
-114355717992
-607668886113
-248590603412
-507416745512
-229568664813
429197608946
39019630436
-135232721368
-291751587202
180685108681
-242175656102
-265520528697
-467414972643
142872016659
593427780282
165710970959
-5714052967
-171841444726
-419207560398
450956847674
-151909284808
-341109936474
-253514981193
80336413260
39597341462
119482564578
22011824555
-259214557146
-221440763285
-461615421215
-395009960851
-75876565983
-294565992718
195149068835
527291008033
302066529486
547947238856
95307188118
180388952787
-286316924107
-115614638929
-303092758339
-267183205206
227165689572
-304216471595
-478170821336
163507588458
-54648031234
300566271788
-640689247492
224079706522
-346913236515
44214564469
76538227439
4597437014
-506849029596
-79959167040
-233466736295
326171707059
-636903980070
-314164856916
463955659652
118026543308
57743342829
-301567665111
-156257389773
158966578483
-64466778518
109364530668
-225678842530
-42299437498
-561384117927
-333839468496
-338455250263
338290638199
-321178912282
-49151739049
-63281806756
408211292289
-124392738321
-364111056460
173293372281
338727001490
181608985053
-166180139635
-565346230124
-107162534990
32223312392
9281557973
111599644322
-563364680535
-321090450038
-110872570421
325509341115
-253207388580
227959199656
175747615826
663577525239
185490570593
213181007733
-298906018718
148836918120
-289299140589
-299435657576
82687463549
-387429013068
-207817109169
516627097012
-7881277456
241624294320
500922294845
176550284417
138118668765
-85868507604
292635072409
280907568669
582906883223
-484295551422
-151329747514
114354783322
-178925511784
224740751781
-366150719861
-34537416556
525271987478
47555271173
-25855036666
219815301222
149802134435
107635380289
-107408619194
617929084138
324256479962
-279494124639
249363863069
24407328819
184723162428
166573631290
-294858681163
-299251945352
321484780838
-141259676699
75557338879
-286780854502
165166126521
-722843490929
-344581712742
-157491621325
-748337890677
207662577604
118690512993
223279474230
47255369736
278630167817
218952357661
-206320428451
-137873970353
395528746220
169847799247
121521295334
-508502643600
-20993561941
-298454672012
202796901068
371628565755
24541959847
521224986356
18392476308
151753428424
-36884047829
110683582564
109304376871
-329508182072
26728053109
1399761215
-195905038986
-423636697257
-650005726043
-449183583924
166633734457
-229420768253
544847945936
664677379602
-129818646364
-200222889412
-30223954387
6431782048
-38221177045
341482708625
-70539111124
75230308478
-139812029771
30199051800
-155333246019
-218615557693
9025555027
209629976648
103252674375
573319055293
356100180289
-625915693062
167166466243
133723887743
-25175469520
-462815949775
334789226248
-500364584147
208919789633
213578894701
370374798025
-341109077515
184651095747
193457349606
-69311134059
-419974344531
622688171697
165639404639
-108439088251
187628713169
-1247073655
-149243724084
500271986330
-216110907705
-495321127759
-502966154124
-79969415614
-155317955346
36734037913
194403525723
-340529934134
-88663228815
168766442289
-75870491851
-523412729496
-31896447659
-327165949289
142531815485
35326067796
144018865177
-378122031852
-389537474854
-128695865685
353193144236
-640106260006
62294565325
-58568437371
290734563810
-609159467249
320693966912
-80957189697
180705482887
-182121936201
-170652818006
98428994507
243688098974
517254092307
-372297751858
-87933478967
155285995291
-548742871920
608899310090
-127672629368
15534872291
-306546586427
40315223189
-150667649053
-151105055194
-40923446717
45300503400
-399435147217
-192533513983
-251159277501
47172510433
-287575708025
-766780175229
68923326984
-216533992820
109819381833
-187542464014
-240647309515
-227411595748
119916027288
-329685520670
-389843381803
607289984482
80460957222
238724843931
-384217529537
-16206549801
-215844169534
464726458516
203030617751
107148489450
-487225584968
110764245775
58143328580
-355496011911
-371572462353
126354814145
388961693394
-317590128860
195820482741
255748775683
-168014454430
155072195297
-654233957957
279013949935
-273446778345
57546915709
246888096003
313365271894
-443285830052
-361669719558
-61697758085
-133442702774
431152394200
282442185783
-217783339727
190275285570
79507540891
-357793394220
409195935771
-849886351
-214531939619
-398488442188
-11607254148
513259789250
-182979731907
234642241387
-101620852051
-214018084312
-621482509374
26501608165
-136042499399
-23918529130
-302966197526
278270767477
221015112988
-334028673033
-585249330347
443031906567
20709797834
114930065609
314392280841
289124311166
-338592563459
103499304831
266244517338
-484296075722
-224170557751
-177387203245
-340127870949
-403953647075
-124048489162
331133004257
-253183464903
-169892734877
-11571053746
398934493592
-409710758927
111739360517
222318838153
453910347841
-112575143940
-93856112330
-538944319085
-171009660946
22125763139
517578314591
-204676073751
316522365747
63164969585
220088502495
-68161862524
-14102808249
632387811921
-321110722130
305454590533
-444014202228
-518339098710
-391701215768
-101896665609
-31986527517
-101694785038
-172212744667
-209225167784
-194441970551
-393008447461
85273937666
344354170457
228046603499
495580217234
114277798710
403535539896
62670087371
145252390069
180399561258
290132763503
-508818621607
226476544119
-397662538520
98737717471
34972875293
437879224877
632812205874
7926954647
-135164577129
238474561956
291731856932
-164624559261
376971768921
54982564934
313849282322
42065782271
-107211336614
378265525862
536080097082
190251477826
399838384346
295125597137
171673746390
-22506974407
604615940699
-10007785177
-317810239951
-35747614532
556586120753
-10124256113
-175576653923
297187993866
219166461037
233407778164
195499479524
-436758817389
84335923485
119137636428
204919654952
-447471472171
507803990637
79227653469
315240121534
377966913677
33396782812
-457373781064
-35418768464
-37383099697
-294912974256
213435683420
714133945128
120589130929
-91223327299
-319056778938
50521505357
-135751278207
-157666568814
246686848874
-72488665517
382078727982
-256743836461
678970731343
432616602083
37404308024
-22709838268
-196393568200
92125251933
-450557715597
-20033244656
-36713225857
94575282010
-370487436224
-320795289608
336550988233
355377583163
48839758688
548531299212
57461363804
-171390060541
245613098391
-439062603658
150295842811
181407794904
-590205710567
21518672499
-356639133777
358489983676
-219755543603
-96026983521
164973554605
315136161851
-17102358489
286111783901
559640571346
354956896566
261004944768
-136448891845
429777475225
-212142716029
188874093648
37852269251
372158978132
346742011879
183686510891
-58449142549
165629511672
-252682176565
-681868588065
-57401633276
-29676264973
-377194942003
456342375491
16106775779
120440543407
-625410252364
116818438660
430517292339
65232546758
259899952380
199782335259
-144672653184
-232830807173
-608205545842
219826946196
-170968777902
-54070173865
61033462748
-62678854410
279977190384
-69718067854
-90545806726
-444905004196
-502561097434
-119841370377
5252798257
407464691807
-14672569197
-263335208390
-248108645275
-19635995484
534354560513
566955649728
-263364538582
-108371607266
-621117850029
323330628059
-83771424987
-357810780653
178150109866
6633560872
-330091592218
-90885033929
-204213838896
227761969491
363377068312
51077433085
315320168417
265748405659
-382979840915
402307516017
207361404024
21033790986
451580302170
-89111767031
-15467997110
513099472432
236037189919
309137617213
30869901303
230105569722
664139667759
-428539461019
-54640531750
188824439581
230661193257
251228894629
-123006042007
778660234
331764033495
-286203764072
407571004655
-85069703440
-108464400274
250111707980
297777524828
668521317686
157214641196
6277294363
332011181189
-8996846810
-395039437169
10759959815
334600419415
254478980656
650542927995
320775781719
-40040120367
-18820544139
-169523092730
147152966184
12499730671
-66861660580
368529105251
-314036385598
470746973739
-133720933240
-384162669384
585877628172
90970648639
-26334669159
-521927886213
-23222855148
-141900228196
-567862051761
-195855125988
-402858905778
-97504145399
56427160637
401814251577
51109657332
-83883818400
-342501862888
540695924836
-138054375086
83687329957
179824078380
-21077128712
-106546363750
359262097171
252630904059
-522155349216
233681197564
-57062571162
517060880188
75212261992
-185975412511
122845631746
-109272502037
309914537041
-467085523661
-54002350059
-543372244440
223004675459
100684287001
15984212812
-574272566807
-63498564040
-228664932976
-458299930415
-133134609426
447341567209
122570980794
131875368630
-378425148100
-217532102853
-334352646050
382592602821
82902027128
-474503343129
-76180074881
330824166047
-388820832256
351149658525
222884086073
151893887564
35002753452
650763777014
67498143830
254907923253
-86331941104
-195117425981
-228840248068
457345987390
-292280573249
324311383539
-89912361403
550788829675
-90066306835
-601245055712
-42842908645
221220541691
-368980528535
-52500746721
31761272287
-173732211915
109495555353
306865068413
-113430890383
-174084342808
241925311169
269688962849
380461298263
-16401499811
230997543676
-343840425259
396732060190
-195235516517
-559865104679
-65620694051
5033394820
193270987024
213177230938
-307362347567
471694974497
-360152044733
124833612293
132087543921
-165696421740
636951546074
-138684747625
470573291599
490561772396
-65068987865
375690803098
-258234210461
-405011565453
5263923240
-234594243821
-286903816183
-72136462997
534987431341
184787583264
-387919080512
-368789984366
-420400161365
-104720352763
380304362170
43319417276
141883759599
-193139021396
38864137761
