37850204071 183586056795
-37033349186 -244604785457
-353478768945 -392242269868
391905324044 476919713813
46876869706 -440834939562
-705263369781 108525462491
-433878499149 564826389584
-175540469122 -4022022902
-549510068771 -394790337039
281712942648 228408698623
306727370018 -654654850146
37150489589 -213898563149
359039151130 39984473859
28120214662 -298450478256
-510850138572 368699194758
-364069967553 -301718321784
56278467567 297331625841
-112257735976 261206582460
-44215658256 -523301185118
-590566693763 -426591134118
-332247898382 208574867566
-170689731872 -272009973596
-446168857926 519460698270
-543062234239 14442345279
-638814172054 -11400637993
278971268099 657577172916
-147024939235 471578592997
-128325863443 373641612005
439824095934 5232521209
-506889539434 14516039761
-95134433448 375094812167
128743249121 -254034743127
136105028311 835108367465
540749775361 -408960047838
-281601097062 -175726498752
538745218763 236629169847
-184203357746 -92079619151
153562580342 -8954645914
-474385663018 112384865257
192263914310 -165176655711
-445299001405 -112026113629
239005676143 -288073551386
322243234278 -234277688552
512662138273 295040255169
-169435083475 -587629416880
468280372282 -217353488133
-278847338642 -256169687483
-228410427124 551683978526
-267385161624 -278722139252
-528738146217 249995308353
-237413656388 100138912596
-337696367603 81461737321
-121947812763 857537966765
-197008979322 -31280391422
638673437711 326659578792
130190245940 -9807684826
-477956631449 7504821170
-312655889000 -148662041219
382045961268 611466123635
495859944991 159957207201
453130713558 -569851233341
-149026175892 4482770090
159214814460 -75506333850
-170534307825 497910048957
-229904943507 271802170500
567230846168 -380139105194
225038910903 79853638556
104752495202 530386976194
-456641673216 -240048177464
432530352253 336760073033
282772585903 -486925607421
297006445652 292922978360
310040091541 -470594365348
176117792669 419909146956
-742375305873 175607660614
-150967712482 211675113590
67598370408 -262747642141
-509385537946 -559422609327
-59441028121 375493585218
-177112726777 59895205226
-512960171643 442327151719
-15389256525 -676114299580
192204381681 128815708871
558015485128 122297763820
63910647736 -6932076180
-116614686589 -551138123583
172585794372 -17817525110
583816593350 107457739226
511557098275 -67008026028
-433558767876 705723117846
-209821175808 326913011431
39284188137 152433552841
298453604143 262976223435
208712316884 355002640697
39258191920 -35524800380
608762158868 413414223117
205329240033 606589774982
-800469816074 201496805738
29454426056 -226990432537
-343637789117 -460841811153
-113522610002 -409273849361
272054633980 -270840559425
-20605616533 148361379456
-332878033421 254317241807
71538102382 663762358037
239106557716 259922683815
-281719931645 214362221730
-89669472185 -259763957827
440448661134 -44300814456
-672755267339 -276786221345
433852672563 -471608010139
-124421885213 278287557905
112048868903 494479690620
-252545478823 157256101377
286372888284 614767240276
-360425878459 205118373680
-376445222448 -323525818182
-364500020001 -96930422615
310433955469 -331384339654
-583788554448 294733786287
296479318834 3998350623
696843564143 255006881036
-255124993287 687467453366
-468465466660 77224680635
92169069689 -79102972626
61450999430 529997418908
167182153810 373444865337
318965781350 -172524610725
309858476852 9499038826
53026283506 -403368126048
67171379709 -494657717528
-423841116004 312770103936
-474275706727 -102514022759
667347064752 134586617098
-189660003138 -497317967641
103740947063 -467701490720
488399518517 -5725439399
-412046929898 169862165375
-326684839647 110565150672
-221730457829 -523667166817
322145961244 -640007299009
-49973507817 237475015379
573829942824 359349394150
15481678805 299209620807
-609632525348 -277374256441
-327253499273 -479764654844
-417611361988 255177232995
87171103788 -205104519249
-388188896975 261247946101
345050205302 -453898387627
-157656647802 285271581271
211304041004 479637366203
444055576345 179097493892
-13506818173 321797930554
389045095975 233264124614
-252043073605 503879191585
-9451445423 83715902603
57244374042 706824920055
748469220109 -140782936044
155492738400 172145673741
438978822062 58502159850
-246952665146 -35104654746
-3252680588 -799085450231
614358371243 115880072003
338886595181 286383741984
-39659020721 -178374820332
196373191679 -373117921135
462477884857 -300548174802
-116989662259 -433138847489
-130132595123 178707362453
407068928459 409688645854
723095383886 -511069277709
-17509802974 -1361662184
-256233059098 -147704915839
-302339517317 179090228303
-351334203274 -545459364280
-912986918745 104358150347
72011754895 -392904468739
-91463681104 139330839206
133689186343 247628010060
-64694213126 -816451552517
191803616425 -24306771269
-208393518463 49454773876
-225008806114 -290470324449
232077132719 136383596648
-59327014637 -43415851618
-32372088221 501721850754
-250605285209 546572735684
269488295536 -342064047554
-811658096672 -191701456255
58167782664 520426651643
379438071980 66684681727
679158559809 -181753623745
266861612553 429872291767
-89445931985 793946507948
289042854983 198923366674
201823758412 263207249893
-517724395184 57759303745
-197979884654 -125639128475
167376133491 -154448973986
-178127627978 91491000519
-63526857270 52557101630
-175730253719 -5589163282
922403523289 74294770316
189062096487 519676008926
-181456017054 763624568632
-58092975811 -265582743314
102371619197 -244123670773
287001685095 -238640561167
-9467886269 137888793560
277751150400 -161052411422
-648875277171 266533505522
261899856908 688473066472
-478208302152 -459877097867
-21776047343 -173005317965
-348721455428 334135340755
460787421714 -211321662372
64605593130 184460517056
-399937863615 321282952325
280146738246 -221792361890
205730189247 675288468911
157329072373 -449796667401
602094981073 192180565234
-339812986229 -271363146926
-490320990363 -261855417821
496899679126 -21319523213
-487094950073 128868899493
-201580225416 -150932960601
238673010782 -401655429421
-130484648191 635944031342
-393128737021 -125688926806
78985468711 556812055303
93391010686 310955929886
178832843655 462302320697
-87868458580 -379788830279
-427675220744 -28904000602
-638593887470 480570957481
-547522235869 -204312407584
-169679076649 -466983311695
-179711523738 231824413347
-292564363390 676165178572
546465929193 453725843159
-411899060733 -220778662984
-294047423224 32817469522
-392253081396 -162205328705
-155529781806 53410734031
-405856834136 495617774272
-129940738261 -110964196283
615273296202 300917911860
-81942207584 374070232416
175872412967 486565848803
-655430545341 567492843508
87255362160 -119812086278
-8710205495 -84434322418
-358413822667 -266054363685
-134365568518 -344174960785
-459617990910 -675029568338
-125243166310 -79633498242
116017729887 -396266248170
8503131251 91686714374
276526729610 101160593532
805104103101 -264852353847
158484638493 -277278581672
-98772492009 464000590430
-239477870078 -316669894701
-244815822317 -569687088293
444841811776 325372081646
-458259363154 90825215321
351812728540 -69542581192
34847218381 412599426897
117858454734 13052716620
-579614131573 534617392986
-210242737813 -476606962775
156806061723 -472857659189
-336499651619 137759769767
-390537779946 397619526908
-356801554109 -585148146706
459127615811 -10659056186
566053529924 -24927889142
-83282421580 170408409729
143845083391 383412731677
-256329130537 -338029242320
-484027888961 -91878241773
-635008962968 458106541427
-421733350415 -201960728599
-305730029297 -194704051918
-68948055216 576641275239
940476753 -330476519403
-83714927178 488995915519
-258779062097 664172116372
67184470368 -22222929735
585034771886 75369936220
-85564519317 -382777234554
-602143366028 -305386552331
121815462562 -269927534694
-441031567438 30719324919
187568156188 318131397635
74760189293 149511192297
786915617055 251752955320
94433450734 123660013792
-499644512714 626856664844
84077513879 284904540535
226056042501 -291491712263
-152513062137 -488549049634
-185761371723 504176477968
294149272066 -395891457518
-533464587411 -277895863918
340957887456 347219145518
200757517577 -383508702418
-409082583115 -229750179934
364684943353 -394328138809
370789593838 189552197732
509189878955 -151041213073
115248276664 318258225039
-299917663345 -184500947119
328716239955 -173394243778
164905179476 224860351417
298398506392 355064344144
-638007863921 251472744628
-78416257490 -756254377490
386451739870 218119278981
-108965608312 -249151352825
-418604568336 107531018214
81260626736 53121400504
-249890731130 733467166486
-714587584713 -294311765391
-70909010117 442045009815
-280783890957 236570264806
333782519176 -34868457974
-346225743877 12210833754
175660478273 669263498346
-481349042516 229326295179
-4092498939 548657296351
462512428119 176878016746
222692743712 297285635923
492581878471 -278283120805
-614429990867 134216702602
-105381762139 -474021844525
-253344841251 -560692267110
203495152406 -45339963863
-198004446322 -372243885673
-561323499140 113115295847
178625876627 275724572091
345802761180 -462031402295
-539632796256 -167560145392
51568700372 284313609179
-325439943140 -404955420550
-266608527096 662883434972
-123501689048 -461273121595
478782173526 -209289663126
85790261532 -176350795707
-526593624323 3371850286
282191610946 -348767516981
-604926880085 388502617448
82321209362 -77191979886
-364496902155 206682380355
7861362180 -278857996471
255109942162 309549916858
-587105584635 -618340770768
70432522009 -350460390358
-117914061711 478601455824
-167446994570 99227082556
269162693976 -82085242572
215731811696 -485076891361
-170400164714 441968549322
-113037831395 397649637171
570041936681 80557972288
687246266355 398880979190
-572641554965 -499371321795
87640301682 -215656412941
-616507584386 279308085179
-471552483548 184350080526
-231594042855 -19037760788
-47054645319 -552196530979
-78124076542 495876495310
-2041821593 -202350419144
230023439421 -145116576485
-451835258593 703912415725
342608097865 -239729664987
-279550837435 -455987414971
539670757828 339867341329
269033306428 136203843575
-397994630470 -264017394488
-159317181341 119528967337
207034457756 -76504828171
-142008228818 256225173920
-43358843385 403175508698
-258130753353 557357401686
-355960893102 163255310322
-283309732728 -584528215311
-776470425552 -45817595612
242033132627 291329923931
-426290715246 -63865749013
523015628437 -107245604215
451311304335 -615690668331
-390108654729 -414073439269
245985731171 522617141352
154494454792 371147154927
77494996491 51955231631
313817194572 -142511407131
114132432098 -67040753813
-318015099755 465921340543
286329349426 259543418196
-755146585337 -121413267186
8605121210 -395283994560
143358804065 265402289060
-344190567066 -379472399780
-307435166030 570641534405
-397546840121 87489580855
-544791875370 460223500069
49212823722 109377350763
-322804834684 232702544602
-475530256998 -820338963677
412923504884 7646363508
-204160637772 191209459301
14732511833 69645420343
325938697291 453669542562
-234971555400 686642762529
-528968853260 51978963620
410562800453 47256737342
456061305532 -357939752698
423517533532 435383358209
-38929115197 -9450663970
-36166024150 -1341908342
-723859622792 -348930111194
-25771859559 -266851524137
255854174414 190691205432
160956592664 -593792836566
-15436967459 348687075778
16834663913 69525509692
433025500307 -537288552688
-442675823453 -54676419229
-77382822423 -123618366318
-364916139775 501332110798
181159343717 -111598811740
205884836770 582106538118
-537553442385 218976075662
231243790417 301328635745
419607491934 470959068549
516849102335 -146732358426
-163417319559 542779029334
-211179542102 343438702752
63822871008 426353725938
-640131825796 -81193483047
-610031002303 212132704582
-155962209285 -92686509563
-101535635779 -41799769007
328761840207 586287137296
179210116194 342862108319
660536980200 280905643359
530052795797 -110559446902
92339739224 -89088346481
-226137344298 247391485190
-12200575154 -108982930869
130519487950 -841954121364
416856988685 -37561959245
-429800103853 -775590659544
-449093671354 174514702681
-155728030734 276834878064
-142700966433 -68113092058
-459430302368 -67266194271
-363268499630 97748609433
-472392104042 425566590443
-52701557681 302556358244
72369133900 213796941037
-273119418919 438051181171
-670793922382 -397604039014
-424884192102 426226426358
-180492318654 -513574145761
-61879191863 366753984076
-266177266159 154222789871
-427107223033 24342049345
69225198517 -41872299507
-725955422884 -171334050769
309053047302 -158604074722
-22709599772 -510022332975
-29357726808 -277394714669
-501319443752 -177911692162
136795654405 297087583018
-318231004202 697676064526
454122479984 -278731228655
-12026549505 54238133388
208312431360 155266896065
-99335803144 181982341577
365117738062 319712016572
-212675457921 647446026570
-592254206437 -481785707150
-459412240090 329578741614
-814991121981 99185522868
57891117551 327875737105
287268875243 168506891643
167435539219 -278061069922
383465862066 -199543587499
-255138098686 -513854798929
68718666091 -453827904035
-70825498821 -516839470009
-122317842190 -436753397835
-1672800759 129740209857
160688982533 27505684700
-349855401078 -494752506933
677857196532 75560970366
306324049530 -704111459604
-189949011505 205961935679
497403626109 -54540030080
-291159678126 349348167936
-474649851403 -301138607703
71874812656 366729031794
-47710341931 -309914220809
576272543083 -379932436121
340783110635 -273705390283
-98268202823 231198606546
473931939083 532933670483
-167749397401 -89629510060
434085470758 -679140391987
-122501764551 -137585702017
-96154832065 5011819397
407046477897 -280038526883
768637745962 459551702169
-47623709072 -400383575247
20461484522 248723911862
-13764624846 -122791916045
-255954165218 -575492978427
11484214978 572760585160
369004925850 -509471903961
424097283576 -123794215409
-14458162586 -82091595336
-780496895228 -127303618369
93587018609 -166863474897
34326119848 -41657572994
205826584978 -572749289747
-269573637593 90642311056
-132337447934 68668828800
-545657755625 176726341687
411735400266 -384349795449
415038426188 611776806447
-476181338234 -322588956861
12238616596 779139811168
390203673555 -61642113633
37551288398 263495797034
-328304495573 -438946057117
-82075816055 190166073230
-288002047723 292160524261
507144068549 12073204089
-625716104153 73287507562
400491617499 85127454222
11121895561 -228047224101
128563769096 -53215270968
346475017819 226948980141
-58293570023 107213578934
427193886296 234170317649
-125601604286 897705304475
-707983521885 119183776613
-452412933220 -448654038495
-230281210967 98857800461
301202407728 -45566346417
44517446514 718189067843
210403207664 -55400289343
-629885082048 164532790915
-404071324434 -51279437448
212814582800 -488154737644
175250292012 -180269246985
-298291514726 -392882069804
-326145911497 -27950388773
441003851342 -473174493287
323855501805 -167742852432
-644367778121 19641692848
-62570612027 -279571948870
235471131752 694109081667
-252929212447 47016052032
-643293764769 -593622146402
363172487874 -541940765923
-56430714496 -395906019934
-87780910970 163814157068
-92110290655 60640449619
-329398934607 395826979730
512277085294 -88144924381
-657171397702 101646815142
-8559861231 -180905133721
-80089831713 441024401500
-613791402038 -440457052671
-176202752037 -108769295793
350865273608 -646963179135
-166879675392 -299108688703
53810225325 -220404621272
-232545325719 -413541818156
-101370332537 -345082031240
-902289151246 -97671312636
243873686428 -332441604883
-51532397704 78124489055
-93663683272 406328895715
77517973554 -603366569811
-211208735563 233637808441
-647118975700 -284054412515
19819202594 -531145417016
314221186694 -61086667357
-177049549696 715643395306
-145489329176 30428592338
177952124727 283924588858
-127004813630 -135123676421
617898379184 -146707556793
35479653153 308602901476
-338675301842 -408446873059
609400619861 -448664903956
-141094649852 -151317261614
-327592556793 -369398011287
-349706191578 517786892064
488664794993 330294516136
156073165119 9255682587
10554309980 -5159267925
-271322192862 403150955027
-234234860453 -106282379327
-58871374835 -376465871952
57670614374 -629807442941
355283306439 -247696338557
-789964843626 -33160452489
338148612025 474667974048
-128102448679 -587336774638
-718619774974 309191650956
-97613938951 -91613870107
-169013330039 -468298016944
-157996492534 -406862657218
378306643695 -305242680530
252853276436 248402319732
443923199584 106423089425
-522268096584 509333359152
37672877071 385509580590
-184731671144 112180762456
-595638927653 37281634344
161932643276 -196354518684
-8208004327 -440871465981
511222889551 491042351960
221961420230 322400544140
-502317973891 -348868309520
116282731805 408392493832
-379098901477 636468493172
557576208109 -19186659433
202207615438 -89263542797
481138160660 34903397817
34514565953 520064947928
-77295988204 -162457457749
-708592960299 -193336565987
-94283846076 -419770433604
18371121636 291851193186
-7296972942 -484611011470
-107596609748 -325550902530
-603279440115 502583741543
-170776415286 62562205994
-289703523878 -322336729062
216365341359 -111704018000
364023447208 -108981146447
-32883514210 433149254520
-809714179544 -343335492567
66916508522 501076861421
-78717752697 -117481142581
-385688318003 635575466814
-67266697069 -36218379368
-86586821176 300187777507
321426024911 122116510652
177323301331 -237530496867
635366407595 403343965428
390135294288 -114246964975
-128381685022 -346741376838
-239081050174 -347156786955
477710010741 -649667590793
264089107437 -68429654006
-176840565184 -522906474107
544579404172 -94951592119
612907947580 -367769474361
31930855832 532621982146
454669828577 265114499191
97680137577 322424899971
-97343907532 -345957108620
40376931261 -138902710922
410661879852 -72923719008
382848156271 118334639326
99040619170 -403248726693
-601435508268 372476764893
46371759536 314643280020
309506369782 748830893508
-462250543785 -16985421418
28727335364 203161235367
191506998270 569162868626
434569402379 214825571031
188664191804 -372703541260
-11798916974 469699589284
-201774538989 -234131233040
295616698542 -410783050619
-780905663688 74453560369
220672948005 -635070785604
258113626438 420410466933
-192424489598 21812556398
-19048554360 -71786027615
256847751487 -499625675014
-462932934050 59976604309
-218851314815 224534005477
720497888530 332674897423
-703823674829 5329754893
531165891898 162441770556
-236241816605 -520433815048
159696727779 213787251015
-111036672839 592472257025
-320475007131 357502901965
-52028709496 316244730897
153105942848 -279616684538
-554515108709 133479932190
434124915587 497407306749
137510119950 191453893953
-284964342848 -396417284662
146083753667 -355188802065
357412195258 -385941255788
-137116639291 -415476476050
-485849697872 305347968101
-375084955279 -462917654821
164922684512 -567216363424
358806730882 361672568973
-311704047635 -20670359862
-165174177982 -424136295483
429336140085 -214766938255
-628168718398 309316265268
1460133580 105097783619
-102224588135 73735114177
511513220606 114524031271
-245201792124 253677816450
-171384763308 -367677086338
267079829031 146754411657
204257268033 197391968130
715003284481 -314855875755
118850070816 788843353208
-20126967391 1048530213
73016879090 371468576583
-850580823454 -79087872253
268259913786 -437870368097
-303886852056 -29890200391
177064488060 -647201524864
178496793157 187863169324
207971548602 457131095143
66009367841 -334671672851
701731397663 122035648254
290532125948 522811082545
-471303209354 57545006309
-144630435642 747268542743
-24803994788 17346527582
323017647624 -170823025433
-266095050289 92561510106
-70426916233 495862833116
-363730933287 -337934089467
-45025704795 418945697693
512626933079 422418965932
731802323773 -251769577719
-83986048915 -34328115225
155887784434 -175982058733
176172847514 -436384345228
265762960057 -318649415586
10491712297 230601295184
597366082049 320466295056
-376299387445 -139037616234
321865553208 -738078254185
-85998628543 -22805627151
-557657330884 -195884132560
94008568328 -373637910672
-57989502359 -142406353099
118847664128 158911376514
401459649845 -249787988647
-114160691641 -538219284395
563727855957 -444693180805
-29789271309 470769180962
-421270861983 -368980275242
-558716655341 -216498215534
256582653169 -557866438722
-40335890930 -174569138029
288771484530 791112710195
9383866532 3799199350
-501115156027 4367542778
91561110477 -86015348373
203885338783 -140586272175
-740264995015 72489191869
477189591277 -318795137300
127929693796 -744950371540
130474879790 -291157580231
755197303962 221432460951
-178636240494 -300789648977
7842417366 -290685149536
143345928094 28438102031
340671337545 183936234464
-112033464627 147614591253
349964787151 509655055695
91873236217 508002593746
350263843965 -173776591757
4990635541 -347579493192
-437658546274 -293480903328
368303614565 65346693567
637675651538 -467957244300
-59787953957 -136070620201
-78414347250 -271171491784
-709893000494 1346536299
-192082507102 231202789242
242810282678 115008719150
49055778918 -915000269118
564057355515 32866725149
264402772095 54420086908
-397054107103 -63746821578
100266247248 -855230215407
-618435827820 -19261907782
474050271004 78336583237
181846467480 98290867022
-368260753121 -47356905468
-160244835189 426514709973
175344392257 253360239916
-238855023146 328220046494
205809060905 -405058503752
490588842910 275922088824
295311623456 -335452762457
-429091492055 478939263908
-553020439319 -401586682859
94489973713 195122231851
-271707693379 -332881791259
-189119845949 -767689667446
-514714556272 42679998750
107259619577 -586038266299
109052291443 207140135871
554673757377 -58953554454
-310421361137 129154385729
-298738934086 47327413004
-427359604850 -9319108901
322948075689 -220031313292
384204520169 -126020597887
-377500220182 216934473027
16809265649 -96122362885
223304187204 781584024044
406499639081 391972981538
482169010713 7651586277
397125657638 -338865761292
11247511382 -69384552300
130927623502 182712145298
200494044730 361504974178
170391810057 -115564505159
-123374913805 -212709441701
643698674713 -678978140092
165313261763 -159932511241
675723606430 534720511287
38646265533 493285784791
103899867820 18065099212
206547030582 -49604772697
502708185718 -153603614964
-525204984257 -320145069410
-221256810351 117690119332
157418826299 714660715764
585455847446 -321254283078
522357989270 -16871554097
217493351982 -188975111105
43970012673 -211877186964
167713089221 -162832199139
-466920115559 479516967122
250640471007 -373366347067
-44935804024 234328324477
605742077187 684360121632
-244328514132 453003899947
444056087506 184656552804
-830610835919 -182361660159
-71955731228 81964472986
10242646959 -175364754827
177568784791 -372134216614
102263321665 -688638571376
-77022128130 -277949131705
-27307650406 -13784362994
-37961817516 -332403371508
271363918223 676602899417
620009959913 -484732072513
-566530426797 -262536758073
249524935760 204192352174
-287980386255 62678123217
-271312265139 286378615070
-52482938292 -160332530656
499154803314 564477477690
105491418266 -478980005718
-97046239949 -263405814033
505805426341 -58225221137
-505602900668 -65020140937
72964425301 31246748912
459071216329 -590135606135
350546965379 -3401252851
-462192845184 332824360843
457768077996 242561892378
155111285758 318870498884
482485391109 311646471809
-23105372704 726280646031
-376049956238 226013404219
234827371178 -230244545080
-403172740376 289689457662
-536649989637 -400832556948
-397704266955 -233547133500
344640942026 -90632243068
-329229728906 321551607181
203702700585 557010150506
-294756073918 523538613788
-189061681556 70045616457
205685242908 -169580529866
463560406949 419202079897
222296779390 -587147431629
185602267526 120226907557
566661845429 -73990220672
-130285950963 100451532315
462094460842 -369699690283
327612428483 532984540335
