# Packing of N=76 1-dimensional subspaces of R^13; each block is an m x n basis (integers / 10^12)
# m n N 13 1 76
100411816632
-511826396579
246506026566
212822339532
204352116614
297513459700
403644403585
-447840881194
221573129128
116940336078
-29097301913
-161501415494
-196033869236
-336528373110
-449191589625
-121033305177
69987982329
-245920033724
101357181666
-229856290351
-59804374304
-1108132438
-274528431627
-447461610490
-13185809077
-512352346004
113234458237
219769433985
-351953388607
174375463687
77815132366
267418052513
-178649714490
156512899629
-34537509534
-765530104173
225596224527
106609226256
-33665736143
-36210996966
-388568249921
3164673509
455208367037
183789522869
-465174334404
-75498145370
-334957843911
188845521106
-58093704723
-260263278751
403510554501
-53113819175
-170776893803
-332199110102
-565609583741
-223769161513
-7569677994
385763936501
227619550750
-138998613936
-66607754955
345736695605
-343922000010
-167188127223
16885140024
592193410199
158488576651
-109003460320
-182794793207
-178683668311
486746101484
-247606265070
-183751089750
246251142239
14620763956
346609845902
184131350328
8577169903
229250741759
163542497514
259407005190
-167826264225
-185101003110
496611902641
537637875829
-89645632330
64386297279
261873057134
-300146537025
112703836076
267862874995
243847957750
-16864705124
-259898863811
460356316038
-140454354552
614972553270
183587664708
104617548202
-148682677687
74171828578
-144490830457
211419847366
-353590891198
-404695361789
122542249048
359334165995
-170539252306
-43745154475
53425399143
-320285063726
41156709650
-346509398258
-573509632146
-7661424429
-314972048783
-75550798298
-244642104738
19716526410
-432933673152
169519386216
261958490469
-24583451892
-49376022938
-279986699023
-554430171696
102317451031
160308093768
386579658335
283781215340
-458282183315
6827543267
305937447244
-67500377513
144511165982
135080853847
58813493075
-494364576430
194202229083
-116520517949
-521095835161
-15054331700
285888243452
-249734049280
-618463471907
-101133886442
97235619501
-73008075818
-69085564335
6644331110
-146016948143
70761103498
-171258553911
29490195610
-533113249972
429614809168
355713677388
-402202691738
-273955747086
-296700475787
-133148860036
291436148946
-249629316088
56457382873
-540158564842
-231077702027
-66672457566
160731334973
-70739050213
118914896106
591071655613
-484538971556
9128818471
-226865677818
-16133136499
227182096773
64258187255
405521192681
-53134306754
139576329634
-177444587084
-275543528315
-324575324334
-126173980105
150986426929
525500713423
-199359727645
-17341286653
343637147076
-255965381422
-234294723166
-484956936667
167178185308
126614282201
148581049469
67317855444
-336438621167
-134266198890
158714554748
218499034006
465298123743
-141045776785
394200792206
135002206687
354389208989
220764817773
-109580974697
441548286019
253329108824
-34821183887
-97578872141
61582403057
-69364882346
140702434852
-198118385480
-518628620557
-101869747205
398770200528
-116169475647
-166632178457
614659147922
227867065979
-149060767436
126820581757
172446547291
618701896569
43897448688
-17184849635
-1567912287
-461056866095
-173281692308
132150968801
87823216871
-476699739206
231352891141
-274704640099
21094940870
80220983447
289368347258
176911265693
-618059559684
-398346807301
105683274404
-374283530559
-154101873719
-178270264101
40479290278
-86387693763
181405840441
144579942939
172600625822
-839950573816
65513128722
-141663726939
209662724098
-72099359182
-174836059527
121473065355
13072981339
-290527402904
160393243254
-125218406657
468127431377
44858732159
322889282246
-240957091034
658157908686
134925559331
-27401018902
-154735253958
-30319348375
299364075163
92262048644
315267867003
-388349779985
151647412874
-321888617409
350078492778
-50807854124
-170079291404
396659039413
157976220167
-398030873382
344998621565
-29179558926
92298941861
116766805715
-369606858577
-2181331204
53470378464
99651666519
4598359446
477859659860
111271458490
-599388984636
289746569329
196603362509
-316622496715
118687552569
269864171909
-431132585462
-191041710998
337833472148
119619168406
-105638971236
-390570255026
-5483489598
-215632196862
513191506141
-137072757842
-186730915854
-221598645274
-349099771589
39542375916
-177867639524
-68765520229
82046596436
150203955657
324532133925
157174421286
-131704198767
-116581101756
-512975377302
620321379853
-44753522797
-216682933206
505088523827
143270354492
-184593646008
412345396178
80985164154
426596072695
-149071419771
-487625941910
63064763171
-117746251231
-79871363835
-23221173982
-63280308103
143886201160
237560475890
519550040996
436265388007
122701024032
58255258197
139259979954
-140709614171
480526656287
-240946065123
309952805746
126191444686
-196413005986
-297050088108
116992179208
-559832257873
-127783362390
543897033605
-334503031091
77247296178
283474182118
-82796964826
-116022868021
33108779285
119588500109
581878668790
-328405070834
293789899967
556216307706
-28630896859
87861746047
29135521420
154228660997
-118383130524
-249283712980
-1233342878
-151011771271
160438316731
206517600226
78223602868
93547421142
-12421454090
387942886033
-118303785565
-334053891171
327761221458
-396131499020
3135915948
-145069479015
-481718933347
385723948252
-9205331448
206717429567
-116610942001
-360575386355
243091958980
469980385665
-6826759471
-277335315044
79176560185
-283276140927
-90237130952
-191889129013
-570223835668
254998240141
-95236498755
357132452474
220655073060
-198119780057
26297240906
171834951496
-405270714248
-307873491872
351481830378
346920162551
420331917540
24514858123
-82795223202
-306593819073
55371383427
-62708378868
-24659319964
488489475521
445580936223
334649850633
-127065269052
-491122118110
-193693398452
-216019987640
29251018245
-254015615556
373639933288
-81033827097
-44517965345
-172755060645
-139944875849
41025964786
-203525694226
-255801418863
-95421825041
778757867485
-50023533205
-106209034704
90323679201
-326674128848
-293953436516
112900929943
-29057824410
391130324249
157185132770
-243164637834
300020778355
-302170801118
-103641037614
356183363987
478935481021
651440246956
-139276382281
-204495494920
-8623978831
32541380663
-134969227756
107482997391
-4124599637
246883130671
-349593922394
-185535800604
219769700677
-466476395071
-100730642162
2237958851
-112768901590
-147842018559
-315939648620
247561225176
-277013790885
147193427665
-165625380814
607553727687
-87407473073
513927421620
165688003629
272015120734
-103046153240
-202075463857
193520477956
149553892112
11893550871
282375274131
-450351438371
-392370067481
-282797184710
-534715113714
-88002160846
66718877005
-193212963245
360808651038
-349471558132
291816959887
-7083902377
-340089592702
-177410414477
-340917646628
75128721388
-344760524144
-123621535398
-214161965157
419685805509
-154644290604
64429443348
-554066634010
-29821754275
165199966527
-388411332711
41528463388
153416738932
31865528268
432641659307
198700591906
-437098312979
204714530981
184292550103
-181363270901
510410580359
-77971890618
164511670863
227477023
-120658816259
-182821965163
578647393291
181835360341
104336311310
327612603401
324631319184
-515969799205
-108707204869
-28231345947
-44457174415
-235148155340
132915600084
260031945801
-30842636343
173488639356
148730930633
217928967583
-552290044802
-415835113593
-436674404049
-319203141780
411302578925
360294310046
-285437158149
297786868871
107990548879
255555857706
324505277659
134633659267
-142507048051
115652924522
64862293627
142808942897
370125246202
-179662314088
-225540939403
114836287652
-533944732771
294009135572
111263119752
200643799215
88882385932
-514471946086
73125778487
210175321551
-372187501259
-268038468441
379841456637
-120639205395
515273662877
-38612534419
-273019404084
49490095056
325843484659
106833556132
-86366937572
-172979862454
-363102034376
201475337475
88101210949
156695415482
-382888923490
251248233857
-277402968374
265567604591
-187704198528
365153093548
146351016687
448227044962
-13083780730
-422867961017
-64247646751
-142109076478
-146559617574
-520165314384
14646914946
13720952000
185505839444
233177651620
-262903476602
775482017
-107487586423
127717355569
705304473701
14082849472
-232177200211
173568744035
-73015071638
-281005422917
-410846795729
-6354707091
248451053663
67420260008
-624996473827
-363278808935
146060198539
228996741131
60431054086
276401183742
466038695490
29043733041
-359258511638
-289067271375
364756751776
9725005729
-240740824085
-109037615376
-71867599740
-438186033817
298544706645
-230762195806
75638776050
-273894906745
-174787640622
282528982490
232534594603
-87464696534
-223404277581
533287155990
-141930734725
480526069049
-236153049276
229762589106
562932671743
258317888138
483339082243
63215222606
328779785349
-176550490730
-3506891543
-260340579209
26666352146
172365336908
-308683063806
-176644445971
-121658154601
-380536382451
-361982466530
-40960603517
-352844118204
330306186354
-114952107890
79583554511
-327939961909
-63528054373
-490802098301
130988866942
288670451120
-127978365928
590627827208
-81667683338
-311341427300
-197022430718
49008415802
104429690194
281234814217
95291126576
224611612521
-72184335111
-93234050000
-485835200943
326906174386
281247881392
-87546818058
318814900489
-361719366089
123553000157
287323028832
170456314889
-431990437929
-286284101629
-320443154830
256044309744
-202287903647
275932774337
-114678467173
-59112621490
125456320054
-127676178519
-424141689362
-27738479849
-462362146810
-330343138755
-117362311867
-279117552015
247970107512
339191274369
423701188790
103237186445
-424580268002
-559291683902
272078496879
292600530885
-183189456887
154143390956
417475426269
-135898578581
-213213467338
-127512292858
83651605683
133547881417
272129188609
134460281730
-101055881614
-15012789265
-158353551515
187700228657
146261462609
692739372979
388145069528
-129036454738
-64073967992
367006132478
172438419610
-16871479441
-545591108283
432951154023
45235925289
-291143621219
-456938471121
81619676388
-56457581989
-64411780911
-82409246075
235671869227
-97488569313
-364911890574
-140889545685
-13634390591
-188812069937
-156039482080
-56735896742
-234145991564
664270970645
-544660394644
48139296296
92993965087
109289395315
-80664544048
307563873564
-204059291808
260121385467
621265318877
-329847856682
64947440027
-13725262311
-66509644627
437758417475
-5280946053
109375569853
-372290538167
142701361567
156553890049
57800815842
169184581576
45090624382
321376607459
-343331560182
524363870485
51891207412
-309117956905
237500868383
-256684562050
-22611657220
-479320438452
138151802752
62454941828
235764415586
454561476780
173927867013
413613904610
534523263807
166487795084
212056627332
259783240535
-114149762374
281148215182
-83351295069
-87466811654
7826720923
526655150707
180600449806
448032075074
25144573809
46969577167
133738507576
227277528019
55590378382
-363889917492
-512779453251
-47720273263
-126957566171
-144552063170
-16790014093
407463407847
303164784172
-270856835790
-338322074880
-534514195570
-70025249748
115563967351
78552406386
-369777696610
-288262704950
55649129162
154340093892
-261929128569
144018691425
10521128088
-400765949027
175649376978
447094724238
119466793091
243173974146
-61819162463
595690485875
-69469488259
241784568310
-16350591036
104554957569
253273795986
102439970167
-959743843
271483530705
79934725768
470493251739
-575287538693
-150239479508
292892679002
376344295794
178193330863
-133396825873
-371509588029
-6851137676
-209802319976
-390119305210
-70161436978
-164113748411
622812944375
-144508768345
254417544067
-167473046732
-337313202347
27175116259
-91820182671
243114067731
207432327724
-390151312504
495699423812
187286748250
-509136196951
-62601776602
-196563231337
46365558243
302628770427
223533566545
104628846922
-377618248418
-209014888167
194188867532
-391909363455
-471337713080
154841455939
273047052273
-226883234492
-477776951355
29956572537
-70964792756
103954045714
-72377493300
-319972680388
-321420968314
-50352312967
358804132010
338382908123
-131324482271
279470386884
95157365431
88303781156
200257594787
581134030972
199410314645
-136896505780
-123793469035
-18227537981
352773195712
65141187739
18435590279
508800483533
-101055889688
5588517879
-305909499198
288220645241
-420233319829
-426974123520
-225021326173
472946454397
31003216442
-54955744419
-166759986660
-415176940778
77357924324
190755469226
-287019749657
-237122228135
269041086074
-13333443339
-317591681147
-466642244969
-245687973348
105812709502
9613729562
481115621895
-60745541249
-49825141800
50257109571
584952633020
5575426221
-201357219800
323521324333
-427419143030
134460079153
-144837885438
295986538009
-160312696338
603508418994
-205520518123
231436027865
-167087580834
-36479612496
239584548531
118523587583
370491423807
327859737024
245431344189
-227096690708
-488552468249
-106589059513
-362560531891
42974465878
-204560886197
396956786760
266022647108
530169211835
67039839912
-65673020288
64730335782
28649894569
442870909923
41627193191
271310653050
-511110286099
-472120384921
-338444450489
15431457593
138017079452
21747827026
149929803169
113710722547
250381889787
109485423110
