-90533059363
198233301548
74725547100
-196987341379
174607433155
438397044733
-121194534969
-183470196441
259483006852
-535124759894
82555053309
479058418489
216997709172
32552604444
-180066923568
-87729895533
450011427190
21865532260
137833964540
-41455552333
-411748468842
399458969966
-378512944990
-360362675859
-98918586251
350844810486
-19961315980
556394416266
-404625250751
339435720122
431618607589
249380330996
-116020267308
-11649963514
-96122830175
294511838128
98231092138
75005210374
-194306591416
147272071252
422782466097
236889467960
-20997710621
57615691425
383548721211
175927813511
-3299335388
532892507726
382356784705
-171135303798
221942036370
230002246884
182183044779
-147110602519
259851869219
389605399931
22587932490
370188011323
-81044780911
224548761266
-307370031083
605154568173
-137323265116
226819339512
17876990825
-396573627861
-373378088889
-140536665194
-373317846776
9392883176
349145991928
-124121807540
116570668538
268582245271
-346034491171
-378442748138
-222134695569
-93681745738
-142767238035
57062563664
163310987983
-418460278720
-314812075647
150981764325
-478186689992
135057409849
343174563513
216163754002
390193602367
269194739476
128702527794
-434073414007
62674834122
-239662656474
274637933781
-478221691718
139938755166
-16324373877
-285164529558
303285966957
269634162998
-53321257980
356567147887
224177541244
163118077195
-246726805540
-302768210908
536623175852
-476703574737
-158965251491
67814388809
169585476785
-284778437259
-26829321139
-280604704450
183657013489
229616222739
102155811846
-372505399725
373328840870
493175842451
18766844765
-257790406064
-118955397826
400481869384
52038389669
-148155518333
-45208012448
15739813491
-447116676328
-280108139703
284071144416
115597094382
788797779131
-68574156408
253186465566
131686483523
275580395842
99629002474
-165315343221
-21587684815
32682975341
66312885258
165566249068
-328350542075
-291032724332
415607889681
103681874749
397071536002
409089596033
-107542126249
220903625198
174270046859
320349694570
171389781683
221001327602
-108727217404
312796670885
307006590801
89474484921
476720943003
-3979638517
-295487222594
551535054871
28153677558
-124354447921
272905961754
278977855543
-27067102202
122408854939
280048942066
511685189053
271806982999
426140669098
129531536783
-142544866903
-311926270702
-399425229155
-88542554970
-133948332666
111786241027
-238909920324
-175035106425
-21246706043
303794207104
-20041364518
-71941213946
413972657702
-522905700076
74660987710
-200973627306
-432217880315
272448729651
-229220304788
-258248378968
-617581368032
117076252688
528037906930
-195194564652
-28584593517
-78015810487
268934121108
46118528990
242608476217
-152003863420
-186124456110
279032744596
-110180746325
-68747488048
-297609363291
-157321903930
-19393538834
588328191550
507667544202
-30985266048
-228331842459
-242381291378
-66537312339
118121745495
-382991700662
28512307600
-483929391777
-642968891105
161140500293
360983876480
-78788647455
122739972509
299018686832
-110892993954
-78597997602
90080375343
-238843249540
28246738674
-31771852075
45033354640
312379074519
-196278241250
191590360221
-231588458426
57319173209
-510756813704
633016895792
-154022625403
182333034367
-147071324798
-159226207793
52023239752
-340484948483
444176049600
-330131418490
-360050149955
225712517564
-135844104779
-45371860184
333580415623
359337835424
216347887183
-294345150378
-52029725630
-12010992206
-28615763366
179524232690
-67043046292
-53623224751
-416314063866
230204640990
522500492210
174691654224
179064508056
-379644940834
-368320733709
135696213472
315402042443
626306598577
226014429274
70557894768
309831909977
353040452945
19856426969
-28180375533
274090863688
-33610024966
-97470925404
-317172561582
125250692883
357512425223
-521342190633
-13937855573
-195974018259
225923180059
105290789945
-69839028312
187868986283
418504406863
-90370160700
526798620238
250135064183
59738362350
245635599892
-308044421511
-150057482211
-214835407108
-291422679813
-204452417931
-430545543364
257575040177
-91629560979
-241281223198
-161117355997
161115001309
531117662516
239539925526
284162968385
6692780479
553837802586
401905462821
-309656820076
-77726715915
329492739926
-62062652475
101848996150
128882711221
-388385999689
-211056069664
119264218533
164157440190
-409984877108
-356502180808
41654390452
389142780046
149048427142
-25208944067
684873140919
-57891617693
71545769310
-57081893119
122365543705
-78100512079
248724942832
158250517809
40029738397
-77576420982
-449881642612
112004286951
-513338543598
-242991777329
-471515889895
219064866058
72713804604
199109689820
-229616337844
-75911006697
8783927611
-263649505526
-222418229461
-469383315084
-33903133447
-499241500334
-121917878220
-42775455321
-372337652834
-253160669583
106081455737
416886795574
-290090494552
163414681903
271050604180
-220979611179
-584827431615
421990536890
-43498273266
94910653587
-103034610144
239901322904
-321197728147
-251133627025
-37928925411
-177554605076
217074221697
-180063842452
-101298149584
42589124272
637079383671
100878943484
486795182903
244470203648
1908291491
350831518368
-197404208132
-44925030501
215908849839
160098381495
-289288748428
126694939749
159046193426
-196783679142
-334784778692
164785143040
-297593474748
-308043307534
-287483051084
422339446961
-424603486796
-36707181721
474712067598
-251858165130
42620956805
191947720584
285608996521
-125148565505
86891584734
-112538020254
-542360133410
-280970879408
-399114599244
146173863558
-44794449671
286785752382
-148132887241
-421470352250
-254208930283
175899269693
83177372440
-293785804372
191628101044
51974916989
-226102797115
459031468964
-475521173538
294773383359
466994901518
330107550462
13449172654
-220522601745
226258703059
137116144164
398555841128
-67981416809
-257670261668
-66810293717
52077561680
-479802668467
214851695852
288062819493
280717396654
211734785810
142367469185
111054613136
371361836115
-126124366975
128037928242
-480520363764
447974931680
-331374517152
54972272736
-104272719044
5836118603
263056404388
213441560892
125468334292
-338364898627
45283032484
117231022506
-149916089087
-773405381168
-143070360239
162302377064
246715398405
299331014243
-74102494547
-294521059481
-11574254016
-71821137957
-504002971629
-136436432695
205923323626
259132717590
-187458123286
-557189540342
-290798038769
22859641338
73223161171
-59577851179
-369724392474
262708561924
-242522151789
758882862887
-182462467281
-82687709135
-54457178797
-111871800882
-222863222819
91821372940
-192215675089
3293395872
-169762624154
580968631766
30474643113
238031533667
544934004793
227799783490
305698074614
-65196685701
-255823990319
-170149933270
-35214242752
184045784252
410050555289
227163741246
28911283680
-133982087186
-387709068543
-337694419532
192987355850
-40919754017
-460188314286
-278008654353
-57010763048
-317948625630
254538944004
438852896245
14124139396
486050457753
-150249360082
-318120741951
-164027570141
-138327215969
-30706451922
107146892301
171912991585
421427393290
-383587063739
-185555799898
25260816127
-590644343602
-336755964142
-8329626454
-146942604227
-50893674766
-239852840532
-320315028643
250824577889
-251968996156
-1550646702
396851655234
-262333387237
265892247962
-136798166362
138266656465
-459620846579
203003706723
-205788217304
121624656251
336067137268
471280384980
-211645267189
-38211175749
429525915187
-126783610964
-101111462423
25086734394
201044853152
234872917450
137537400154
47066937710
407102917188
-288542827659
-348749511897
35818008319
-71987687125
156041895600
686294961298
23045370755
-164628350261
318688680531
128319219094
-428135476700
401552910443
198138416229
-141836809803
553418882291
-181267411411
158299439362
102079153663
-275331947590
149312767709
-53788568370
219856305921
349974251618
20231674961
41910698733
353938781312
-56869989230
31002727128
-112002465583
-207320289897
778845734467
-101157942075
193157657500
-170827402542
-80714519237
-129226078149
440619578922
49361530712
-680996184930
68014953848
367194309482
-168133367298
-36953659813
-101056836748
265803208746
34408713839
-61544163161
-337203653309
100547732228
57221845520
369299044389
151982940618
201276054298
37046636912
337339685791
-425119520850
-382636773268
475012835497
-132769358386
-139185638840
-149051166255
503801808970
115897126652
136954563718
-552902986754
-72152861871
-218751112701
-68386868146
239421406328
424354546605
232255234017
-485887463535
-211833347805
-234092537981
140435774198
-159822884619
252957941356
116113249207
-30216126570
-72497727610
-483335791279
346713186392
-126187799931
406926657920
-470019128536
664329178469
-97284214440
-86603605119
-332907258384
76308424089
-81656669386
140327104714
-203871321112
-211248998037
211367424968
215606304920
20559927046
628439299402
-176180386209
-226673915492
56796356787
-239356009561
-280957784109
389031974069
32153707983
22327720257
-92262270785
62732968291
99032676999
-456131082802
-100113581065
421757315181
-342893676444
266140963753
63420160178
-298411026023
-69716078362
57769758204
230040179895
-109731960844
126438221615
19960339411
664136576089
-74383682545
-356402968975
134350657658
97670046965
-7713501374
12325649434
-72394696215
350176488031
310229258319
96214786680
-194759225319
395986312905
641515920219
-52544873243
-487905103057
72237658093
311014307585
-465842349084
93001207656
-513335096685
-9139160314
223597904286
140120231907
55263751627
-291281103627
102255746085
576187748186
-42337507307
71319616898
52932920232
222812287389
388840580512
-221562971930
-13627701846
120846895074
17333523883
355579873226
377732217029
-352399713591
-37593896737
102488958604
390405620422
179480113257
-158360208043
194809357758
-571221592817
63273516331
239987261405
-54491961249
-466109883598
346202433885
-111574894832
183012582510
-290165930709
155881705720
89118994015
-6338234172
141824292670
-385935105056
28134532649
-486191081856
-122128674002
-567054933039
-311125662510
102612911147
252819865748
252246323713
174846983963
172311927884
-314723141224
512311518134
-210205347290
47411503612
-76909712619
-75416779526
246991558283
-59267095568
572820164114
8374691954
66156742362
220044480837
-419077910129
358554865815
-84697192221
50669020115
-210073749546
134337512397
-132728897180
-638131358281
-4069054978
382337587270
43143475922
-131538917177
246743354108
-141230811793
8556849421
-311405279653
334543320953
491490974061
-368625442534
52330603091
-527689074245
179948339815
4275129101
-525087424290
74685451845
42218259565
131085270208
255468661938
167699734825
-17669077037
345638404833
-403993834099
60997641780
-284755456939
-246543382360
-421631319072
-623855499635
223902742332
-8872124415
265876439092
387474833428
-306917767735
141437525558
-328670604566
-186285614930
-134310220116
247848391403
8446150636
-57419085010
-51528134373
-46797473418
-135792000109
229745484665
-226812885202
146568058885
305953384715
385320440572
332676129557
325077124288
-460712077345
64485696281
-419719226820
337660374769
-16503692923
-328808578320
232152772570
-197778417804
93100197332
-168724805137
382955471550
290800381047
-598234323196
209058626269
105932890357
58478650354
104680067656
-325587446538
255776131559
-221451561487
-38688225932
505864346557
-262313947437
-538532620716
52823350074
231282469349
-141151515262
135083171005
240620173098
133344907025
-301781285134
-25219301946
152700514147
-363295233129
277611962379
273629688445
290574755806
-104212646803
-298773272503
-6803733293
-604111763344
-183608144723
-21293014232
-459788994504
-77588263690
-254807503986
-329770663025
180362089774
-35571126117
116603119471
-546594591530
293051626194
200413857638
-122477687798
348197814149
-161728331677
68429038115
38575033708
-602607116328
58203306059
-4180559811
16154474850
513661305178
-146431019438
-316401155206
72125217200
-60223242254
454580485564
265698695400
309012875765
-71587891728
55415993263
447778352768
-249578166830
41049659030
-502953968961
138412390508
215812739996
1299684686
-461849052450
170990170294
-111882960156
-239453320581
-20522852285
451386673792
-308684546620
-526996863707
303257566370
-205282453138
269213993627
-125278783954
300000565983
-189557446261
68934750623
-219250798718
-14609204133
110990493498
500859106995
399732300535
-289549105509
-160924386222
42404728098
147906329393
345674630856
-506547964943
-73434962210
117757126822
251476692860
-84797705918
249095165888
47088088560
-238255736964
-34861594813
497769972714
581295107698
38275341291
51120042133
404399939609
83799547054
216802033217
28935172228
115302125320
-629526995455
-336859218866
-211044561747
108360365292
239385368030
257159072206
-394761210836
-25075587617
-291755062225
-98009411364
-212555465664
-326244016660
63092521059
-80102604351
262380068271
-495156205155
-119065070407
-20205597879
-135510515966
32214293365
-461804362006
-363937309624
-40750680895
-433341563341
-245660233325
-224473448834
405123587680
65967028090
173256320683
-202102708401
-28711639422
-293545506840
94782680130
-251997069122
-135744434023
-643920783269
-239546580909
148102796829
139543455468
172221487129
-122491007643
-265181414821
-287209698078
-314436419187
-76330327533
-471961726
538509616510
-164319030702
-164587027057
558873206397
235727224845
539209681003
-281860979883
270092599159
-469291282381
70699088886
215813402221
-19588957938
258326083425
128045640052
61549607363
-375595184258
-33316701840
411404431277
-240807494649
80977160374
-101657703684
-84289188837
-439217428516
-441263726315
377736116513
-219450682941
-7891759375
243924141153
273447054747
189627339754
-110394560552
257864375469
353113141996
457341162
-258242684381
-56554875193
-179914013888
308801713149
542984911865
-288544472119
-59330909891
-402131035877
235996954397
-389828338863
-42701735175
549165943906
238404625905
-248394211948
-284836039837
-168397855342
106593973412
-494088342998
107732523751
133420163058
128315437363
123465309804
-100460149866
-132628982593
78830833121
-230871306161
-105234364981
-230130409693
-154942663385
-351513683397
748557309047
268805608759
-223903796646
-106302343260
-84678668221
-21370200609
-595918460076
76714791125
-149672825460
169381499015
52013549013
-42376151067
177912934470
292736761389
-151111267885
642999671770
-144950758050
-91128539880
-388630355174
437299359056
289246266675
220650599389
-121794639262
-128304444705
-197748528417
72950054084
254910093620
444476505827
153885790018
-151029541718
-375012257589
-206465078821
-277421104937
-66044010715
-478883886550
91395979236
372429328308
541329814263
162133951969
32549930168
293166225434
-90982414083
286631827559
53799255461
-167480627580
-302118563872
427027298831
-282084951639
161502480418
-12847077417
-195681495275
486522258389
198336206403
427438517997
-137624855794
-273427132672
-41990350445
284407146525
216450007178
634379377625
-425320544330
-124710646982
12656299757
85225150082
-55187239302
-219185868091
16943990129
43636816300
402581438628
224943980124
342371682457
-23137893435
-118527341956
338045389189
56431347839
-225690256538
-163331435039
344376195833
576211272572
412944984723
224630617687
-10614567099
37624030457
560224245890
161659324404
64179997022
-80166182640
24515999518
516109578598
446919588953
-228808169504
-289366299600
155149167035
-61205068457
-136963043722
-9994217939
