588902548971 -484299928318 -18141370009 9309008546
-106787200763 -434759883 -242088787999 82038496541
-267831598279 -322773404260 -226004895413 -350532525006
-392926532933 -61286817981 441297239744 -311194074796
-425355416197 -416163188827 129421806188 66019815522
-188724182592 81194740464 -335439099044 327358839025
-309598528576 -168655058864 -506821606954 369292988748
-126447991948 350409429329 -16324783028 39825492030
71897926732 -212765378832 -467013778634 -585261738536
269427491899 -112258367264 -24732662319 263762761312
-97572435873 -518293271953 300207987807 334485157277
-230337117329 188704626115 -354422595451 496211131469
-426129590559 -25773619990 178118633720 -401627377121
247848312343 -419042435090 123465199044 325793940471
455956775656 190386498572 -693105771217 -290188349658
48470184936 39972321078 21361611650 318353772567
45498634369 237940419506 -29627415359 -440784071236
-45111048629 -308232609686 49873375455 -173114420472
80826509504 371453692717 -11692848789 269403475449
-663631461081 -188609791869 -511022970856 29072361773
136715977244 -334183498180 -110065154627 -47540305252
-154750207619 559849821035 264200903094 28760268819
-252344055291 168378530870 28474578000 -462535806170
525442204953 -382308348966 -147383289258 188792989302
-117549224755 -407396663535 310630931809 -239232980215
-196228324210 -359818404401 74342898349 408360255412
-201456879911 4995690547 -227113347250 140088515005
494255336054 223526874396 600825408553 -74530007558
-470836106115 -120352531221 541739336430 -25227288891
121423299473 215743756858 148143040910 108034074762
-87018288968 634523288002 -76181795179 165672553070
-61509747273 -108012753575 -376356741174 -458104752522
-274318230834 68860672373 -1160307057 501630010643
-67756558111 541204011921 184982515389 222037557834
-520914692581 101857430996 -221008422664 75015916108
-59392406344 -13370434887 268158284518 -324677094551
437528126047 -406393650253 -292903884852 -54559870841
207009564236 -222258507068 -209691199278 -150566436593
203784541021 327802562391 13048237663 -533137863500
24188548078 279028484332 -776479048657 258924739356
237155016419 -183763528805 279341989624 631827694760
288245938282 137084738479 173931204048 233465903446
74499266381 -162013814839 -59069229151 -88915039577
547041191073 466764093041 -20040995208 -33365218889
-25475144665 -171232983521 326094279646 134524810336
-352547656168 -1513969083 285408380357 377530447374
167489278627 -416448543995 503096687742 -80471640481
-576061250318 -131648130764 -183891360559 396482631805
-257755299257 348842843781 -361431773159 15940677502
-138166652072 920203558 119291397557 29441251352
-642254799236 -211921222321 148648988781 -645525836069
-33178704779 270856068384 213303254427 261010529749
96930364343 -695037943730 -519840171773 111590225263
-61575543479 -160685569831 -82689826883 147876188496
-53432479279 -176218520207 189083821218 394244765108
-197689702462 223871030644 50390058844 362785461329
73570994545 -390581280993 -107989423211 -188129287719
302618390425 121731881198 33914083046 451080471779
-104767549067 390402916600 -759522353635 162645781167
674064761014 382809832784 -83329737154 -279537264719
-36613302330 19394196707 313175216737 469461920036
-452031436849 -89052299416 -4722778046 -195055453111
14648031093 310168341005 394131987596 176243612795
429980999373 -548825749723 -89915802205 237905380618
-11604459493 231822488931 181826467587 -312567065357
-87651678681 -155207447366 -325951146941 284825701012
263693282611 349371684848 434015114453 217717963037
-21130295316 127220793653 150813582198 384266256759
-57885903579 20551907669 -393571533731 95065251363
242576307273 267170561092 -12951928863 641244027226
-108945459837 428187299276 358112132234 -395349028089
265639207719 -592957139105 211838087956 106900385552
99370846956 -145943452982 -192610184860 -180696613764
-21349319215 -35777021893 279759702723 -189430899516
576093110081 -24482254530 -324067268159 -23702221988
-154529119287 -481436421107 445481920643 201444853967
-647533118767 -7026995747 -204602673427 327568809781
-204848059597 125888568285 -80494206685 95788081075
-619919781336 -261942489915 245457029898 -32188128742
-209103367570 150102437999 135907932489 -103464847757
91920603783 -548850461970 554042761532 123283139734
-346689816452 -208865033688 -9552668979 38448159751
-108620152624 90099252028 236624122578 -206222945393
-251854656702 -119048055161 -170018606695 -382619930175
271832248075 -68064502991 -194384708598 -593608230639
-283311910168 -410327394607 -643309690121 3303338481
140594842010 -256120633148 206880289809 -588883297757
390147238658 -535963231804 -168571644410 272608700452
89171082447 284431344299 -39304553514 490747896326
111286686029 -165181237639 270424409786 52584002975
570049140241 -108762405430 220086956080 252876332235
185696575273 -116427273499 -296693734297 151835850928
39701246542 -132548324440 -777585241160 244171503575
475140399804 -255764652567 -143234968404 -26976974865
187971622164 -10456015514 -241009661034 -142778623413
-485650899294 -6016350810 16289211459 582255136810
-277826989266 -822274059821 19596953961 -117960352556
209072358303 -81347401917 264717029134 218762793691
-28297508953 317091829693 -186802424431 -433445262052
255942377407 -412784088814 -198751115187 685671444512
-293042802757 -369115072464 412061456101 -279812027274
-145374953120 -3179161914 -237327467767 368991375277
436443001449 -256962549273 72041011656 -188233156716
-26668955927 285445188862 85194336338 44503804154
15716203624 -464841001358 -32922058565 -55291938357
496724999827 -196001532502 256203025877 -185518562590
-343382184924 -204427311255 484984263430 277892291764
-474048218001 -130919933583 -35813530494 27710938462
52799976292 -140563031140 369863042390 234580072896
209495134935 461153192608 530957789350 327870075837
-131009150053 251868765467 -33143492386 15245563630
247720895287 111282348639 377915436427 -73697957385
-64451042175 -327341287651 -241549162756 428600665977
-139833408104 779657825641 -182266563596 48684047767
201100647000 -30845137159 -80757433335 800103278666
-263268265887 113932933070 795011134 182001632592
147563074622 93576994308 547026119522 225151075710
644305209090 95667563259 129948217402 -11836493930
-420194345509 157624063554 147461528448 226345744286
-153911208909 138988161385 533583738845 156917075331
-388401828080 -364904910236 367982764719 -91044998313
-355948305437 266172236893 -575045197950 -60461263498
112133819602 -15249364377 -201548084515 -370263982305
447163086016 637418640582 22157962656 -57696483035
37193590842 68896133103 -524750861009 77256885320
20752049053 -76490126637 147864553834 -41191080794
538553908810 -111101897377 -47135630095 268124886010
55789559538 539612360229 -34864689398 -62752233797
-43674311667 384333021017 298196336980 224004277617
439001088137 -157460388400 -37927040393 -679698020161
-413710464460 179314717432 290696924206 -510016719794
4408762467 61929907498 390744789484 11901117059
224687658237 -84526819158 -66807054469 -330855053316
-132639739723 -219973015900 384472584206 561414558976
-392256899804 -43839794029 69163678742 -35373892658
-185826860554 372193245572 -254743208090 -182345052333
207088561463 400129800413 603397867976 -203186583180
628525719640 -35657843907 -192842990984 -42688227840
420214185482 116277434077 -181917185551 318354448224
-93793457212 656231982326 -202076026003 57578690143
-268648396117 24304597251 51922265550 -389664972105
-203627583955 -166971988973 -547265393704 120179241045
-81126306570 412323654021 -25270757836 476228750882
119623834391 -222377129247 -50919259485 596484277431
-209068648481 612926932266 89365300811 -248927702279
216021208284 68252688661 -221861880260 -313861572828
98941475554 -331399368442 -62373590139 -230795329753
75747290799 166076274984 -809995980254 -158904234258
-810970061721 15263002843 15025533931 -9795524992
103990595657 15048563810 -195805546276 -58945786027
-172194695138 307827493672 -326562375356 591841265639
176565302517 115267655717 -109099186733 189187803621
-383606046746 -486476213512 -349651478590 -123007873640
-57635103990 -296041829659 -29104513246 21113391166
307496294364 150247482193 -139843842214 239069020112
116730980540 -320705852011 141795526814 428986382492
15770170642 -211980867453 281529275188 -165295804535
122538092251 349230578552 -236770620042 144162386085
3691643964 -303641773363 -383667463732 -90156014352
-579479525164 -33082472125 -542776325313 449156309639
-262084683670 -334072280386 349697211815 378089323359
210914895547 258150137644 258454604559 381567180074
-206764493436 -254808353240 -105157170800 -440953959595
504066278849 -84921243049 -415152685133 2165739670
-361576593107 603322544280 103513776411 -133609726551
252298359906 763679046965 -97580741271 114819628531
612196778567 -225287197038 -39894408813 103372886782
101250333775 -21444698429 -54287817813 325101760329
70687482250 102112023197 754768224895 -219095712851
82659409542 -126642566563 -261106039581 335675762873
-345255565833 -7835988957 -4594517673 59169400493
-77119260297 544242858729 -99580456549 82956582566
326748725630 111400919383 384099382900 245882188007
-356584648643 -62501622937 367126506889 720911139958
-376240879738 151873446932 -147135883550 5128107210
-197120234113 58915689318 184898019317 -345221904461
78484449609 -388554587575 -134847319163 329369920815
75885597091 -22205230932 280298298345 -265480229527
-516729127318 32700045263 239248550961 -165213472847
267539031212 10662268058 325252441572 419521697080
69275935893 214325623362 -161278346279 554471828675
101586517908 -267011627609 -75289460314 -324029648003
-413616744920 -25640296787 189274453313 -41120003801
-189979638548 255281521301 583870104951 136197376409
337491946560 154736371571 442787135199 78482780802
-551360724661 -214977243787 -90811700648 419767560425
96467246956 -770800857028 357077731812 51986572901
246069302599 -62859527219 270067254175 -401525409249
128664079543 341831191473 59941795644 -296786251511
442479789136 -176609369444 -324132596406 478205389581
551903539487 -348489490219 107336603039 50885798762
177940909811 -128424652339 247034552228 -366882926351
66130909289 -429069057005 -277311526176 -170862374744
297018923375 427916943119 -515566607831 -227919491485
-449741970114 -460634023853 -456169534622 -279304978013
-232141951926 -53254735542 332115209615 27840753813
203772380251 -287231529600 79348150246 -342089267835
23919832609 212923795300 -280113561925 -328435282313
-81267847151 -278477637129 -553640575474 -187411936313
405653778744 76427342506 171115485126 -42894327855
372593220801 25168131436 -36182569302 -91178106506
-93368457846 -663718873602 -206556016826 -51735574485
27647251711 -362904603593 516663077820 -48140107527
-500972485211 -268387880076 489611295734 -150863501886
-377660130509 172550508412 -190243227242 119713645075
-173232511865 372266262001 89437554043 -182299695084
-365090260433 279484385095 -58153618689 -584933511260
-28678778529 -146107330285 -245814764400 -188190264530
350441610391 -62500897499 74624240625 -708408241013
-524364825377 29829192044 273855533832 98597345967
-572058049175 -604176190852 35765257807 -171258844233
165610804344 -513596150779 -63570676863 -102773413391
-250353621469 188343605330 -241503615259 -123242774776
57617518536 -186624231999 -192663942540 484798757509
-20939943447 136794509390 -501843987235 184158235236
-337184925822 41039537292 -315706600661 308926142572
-23257921610 -92291305637 -284345345889 460498547145
-126234014051 411746963605 -110261149743 -279585902050
372810362255 -198496027057 249026563961 227045577312
-186471946101 249294052606 563646431173 478582783256
196941756555 -301089823872 303552241256 -511687504102
336620074514 502695769599 428439805191 90466667651
188251024066 -378389589344 71787538897 247161539615
-271920174309 9871280475 287723406788 -158509263432
660284518966 -448191709719 -20889153165 84138298366
-87822918778 -63808308494 284063689238 170362425989
-221704988471 -349849326220 -119514193105 450246748820
-86902469516 42765951027 499742790154 555179879542
181518341041 322726181742 -528583717611 202784880169
-293206254903 -107651274657 62524754665 -230992778729
345267103099 261637126285 88837121774 -47422068376
294351593366 -104919643910 59671249094 -84051869200
-103255037963 237719622088 -75133928625 -32693422337
63677822625 719706882905 417911280895 327077089703
690735127646 -195079520427 197997537018 45140472361
-84674794252 -36597728603 447160899258 84633891031
182005305475 296130164677 -115645438136 305284863722
511013552033 276598621534 -231462324419 -423762617645
205020342308 -49618444060 265243407319 -236370166230
-147669248213 -48568035757 -178508054801 -110702091523
225291349211 -79205824967 -527794344449 631533190871
74157352559 -447005101317 359518797613 368717858533
4515753788 -226853261487 262612088984 -575273958472
71836790833 -318704732208 -361905934378 -178470749027
510901904186 284836543042 -280517854425 -326895360562
363106251125 199329307082 331035798800 330281849350
529963490195 2862590679 -131621213458 106732969402
-289175482609 217951071326 106405030258 -88024556985
305040650047 -599531527202 271128818830 -217418876049
-22207613348 80576379391 -412808578944 -300888795271
354154150481 -65582483636 76328296819 268998817551
125270351453 499290837781 -8332933778 -308689907925
-52986960031 -243037015108 -577339274964 310912013934
-109190995809 -43272082649 476239744130 324614174948
93767215856 178181618100 -136819673320 -24519380995
163850681307 -288333125694 286618306860 -155143112981
-387510752520 180266565868 -85471046239 -26179538641
415011775266 225346504373 35162098124 432600394397
180623403648 -495201526816 79448374394 367138909416
-331224702203 -239765035118 299846020170 93241117805
673752598334 57684987271 -58004491057 -207281178807
-39547161080 656746478117 218546240363 374142697287
-179422035298 7189622912 -567588993399 34185557308
-2281932429 -250117483355 -440772538611 595419852030
-74521149778 504058677918 -131876110470 -520848702937
-132249291618 -124751725192 -262206774048 247680550720
231964062566 319808515325 619811056988 122959832909
190951043709 513148211843 28211106615 211161965951
-395347452299 -213927785874 254448433959 35881262882
-273064270262 270214576906 -64288508850 216903772152
-524505985774 -131494715429 117665982949 -409177527688
6054350445 237289115718 -441750597763 -301096094603
515538128928 -253639602210 114723742995 -501627707332
283070115175 -175702990613 -466340858191 208395112565
186472397952 -277814135708 142805675384 -78637005389
-445504727951 -177858345429 -108557102072 20653380806
-134195943127 -201977501024 202236108535 -165785585949
-149455144058 731632069631 87449295706 135441743524
-121736448788 -510914866668 138324061406 -348290031608
373819790930 2237186611 194854105806 74883317260
567309311597 -54677304963 123469992020 -33924402307
351179290890 -262661445901 51836700751 504024235987
280101941363 176628790820 -230136601087 -643070575817
117587419251 162043409119 329423988485 -394948720796
221368121924 -37189550716 -776036949818 -4034176151
142002301326 20676194867 317676903246 45812951137
-30254454600 -25274733175 467631352665 -597918643585
219669978750 -25521869981 -92920206813 305577766330
-21602028322 38983186542 -72854754389 119960382029
418374798614 -518029977060 33447035766 316534102793
587098431683 -8171878202 66610178280 -314474452015
373864296927 -27124155358 391115541157 -5906498406
-460850794373 -396171226325 577241121110 254627444278
28567543103 -218933624650 35199977660 -336512317565
120302551956 -172332757202 248739958827 184511367237
-169517218519 -679091390037 -458477079382 -334857264066
-185629246333 179681131049 48299084706 -106548664967
241659503543 -232560327288 -496642749467 332890054475
383944325245 28684061172 104981099004 346414492589
-18532983252 -195243450524 136282088796 -268320680019
-262761470457 243134239163 41661555489 -361880513383
311649604240 209562905971 106890397279 -26393823574
-268605174422 592935863208 -432007602110 79575914743
-218617741480 -228590167414 483911095522 -83038090562
340229526282 457869201737 323122952987 120586032425
516413326758 87406777914 -220517363579 -714177969041
289270488228 112877015575 318134403990 145699171034
204000429481 -412420016653 -188532576103 -80523424734
-180224462330 -208324705293 18677815986 -258806249743
-159187303667 -247795718491 -407645013981 321625796387
62648670978 155232214006 696139522501 53147891629
115162610090 -119865742487 126065755860 -434701174075
326896040695 -229064426408 -258486881579 165574742247
-104649601340 -556371559821 188831720006 414342412130
-123086793652 -194143122696 134610491999 -362740020582
-656595764143 145562200175 -188891431827 -124280637601
44516744693 -628086882833 207119055214 -152693307159
-428867911901 80825980543 361628610627 444132998642
-418331112433 -186567845099 -55022478306 -266639020695
-250730901886 -311618936778 -36749622777 255951500605
579459711890 149494724543 -401641877774 -62264427344
-133368327840 -332437106608 -473553701232 452320997382
-10049681948 260994431118 -493442543483 352142863172
256565166714 -270319080734 -59844009255 100687937448
-256734613118 480580167009 -253652532337 -333948147321
470691372045 274840871632 177964388610 330705175695
-61348693920 392129246609 332561551641 573752699375
-291326865124 347435920535 -307594266739 -13908832322
-374618109790 27434135960 104823566274 183907824605
34783664629 -217061140836 -231954695466 -88204574624
70426066959 666710289787 265557713787 -309968816864
380250129142 347240758609 -177317466972 1903499055
482909296630 -134176312071 38246354154 322302324763
436179754761 56125767231 -72525743386 28522445146
-5457140517 -224954084280 -349382775831 128584385155
-356867306448 -108644409515 459836292663 -21878037902
9742640859 -89945037676 587216901491 87626933158
241441325092 -211424253029 -23957364515 -807965906193
-149078068562 475352475750 -90440786038 106678840491
428435297334 -12166741327 428102930393 234283816996
-188260137337 269186891330 -144733582474 235487008750
71375580743 -185258197457 117921081064 -222962216364
50047594138 -490381306153 17634572139 -81934544583
-349627079105 427090770144 255980605505 91348793306
-380216400530 -74953721495 63243804959 597753146256
281494471067 462033320815 59773519146 187024645835
590509449636 247532378261 25266702531 -163172381960
1710063222 226824159149 -554406285828 -188344195610
-205858678810 358831740847 -313057326121 55594938844
249064703744 -218792973002 -607953937355 498081994498
431672369942 -11661695408 370146046117 471821204268
-83076050631 -184981466975 -7694595100 -83978895628
-144830864136 -273629213558 -531702230842 281581852369
-261672572238 408465485445 52226430558 -16163401516
-236716460371 -10442583840 -82545961262 444001908053
172907644680 55349896002 -491498949883 -138225937165
-321842165434 248032569099 54391258250 140281520466
478303337884 -401554300391 347429289971 260153990023
-208950175565 -99403062947 128896310621 -40406338919
166619756115 -211676095272 51659808780 -592089476106
-170131626716 293862925489 296614479018 -301735927619
154096522368 153659452027 423834708997 403523164540
-606754035372 -606374427429 235829513125 -103774577917
-252978010337 -176808310710 110327468739 -411346118655
372765168185 129581186229 748586574259 -180752972436
-229088866163 -290969759583 -145856561960 263135775029
-194694282950 -147240158424 336680075698 299199428088
269346221738 481215182243 -97805265539 29874696285
-156501107645 183804645986 21225109238 313870980994
40369513338 -23002408765 -240724862891 -646700608673
262756846660 119744661872 -137895522464 -143893003929
360022115512 101991384510 82590721705 255113188287
187125994811 -635867477112 260032117743 -69313352169
-611815151607 388142611509 362491987378 -176466869698
-336122146372 154841239529 -106455259005 -382558792882
238723858872 -634775791146 -130727157621 13777202268
55616615995 57190181279 856958862984 -130435567890
-214034640392 -206142963304 100165151032 471890339
-334303853955 -37896519653 -39075316177 751210790695
47760683664 24900617014 -137868460678 9441253704
599207026046 -267047701074 24396456206 133830877199
42395597079 105203582822 -36507647668 348840012271
485208723006 284310370933 -27664496638 -31875658165
-209770115071 -461510690878 373805963445 57077344688
163741211108 386076789162 253391647225 358000796918
-101127616531 434721989521 -124809006038 -299088395706
75674191090 -98695082321 -678568556157 109594296566
-271396801813 -23633925124 116507263819 -288291367893
-796225038555 181584775392 -230044390935 148216490357
250316929587 255733852091 382940383230 434042040389
185414588960 698539715464 -243564373055 165512336791
-278552288062 -81871867150 288559034903 -147294730589
-232936949209 -202623126073 124131174027 588815020814
117325781202 -147087257804 -98175094811 -352220240212
91108603014 40906004939 144103393214 -255237063447
-159567649965 378576076631 349895869061 -141648974144
-183181336009 159851957902 -70049164321 226237228582
159940950973 -506249523271 187374517028 490239186339
123234848798 222540804217 -410235440066 369388178489
-550538489055 -233495097743 484418290260 12448450587
-128111680478 515800277990 340687346021 265173292065
545829171645 12958898513 131159787447 -272524158880
-261749419109 -203087201767 -426415366569 -447469146725
-175914768986 -292468852954 -351267964128 158499244828
-276498964440 228183318071 -337365674665 285897673545
306316426815 -283132782401 -68602910067 344003748229
196218633499 298131348772 4212595280 -43204951541
375455196579 82900212834 -87713114968 400845047409
-295583018579 -11829724170 -75245022661 297468074735
146533128830 -172413391936 117801764750 91998568422
-136553020184 -17729966772 107260591389 -66210990537
-112136628241 -500079257724 421250231161 -242301818786
-314668938488 -222275639310 -604445125842 265185187782
-332535992719 -303890529566 75726711560 -327551897942
392290729847 6050875271 157005237152 58029065281
-493551340093 42562654885 51155874445 274493532746
-251133142334 737725488243 36244063537 -370556829144
-220955292803 158191707797 619791177259 534451423431
343912840509 292162384531 59072300639 21932670655
-249692479043 588386732512 -80790745414 -11377349467
93075194353 476519717155 -517583910108 -77483916875
9807977302 346469218778 -64167363628 24496135057
338961452351 18071679837 123652752250 -424646833577
793903334706 -62967578210 -127518687294 313098347677
56233900403 82606867337 469149152594 -528315429711
-46238061744 171280526839 -56615553885 -175881353536
138254525367 -188618391233 -293151344580 -553330059426
110799922108 310432718288 610365087455 232163932159
169558008807 221206800647 68060607642 -210486335504
557117714706 90468556571 -15089789620 46447267045
-135899573781 -272723996527 -155565381421 -620789058296
-376562761881 133393054073 -365604302194 -448489775479
104669325681 214155687429 353134823344 -85584883011
527057865625 -135619916592 139127362288 -503380840551
-321192696096 357647453405 328668854676 -141001625784
227038913255 -21601878649 -503331876239 82385306485
-133889873728 -344185958889 487291148024 48643936019
103831754540 420977568976 -227716482289 101200242439
-237045544238 -254776232960 -210003457778 319922370753
-31566516708 588568242462 55402824608 -94745094084
8978264679 45230937565 14993164304 224353743744
-499466140776 -340951479002 153320969101 319079295334
-205340348959 31736856203 322516859524 -30072121003
552813645863 -349138554223 434642788494 -251836965937
-355076944438 453795521193 -149384288519 -374536705044
206312541097 -18737600354 -83052888097 -305158114980
-360005645007 -368160879032 310726273133 -341856223421
201072061662 -288142012588 -395114957931 439036335412
-247831024599 -428185862717 -244042672194 -5572427146
30604660299 386832621986 433311407693 463217126162
-40619915421 -31128085606 392607578416 160961651650
124289586215 37588499254 101486290789 680666739559
19736246119 793022657964 354651031078 -59752740536
-264289536770 220507661009 -411728095787 -393046660864
-293701774465 -128760944268 479178415468 -120710503072
470967983474 -92041138981 203882333686 -212814857485
83045384741 329231503934 -12680863981 252758389324
-169596707176 128859526045 366187221216 51262615826
-31482691276 -340394920760 162176796453 41854115505
720899673212 -27521769837 131026519943 -233124738468
95905115248 720905373 -263855207745 441229109177
201735414569 233243987807 -419381063061 -38455640821
-71238169003 254829326006 -58359845247 -212408291812
-337203415083 232139936922 70105895186 47090095481
46096811079 410619240487 415373529836 276999691166
-398127800595 -377425223641 400603219501 -23562690829
-58858346186 131325338818 -26607194368 -42044481308
-223624952260 439528057300 144369346395 -400098403336
-75149552170 149567490913 -174605497050 71334567388
-315076430264 99140256940 419376666887 -359287497429
554955574953 368555717378 -12097211095 -346663118015
445887353963 -59928131650 644678683208 264688363674
-235380669663 433658764198 -122433315570 623797536740
208852150308 -135187960943 680391050215 246457916632
93568388810 -195340828885 -336395439205 -205793070795
-467851370111 -18289526722 -96284995652 154101491841
89519096348 -173392447981 89272613507 -237644924421
701315954368 28094713921 -43506088377 58551168540
-144127918806 46514381720 207902000676 324009773669
112018497281 582881450838 -105092032444 -263933254155
-9625430655 431659114158 426901530962 -527376162205
165957668481 367839913194 44034717251 536447302044
307882169015 151951404091 -395323503228 182043991862
270436808879 -475118953331 100203417107 -198928762945
285878008173 -43388761432 -488198380947 -97390508168
391628920308 -367363492824 -231405943417 -75562992781
360035232277 130146272955 2806978931 -758779751378
11957911533 -250484865623 482832975869 -283884978243
488022433051 318246212445 166807958534 188237180596
41055227225 -198181502257 -38392992573 80746014309
-186019796086 84577944956 -99121811317 -387315754384
-48947864299 639203345374 -119560616483 114154905563
-271386222722 414912773992 -7283058208 -308154363949
-514500815270 -230002319269 -50445508781 -168085077258
-141138008689 -46218797899 -647272342048 -16069685926
141652178572 228843520774 227939655524 -98033572884
-362094670587 227841183954 177774925175 -71461018466
419376629789 -76648278729 616791947893 -34788910622
-65432119584 -141359920079 560042494081 132009892184
-86051450171 768234492187 -20571664378 -209953025270
-232587892478 236832208239 7177064713 294217444478
131762292669 101228957424 -217275430704 526207800302
-483871076842 -27479164392 88959304575 -145742327230
-74574545831 181581763901 286724517613 -283942253462
587985432770 271311394693 -189748483607 -240251844933
-66191066903 -325581796549 -220334239131 -632077571739
-363508263929 -181894749120 -51089031452 -75001824479
10538475720 -483269529057 -322407780011 -50524374869
23347678521 -236635427774 -330047031562 -229022517524
-632675308873 -37598013316 177774610589 7444482198
511339736816 -193819695417 163448494265 186572598048
-301892909585 97101940673 -212870695690 -404551600444
-15312906006 293488742731 285916622864 147746746393
187029458376 -312997351029 546429744931 -675441403976
-211739590610 51324120028 499079023395 140769434674
-175633197463 -623174011682 218954230448 301779696787
58520842924 232114340438 59366048217 -389752149257
-102101160585 308092692407 -50622344480 -118254138638
-151352954941 196466768310 -28831233904 317113759325
838894005865 93840502294 -79218768663 -74012476443
-264567840188 143720791829 -373649143442 -57897314934
172940231080 639204247927 434979372347 436790399164
-46106507027 -281727013579 -94717700034 607330597510
-245728826187 405856297794 -174287114678 -52292735016
198971193871 -64922286985 -9471417003 -301691806111
-241527143426 32373512143 556053925970 -361811602043
-15284668416 133855745502 241534811811 -244023251685
48508074312 401455069108 -504517200336 -181055545002
139011784293 277651159193 -150291504647 171570216544
365306358548 -123226203026 -449103281050 312616577542
-85361295371 92053263223 72109929239 342979983477
132651992066 -27433026848 727731970683 254698566805
27983445192 -592191727872 -5817611326 -321788049286
-256050043386 -388594364215 135673362350 635906405734
-519863586586 43472113998 -89020065903 157594682333
-166926783960 403232533611 -152215619790 22520608007
54534339128 22596326701 376313134286 -342833701175
-651058471069 -159271382804 -109786363447 -195477176473
176140176583 -454354346052 -194229632145 36247301387
85577755169 75055440372 -86838519321 559177104288
-524355834355 -164163150251 440024011212 228343532938
146113224412 586552554265 -214201900653 -115868107607
-389124254920 -259777209860 -295982823351 -8116310947
39930100165 -309669772580 -246078394516 269705674956
440233137207 -507626437909 -228209192074 49321519744
-466711621008 255909500187 -371593257309 79375480686
76548289520 334741169894 -29703950194 225019612484
314562180646 109663445893 454581675180 -9327153989
-12103074987 -65260784054 -317184917298 -557531904515
-163663651917 -92101630655 326344907815 -422672482471
230251787267 -500889423482 67045012318 -26141395538
157410223967 159451877868 569189083078 188235806252
-107876205910 390834374340 -11530045857 -187783528775
-26961029942 186351894052 -189711143799 709939989840
540718176447 62937416273 -424295500361 152748772430
-584332079663 20946214613 -243813205889 174238005224
192156964097 -374875048809 -364761091564 86152235666
-305061503362 -94879587407 -67972155440 396345432585
190460473780 78264570420 433123849396 360386131547
303313263929 223118541710 -78176756251 188535032374
133269986940 571284360251 -254077155662 -202434838904
151368967796 403456598206 237444930500 376619132174
104611649628 -53860010951 247245909145 -365751724662
-384382855853 -343211217040 414901504790 -392249698284
559313223374 -169825021828 -325776296727 -234169827434
-249241749363 -10989363446 415735094361 253290505347
134634236658 131917607556 225608988969 182551373774
-356120697075 -519386428609 -296183992276 359257484837
54442338592 5748829983 114414347384 402730760467
231473219131 -183292824644 391115847645 -111551393836
191808696445 83303741466 285860790635 -85681166032
452943929208 -599861058557 212078354735 327359596805
97519800645 -263079941494 -466748363600 428047736401
317714929372 403745044975 269149132501 141288474191
38539404513 -374711399977 -11720421070 32816954087
125319587844 -390221507908 387450611361 430043513307
-347902238021 -32686114325 326726530384 327543066933
-248290227255 187709637541 256586520790 -294866454068
-173406614900 -4445468313 -3996931947 443447502091
160520175994 -578154799009 427136759179 -371026647603
-499606783322 -48470590516 -148010698464 -53588126937
478763968699 271680409378 198459841426 189502946672
393718638764 -168379801782 -378295168754 -208514089911
-222007237361 258915127246 145049088935 -98545842214
306420072996 79287371060 -66371670444 -778878378455
769517932138 -103704151056 -84721611966 271375987322
107908893268 -76209465419 514998273370 -113921957070
-139687378774 39025188044 35133029651 420558460818
367923251351 552377321697 -196415145462 66145339761
-178717904576 326616615477 -102983045766 55740295758
-94140642803 -498599085449 -690599399416 -78168219262
206191420180 -45190174248 31253472957 311160865592
30023305109 -296738452051 190518948683 64304003587
117976332262 -397611673608 370855852517 -74806982265
339432707546 90438305702 -288299880858 -433727806081
-470608946090 419469357176 90279532693 191633318610
-378529394808 -521223396906 -43766797827 41277933517
-142902076068 80625150541 -131747650466 101047090405
-175227783273 -714948943 37165058176 -250574684887
-243457202230 443181108492 50763923614 -399039290732
-370486521675 -414010288478 -435009471146 -46754244984
236461226662 119254084420 59560135098 658905037925
-21200401321 62585514470 -448749069876 309083117564
-234114236175 389536026809 -528796910444 80998009574
-401494531007 895753248 460129374524 52797645368
377894566653 482723042838 145892755188 -109858929905
-139804838535 198241298534 86792585987 112117320894
-544180462610 527843882299 -54956941387 -400779007100
88747754312 -497346560674 63052916425 -377380360545
305632319953 109666230988 -215432138750 284546993502
388425063693 52590016886 276157511586 -457076717685
46324013133 -179264909663 472397849993 -129866123541
-306442144283 -346239762949 -286669867665 -329308260170
-148402529824 27412294781 635489445106 -7840479068
289488682807 -73170954067 -114915639183 55768371344
-295764954673 -169677311894 345138605547 503938618131
577453040353 -23802478098 237919213781 -127329192101
-196268808154 -270554310159 212658477943 -159075103273
296018096693 162677175783 -55412908667 -543448787418
-227015661681 -56613769288 -137895911741 152458203360
146636125160 280627193428 -387122380388 5685849558
-128914351783 703354541230 -11712747274 -242914860926
58709758508 -162260772344 -287466030561 310006420571
53704392571 291043016346 127986742097 604144237083
272674050556 -434974959617 -34136562374 -119575223373
500503558529 147181726791 399755651900 311605754500
-345769729944 34717729416 682712831071 -91497110433
34435196574 287242301157 -208706807914 175162566191
70402163792 -69213670587 198859651626 153403218505
-151680871732 134276108318 96711294714 262518413698
-80379418538 -443744595928 -22497246179 25128570911
58245731567 386952463386 -299456327097 -481871965313
-506866024242 231426146304 522342866872 -367782744009
441990690952 519461355131 209927328937 423995046594
-678526427510 327834948188 -203327673328 375484039343
-164425317035 -330468091994 123227803608 418116836946
130012580671 82771655358 293133985134 68410403726
-66266456724 -33099228861 -598328248761 92258829347
-239330386913 50655511851 -32224535562 -521868240289
119685097704 -440581866000 479817119216 -20027530246
-63464532519 160957297343 293143555632 127081438638
-84459557580 19004171489 624303627965 22907477627
562887040460 312090960367 -150712272348 -227629731441
226423248352 45314777101 119625565846 661699270055
-324686888182 -413385155860 -105873484841 -95062409170
289606889816 52055958483 394308394385 -454693444209
235868533943 -385200466584 -297234607849 17007042539
437856440700 70567359942 -10462742030 -44231939789
335380407701 -592150969059 -29636068008 -53740866825
-233222699190 60307796602 273766426772 -725812729926
-517176262424 -392677665211 262846115089 -54524347009
9484183608 362850035609 11840494869 -154432555828
219157588468 134128350492 60152599551 -145257615717
305772844575 -364242129054 71912028509 -542727228376
-462807634795 589777215367 -263576059316 -199817409854
-461503125439 -40933033847 190801950423 191250465067
-124488689050 -172895593434 88047278123 47024526585
-3749200978 118045110725 710308202936 226681359057
255439007684 378228704836 439605358065 23023643216
169062819379 153124671445 188714944949 -9558899250
-310241187539 -81612703795 -56312795115 487717122626
-252583524360 236885163964 -552256721827 -348912120267
-596233522926 -125338661001 -216701676795 219269745775
-8840994487 161394351922 169314589185 442760830141
318743388390 -131666043149 120282342292 47910838800
283968176115 -261363668626 45817214292 -160356597593
-6781927438 430070137295 -220736619022 -68611194918
-105376814139 -443807300870 81792621700 7958808480
147577783967 -87165285457 -188062557353 504198848970
450916083511 -239927713446 -709572270648 186151174311
256689179470 602272045455 73295673691 273178882679
-570542145681 203912452048 -345526866491 -571031014643
-305489795278 -162075712179 317312274783 367772046803
129339481327 168420536998 713398628643 -406979006852
-16634235715 -424520793920 -91201824295 51764700194
575348740356 387428589249 -130241724792 18467954667
351314998404 -489372028883 44310967198 -548272105885
-83924562740 -44292657901 276261618924 11524883213
-4217570918 -274528278441 -1703440402 -166944490813
200831964077 -299337996135 -366721574773 2293132815
-25545145496 -387404551091 115014255446 173775826443
-248307656412 -130264200394 140378003441 -105857715830
71506707965 177520114816 -435935268989 -292306073230
-418746460701 -13522620111 -614319868608 346683145061
134919549920 325613079018 1089166326 127566172236
-114251522766 -473529420069 209676724487 512018134567
-390250937241 411397945900 -80715355086 388443654280
386332188674 402138276564 279305543382 431694350617
122773512417 -352230848199 51639072273 289442519908
-311346823235 376018526801 386187349796 -71654366122
305961630485 176220818962 -166399839474 209715983688
447395483445 47331896409 -343396258764 201907938086
-284513137328 91300092773 81622975086 70886129543
480407842975 230544763911 40848168144 -558474035990
125261006730 -22546641684 830172524495 113288207732
198117445101 180252642149 -62768822280 -178561334024
298043229972 -205416935492 330216357147 -22860176732
-521801274551 -374356075065 29289272177 -590084630921
-226042954247 389915321525 98783725477 -128625291596
-279023002798 293803045568 152213520265 -345876453283
169588684052 401656025716 -313284643913 74831190069
137113119893 270514848704 106317629254 -283355335596
92363268326 -156870471768 -123692882945 -109776765416
-410025083984 483779679848 193975673285 246069188969
496185185739 -249151382958 590427298578 -76308189501
453294415941 -434174128136 -121403255445 -49891394035
-122822635289 -76746274724 -512523893633 -131280356512
378570387661 600450094599 59342929794 -71114564028
-23415943140 339948339766 67903626653 -377792131752
249892709983 -143363397801 -282286187729 -300176556954
-454915001344 45918999611 395737741334 -108139630024
61809343482 -163456200064 -90315304125 155274911669
-264935764089 -384869190749 -2494091479 67484906319
-196185844055 -249777018435 217920022662 -695351158853
-86492340650 -86768852184 271841065073 461184682269
-283583290463 184131352034 306561471704 119673366473
584412380417 -73302815793 -232206627980 315817140421
-356275820508 -204910102508 -369688655364 44815466944
-120351816080 -394768699563 93633707957 -445498403087
-216164831429 17343930741 550824862735 116347137244
-396816837265 135713880639 -132388474717 -51660655620
-30894916325 -458450007794 224960827289 60878014742
32533914500 -21997043269 -267259144446 241510459291
-180179709218 139750248315 -456825015148 -474336257101
190437650878 683983878286 142263232023 -264751599298
-402107762243 214821878728 -186455596373 558688963111
-164414939410 -62474159751 -283462955031 557522558122
-170078848817 -186810545107 -244448649924 305988008999
-214475391370 552056559352 30403021464 186679699642
235537116132 -80502218194 756560826772 44438553358
-728027017284 -411722442130 189279228584 -207769844382
115919054047 -265768353852 -409632635522 -236234071131
-171370595665 92689030212 96720887787 248050313079
138679742800 -273467313924 130561468232 262666650177
454599402688 -94816307141 -214350372618 -122776880647
208015847106 -412824732621 102962007105 507758040961
-23911495649 -383423447913 3312948462 -237330735764
-239162310996 648048028714 91149253070 -304670414812
268911780508 340734796752 -380446660047 -243214910834
135266364320 219566587588 667951687291 184894614861
333777855142 12453960279 341638966119 -537600459553
352362930367 147763789161 290793646227 -87258400346
-355530062507 -238551878440 203978908680 -252189935179
-59792362330 -396756705761 277140825105 -52845983283
282520041652 -4349619964 -171085232828 -150253611131
58331288805 -38724567119 198811155946 193348096918
635059719537 -194328934140 -88434145231 193263579210
11218297552 -374339014335 -66958982395 -594563064523
449314435879 -278475065961 398203806847 96425732997
2442373938 246606995269 419663907800 -441374068002
93081101428 -151341486027 447230012897 -25791343279
510695023971 58460683310 -320948012027 261685772358
107375787067 269439946954 -153895850600 291215879599
374279416891 451913577443 174790532820 -385935893272
-529162195300 245535020424 404857149488 434815704573
76958675518 588847832325 -66591126446 194729937780
84070205883 353192516570 109336947060 125462060662
-183269400524 -12024840552 -225528817985 -354368832774
-224570017265 163009808615 -277302097540 -353115741796
-236912625023 -70840235404 -84318297319 209253758232
-244562924326 -540757346710 182417970702 -342725061205
470958242143 -519363857731 -214970704940 -38722128247
-80153369717 6821467681 545939824796 23743944981
227905270580 -230177978989 412406974285 -430812611615
296130702233 -244098640480 -5632125150 396300805647
54678112102 82526760048 -502064094561 -138370936212
-508426631051 5876007139 -148806776371 -301403261398
-481182014358 -350705686176 68524540841 446412800395
123160865542 435027400032 333452458710 -20846003450
-89492377437 33514846172 -234823790299 -429332036867
-609481438494 -366625874685 324213122501 240495087502
6112020851 -207447749940 484403200971 181206933581
-588936858706 396107259988 -211069829437 31087359289
25611241533 -252376494136 54163339857 -621698987755
-310224661004 2218496467 192037776652 -245668702160
-122741840972 -424664484637 128837111517 -111226134164
-46516753715 14794280275 -26766551769 153634858731
-104037148533 -336883397978 -475974985188 451268050910
44368572637 -365977089642 -123223980732 -252886567408
77403501339 361842931109 543122496097 125190567801
-385668447463 207442438066 -147793473559 -377166969462
-86363069830 -269447108899 80885485890 7836775539
-129236886105 -648260777264 63306726310 -254156820200
189587681005 -111254760568 370260289975 347934935557
155337550655 -16334187138 212793572389 55479099333
-176905945310 345909187564 485158365337 313034746455
-402106985545 239093167926 -191912768040 -86056402819
654896996693 213041691246 82701049813 -473744765344
-138704984295 17395516100 -571527546757 42215546438
-458924511055 349470278587 294356808059 -463387810005
217711108911 305535739826 -191798776299 -200582273465
129001085112 237743882449 -279196988555 473953608443
-49298750999 102834060661 141741794434 -379604543317
131673703260 346683639249 -379657804741 456610205241
85210811339 -326538196813 -656036770765 -262499699154
-341520975950 -245563079710 -190807623474 438783919677
-364531083723 -227716316462 79665318656 390537284016
-577143293739 321719162876 142155168677 -111428745559
116774025545 245073055019 83794120563 231340862023
-72651737848 620492669333 -449189702432 -148565794545
362862854487 128662231388 62994475668 378178359067
480873770020 5825719454 245149749166 1969719625
-92376594516 292043465638 263748401637 49205838921
579457838140 -208479884621 -175682013886 400782237731
49313914350 2793933120 422761304685 -108305504846
339639459531 -109152409326 424923885167 -186093851970
167458938785 658941030279 195633044149 360050731309
249513378462 -194227994836 232352910590 75951824421
65663146751 -575453502218 53735605447 289961803761
-502880279761 -130256170074 436793092661 -10622865069
365564070962 187710319661 -126371983893 -558212008728
-242673715925 2759600503 -507168037369 157585211990
20185828575 -288628154353 -170343842077 -440082585285
77505176092 77613747347 -147330227670 -208111183144
281088885074 177658220303 -88828139490 357917944243
-74092305273 -98864231 67544280178 -145302736724
-103828664392 -453593412183 137849954917 -340091241364
381932155355 -579905781029 220168751596 190464753991
363906647932 525887959142 -29801177929 -315431610269
-427406104631 134562805212 511498234210 468862310257
388282882109 203248647928 743121352648 -24901074931
-219877168456 18569537997 141673054149 -336703649376
-338946826195 237757492110 174575557581 -281773429338
-168352732579 -156926301418 216942215893 -264234479394
-318442491129 94473407175 -87810816079 341040293177
-283816296239 -196678993404 240944862636 -507987661116
-251746862536 -382253912928 214432438936 180895326951
65822168120 -311362406418 53233214675 -272676138183
-85036891581 1510966582 60002045874 357704688743
282183314513 -98892033173 -402808615609 -552126856896
-79285230682 -333156183442 246591362982 237798210076
-640561948097 -120533897760 -355640913382 -138132378483
103693023800 363387182869 -366576525744 177783182239
411817418916 62082058757 514846698879 -188832621874
391865303422 -662563739909 -374477961454 243274746594
-119877314656 89745501381 -17564882097 816119838
-27176016247 -129846726247 232472537302 -356939842281
-467082274163 511827344098 65275525997 -20188560144
507021433127 -134209154354 -309067404111 170499253165
-290101995570 -125253324317 192489970964 376845488380
175898218085 424845113490 -186992416877 215917867661
-159375330795 -414355293573 468323582063 -104124198629
25796390601 -62930656596 -301485091502 -670183727031
311715272431 -276263117324 184146819338 324778671706
149542223021 -173205371072 59812495216 -206566260456
467104080076 393725986228 405985293641 -214590691729
212471338547 264549796919 511490498159 -17183735527
-141313890199 260257333290 323718567649 146129115010
-497315368860 -587489212384 269804486357 226114195766
-181540584885 363660373946 -99464067837 586632342552
25100453344 383781170809 -202367846423 -323958839497
522292520 119708413859 463587473653 -90682717078
451708298598 -182430724783 -32685744117 220445738989
594482997727 73960036598 230990728395 424529573307
-121592411387 350647962223 510862672879 -182526955866
138688492539 -238771925069 152061065420 119860914612
107656964206 -2439271542 451926411342 -85039647055
-309936869061 273006510528 -117842447435 431824396643
22003195139 -303356278820 57660635003 54062618804
385903785264 -535203810986 169383492220 -450592834349
152498231284 272173286469 674014586771 123502115948
108415480082 102141491002 223769273681 46404213013
-212590935407 -35821582660 323030985238 -173610455393
577306543888 206035293796 -65904776812 -406566858112
-64779406518 351877185762 -146672462010 -317468337296
201997386267 129537909891 466804228459 98455259851
454532475381 -333880059832 -121767509707 599657909044
206707375716 -14702786712 -188513618514 -246869948163
377862043216 490914705862 -255225324127 224022419310
-295475140831 -110955095672 205627235509 353054689669
-508785932393 -42583509171 -218317070439 -465704504975
519548387833 -447126915792 -187870771042 54925797085
-115171554408 242222740920 -500830269238 468896087813
-128370870460 71056604985 -113993078089 -383276376498
134897700722 -574220846117 148660435570 -130390820673
480692088729 223678198676 -366359410569 -283608313597
-144906917518 -364059833107 -115259559918 262430754541
79165902192 133317831434 -369529712711 54585905217
79511595444 81781567096 -42757692790 345255983418
267034827451 430661453673 550408895172 14278560696
335818867815 67582683289 429961463633 228526326291
324035548124 -286800565996 -132145080046 -264230302197
-19231938302 -223635729301 -368090791156 441814854993
-311497367021 27751306910 268098831320 112920254677
269827620390 -148611218132 49500868656 123288391252
171370536727 112226425259 -372540045941 -525705503002
-363500967113 22272620046 519316287437 -448519306584
275188275167 534827006123 51307194449 -28824513615
-607119245196 70349721860 -350152177814 23972606900
-38559183606 -632577009061 225705434805 73961349562
68623905950 -368884975685 -56526598736 -412789321815
-150206800805 -64486266050 620778139739 403529137357
-83214734950 -76831532345 157327364081 -416933800759
412215171263 -437677962984 82371775318 32213692062
-322768555622 -241058842742 -318696699904 -136556693362
-143527463371 391244269288 111423231540 55070343333
-139477971289 -29613432312 -560230923553 -43371436738
378768917858 598564028983 -249081975544 200426864889
491548360876 11434586219 159479690353 -358665043116
-264920648221 234857771000 15790904865 302558561936
27978167271 -413222350356 -213150081777 534835009952
447556351571 -44693495850 -148654530334 303857617640
-441404329059 251780141926 298903547623 -603518849703
547631237056 179936416701 95305907073 -460071097133
232230072834 -469805706906 199824247463 -374162655900
-40143042302 -193873089116 131672719872 125950464773
332059252611 480580347325 274550612794 220443997453
156025646249 235149969317 330265260609 156596220345
-86327377715 135990297230 -448639721925 9720485933
-126592871308 -507616193451 221538969987 10750058759
483962366277 -173784143167 -218576436702 -194716843426
188271709440 -223213438200 341881021914 396053362416
-148218239855 58989512995 494810498852 -11724851630
-532257262745 426582656321 -264994259011 89090073199
-77052906492 213185978940 19851695699 -177829879553
180208774136 -110243211293 20566036342 -107229350082
-5236356964 -191885392675 -66584981603 -324085312193
73234845381 90946333949 722279469174 -483083410493
70778028943 42133151870 -14561693281 -32365093619
127503280397 -178313968588 -503601214405 -283391231131
761987803645 275167803713 -246695217427 -43072075859
195114673729 48738723969 35032989369 286383906496
176766382953 140443847267 291957255573 629228935755
-41121438741 -764163489682 41093720493 222221510721
24939924513 -253906664320 694761398268 -314075708241
-4840887104 526933144859 274061417825 -276697311733
141297182701 -47663551003 -380622457225 -448241135016
-615391488359 -169938752209 -252864479714 -290615074153
291759598227 99467082666 130695651448 204641700214
378166092306 278103200953 -57832639134 41283519289
-499988277461 427997994272 194667289164 19023231153
-36564448683 562244945739 -47753425205 -99636095373
-105514012540 -160612902940 315595857840 -210662573404
-323467232421 42746571158 -44846347007 528546045281
73893422363 112077411213 -266775913119 -402251637233
