# Packing of N=84 1-dimensional subspaces of R^15; each block is an m x n basis (integers / 10^12)
# m n N 15 1 84
48042583937
-611041615670
203684132417
182671866707
-120628864086
78986601526
277474236898
103233875129
-31105703854
-58584226474
-40839255533
448586544887
404051750282
-71662966600
-255604419050
328447413416
353843623157
264942685265
166149725189
-161033790158
-146171229219
139680074128
-122436855400
-343833572037
151890817630
-241296652894
265807781344
528235579895
-187469852361
54492589875
-65227252774
158453640794
279052373262
-318589074711
-286228187740
-213760084489
-97106641708
-107014963637
86164755978
230610961458
-32775745650
217391153439
-453944344482
-572492246587
-3871444122
184258975946
308528765472
35673465433
38264946334
81865119090
-207035890560
-59140225342
-631495033513
-267129014633
-263935262948
251294696878
-251366756818
65464446124
-366484519926
-101597369295
-358629600510
113435859493
147982398408
480459385377
411096339237
-197897482791
89433629494
-116390347991
209600403737
-132675155466
-275823441826
391061439528
107122000719
130276331535
-238911512693
57249081789
-294672418038
-144776833954
-270767902904
-92567028785
467388621317
-39523198506
-4258023336
-97202576216
243044990847
-411168409628
-271752546850
-228976563107
96084610389
-462518640329
303033843816
431186980846
-301009128641
470538153299
112432810077
281457249977
104667976379
236838596969
72816790641
219906542188
-13545870896
288850912431
106650284314
93697096596
-306423660306
417235110816
-102348404564
21291789823
-92464942009
74648061644
-73598947037
-394980623974
-234970819861
-51301702354
-194999833372
-4463345296
-166206133175
460147688755
81582850770
545466393204
119409938409
-8783284998
-147463811656
-324669611232
-235061986568
-244033036975
-149041366737
61878435518
-283641336497
-588073341670
126740882343
35294344969
-445000098211
-109304047144
-253171070103
-37375027708
24526861188
97827586121
148709118938
127990988996
256058073624
737887494368
137376242366
-329165359775
46529550829
-385150410042
110131593397
15483683144
199779856046
99412827935
119462339062
-27455862670
-77148519524
145494521562
-344011235821
-90785275380
280648095842
217834097246
11928877455
-197223369089
-58227520499
-415152718475
-361988974328
540435793055
259162473902
-30486667324
-442306232177
-140979188479
-170373474156
50457139199
-497583820396
391515953369
108419994462
-137580506844
5464861808
-459163803296
-31689226983
-188057522883
-185596899344
-196856756942
-168942713436
-341734707402
217367788981
206228883338
150511359290
-60217730640
17061277515
-519488576446
313594977909
88038525043
-92507881121
-448577599215
-136292692831
-116932104304
-346895302554
-265253183467
-36730466236
-225255382937
359635000475
-450128204611
387569095877
217794703337
-69480637500
-349914800929
278623587540
280401832014
172017266344
182631636002
-13524839097
36099438316
-63967736762
-651013874140
-211989061601
-33293929163
-474823356767
-188242638667
-7498310403
-121698364858
130622467273
341557460053
126776524882
-138823428131
33186358497
273940153790
-71200332717
41318160908
-362778496577
-286361737274
-156467228829
-12406435577
91328054590
-153759829351
203863678659
-405459858988
437984185229
-268282508385
57644312419
454621893555
-122247206650
182621618315
22553546176
3794506601
-276181125801
353059853664
276657062808
-270224573755
311121369170
131601045234
-535288085496
-298126751780
198380958464
184627842579
86365082610
-141919968974
-241698837416
-20044299487
-344416229773
-18588056761
-221984777903
242142494402
-382866363122
270787008089
-112002960355
291409918618
-208035142654
529281123768
91314346065
38194066881
-204329081247
-283511346436
-255298721479
407967070416
5514009921
231768011663
146204492649
-193902598435
-412202242820
301224273639
-90566659450
234428604488
82232705589
-290047603406
460087963076
-142933641521
-94117018667
-350817965714
-169726895706
316070129885
184341142822
5820897199
-226376345193
12181005587
-181308395362
67902669354
263722813866
-83971981284
156938863979
-611448017689
309275879889
233611781142
-227208980032
130041593618
253760807989
-427865840360
196786881108
268002683228
52306585243
391193935749
-117072792184
-132608358563
-147840846794
-399275708429
174701930001
285592439180
305007411168
-319853499673
271528134215
471933576482
-315535831339
29772464158
-216206974108
-147404458251
250319947032
245160809588
263897165128
247636708170
332663733581
105717806918
220613814933
-89892707740
11331961995
-96396463324
-37264859734
-246799054117
-475639845004
134135390113
109569091757
-184372716591
-517755152474
-350126585735
-207983295745
-50012072242
300305201915
328079433762
61806183347
-67373855049
270881022544
-61980598632
-698303812293
88906525593
137754052391
-22887080828
-129833078805
271427534102
-231053314855
289144092226
157081169585
86381852426
-214563651490
312276648017
450474515965
-161831072659
28120152585
-597270716933
-251548810418
-398102202948
-16134932767
-56506825507
26458003747
42431865514
-31251937436
352761874242
216971648603
94028940684
-65639820481
177970421263
-305136716707
6307334151
108231759293
226164330773
-206486501425
-90417640249
85670838448
34632757621
389973368611
-248463752508
-540040259827
-213605267603
-76813225665
442694633376
91053987032
115500028717
-140136227485
348630063634
-312982484226
-240384866210
156470591394
252221479653
11014313578
-6309205011
326655539077
-440838571975
-282189754737
-446241032947
-115673960325
7610159161
225235091691
-323015986260
-186943362809
-64783619450
-337271662300
424035302535
43165331029
-218424952464
-99456858115
-104195944238
-352680116092
247550838633
-177755494007
473905261215
438197314925
280118186109
75775848936
522186966
-162682248956
269366962736
224059202068
-344128051721
50243657923
150712052330
-101741159388
-546064164440
233446637672
250434075381
-71648478420
324743304331
206968141770
195878711442
-168132625991
38255858165
-445383815256
-521704914
180903574898
-513241057531
142303368618
-45524915325
-450670867392
-70962208476
84751665643
-226826884549
-233277335694
462754909550
133069422896
362238176656
-543312978935
-204224643146
48814072282
-167776816265
260168239557
314074549536
-94854252442
-58866465506
40075142931
136294900016
-126932251092
315445237735
-28604340227
-247936729446
67965185913
-698406218576
47627451609
187157864678
295068988520
51292047422
30577950225
-395890425489
114831848725
42646413670
-166313946255
-135979034617
340218232279
-108757083608
72907892172
408067416565
-312992071917
33129273353
-38200294432
-136039087414
129208616168
96010249194
-32020689690
430425164087
89093205276
519042768130
303338782697
103935339715
-309798374773
270795084882
-132247837281
-189358998823
78260036142
-213874079273
340253702988
259228588153
-499190074547
391511900295
176780022177
48066131328
215083533071
222289362941
-68766995656
-119807792847
74861466981
261473035313
-298646003022
419788351147
97735715875
268080246129
502375174925
4793877624
160222861704
-301285446224
257827902963
1067880968
-353255390854
-296307064224
-152766112293
-795070941361
194643407779
13571063133
-72937698803
83242969609
225925246007
227904282908
80899408799
-93033174308
-78316938763
169595716699
-150659942453
-175014781917
345050468476
360387016479
95938438615
-487421703196
187304448206
202842920480
130368916940
263994089699
58514395019
525833316866
-150319411112
14824011152
84941321140
-166840334853
-59742092493
-463639413066
-90133194882
-279180015589
-235511162213
-79143904849
-190504661011
379115032731
-90252953989
-49825675810
-66541786867
252830438643
334000250414
40373583152
434212090530
276618789643
-20394219952
-92223175347
-202678958355
285152429201
-211366940819
210692977093
-297117717322
-398483690634
88435924402
23803230519
-412425880672
35790554580
512689746312
40688853647
-297123970136
169861043550
-320247833024
-180107747947
562584074298
104894191202
154190478203
-322168308598
236434075784
17446437443
-57238662428
360506709342
39525156568
250369888983
-320774566677
156488183436
-9534114450
-38127112592
413446484964
-282876491000
-124584377415
25651633091
-244467895589
434048268759
-341904957169
-61385558291
-447250887453
273553077013
27063023452
-116484594564
-270783487516
-123805270874
62888232631
87360680784
62125055402
-42893157996
191841725166
-115204487093
247904432877
-117415755493
644794201995
347998356947
-333116651708
-238000928267
356420007180
-102756585283
-224325163349
-132853988966
-198618938847
-192631787190
172207158119
-469831869444
-49679779483
-396388771984
465962020058
276559252944
-229512977489
165927280004
117568540313
-88000219830
223834819746
-22596574486
-569189623168
316787453691
173156211689
-68562498269
572424660872
-57742205197
-97670759309
-160018059320
8590782067
-23949316107
-193875366422
3732920118
166043067135
329401900542
150535172261
-111125761506
304518347159
-39351692842
-531128494779
39792376390
230391102822
-433850205252
290526992282
-32888199893
342484827695
55788920632
250430991560
-219834732613
169659825870
-122177445038
260960854766
-65959513436
238490231965
33772346730
205390508693
-36380559780
-478653818212
-360324790859
-20775161378
51630918147
13518189298
-242244156267
570159432248
-255160608145
275813160810
-149253121907
56219633232
178285156756
215998143263
68874353482
-13673954478
-10234876806
73905566746
316880629771
-605457436059
477300312885
-189409545639
-237150286928
150425599555
-252713913507
245767192739
63246987868
-334093072908
-163022420641
-70422963915
-113355311590
-444581824450
-256383431850
457297386189
183935486233
-132303649815
340939565115
99542355817
256396808139
419001629413
35653781811
155396698695
-91660357265
367852446868
65720854861
342432850179
-266266136432
-37074064954
-114433238045
-193414420940
140221805473
28130071587
-50010356439
-622889267617
-138357865254
-175274738903
264271931160
136529431311
427383293595
-74713511946
-49575648537
-144983935999
-464368753104
-197135291890
-456668406099
-272471103687
300219371386
-148927180305
18468325445
113537725985
-88340386562
115456178821
146626800643
130326236764
123708304200
-355095421656
-157031260366
123956987703
-361928017093
-19138702969
32828471617
-515439361903
-307213746375
503563422656
-26678930592
-403950201051
-120229593895
-2178203093
-166738738315
-95274696959
-387073198171
450249887929
-101329426381
-290075716650
-163267129503
-524440788375
143327499697
5211638751
-124687887874
193098160370
287613973916
-364468665936
65664313064
-206905198565
178547910237
-172020203582
-192678653585
189615173369
325308337980
-52634695857
36600489582
155512802176
-517689808544
404178865469
-143520905341
365160394509
-149513297127
197165100729
-100123992254
-21678576497
231834432684
86662608960
-66466426228
-444273953863
-419319361487
-343640490872
75435879990
94261180744
-450320506539
-172286414807
336317349154
-431098678568
365859627963
-156831279270
-78284730897
215124195040
-20677036042
-36875612619
-211692042451
-262696107763
327604055105
-409279533299
-37568707916
262011541242
59126904011
31270295858
-186799079964
227251824000
-103329623462
-444344578178
331779961959
282242505324
-78036997533
623753592975
71831474237
238653801704
-57501586610
-26050856599
223320856027
119924056933
5471287040
-348850311342
-341908714271
256647755182
-318815430111
-107133512977
343659458726
255841209075
231980884058
304035278207
-201874059911
222339231334
325894502407
204443178655
-136491441792
32306586862
1869945245
44486871965
-99679903093
-597166012475
-136019057734
237668202836
-109868624053
-28076377548
-450088103503
87474289318
312843962372
423865397270
190235208411
193374331859
217662295511
-574430687713
-324663841774
170668934133
206848555696
438287484483
60434417533
-156416377031
-85914251239
170052581604
-125467654029
-227509013930
232408598597
-172940328997
-276738257886
-239781399444
578723228100
-226366831206
370118876911
262376154534
254305538414
66469231084
262601896480
-66017108948
-147939263488
156363694789
-154733675390
-247093265267
-13724705756
-564886809159
387074672053
296223023568
81259440464
-156464936177
-180296224487
108825763271
130330670103
-562670005801
-102965073531
29467025984
14693777176
-100659921573
47859547555
101001331635
-328961772410
-178022444866
81447609236
-157081975913
-369768097680
-255603358218
-137198165708
71108729735
511055869412
-301362430489
-287822270369
146384901655
-73381452274
74998575066
-368191732082
-59154970895
-445616820881
-295045359386
148961920300
498960045503
81841793350
238517381299
-165917517267
-67200667866
394691273881
103180660651
252834468861
-145660327532
233557631056
-194863551878
-286472031524
349232611558
-227343072330
-192933889795
306915533852
281029918914
-48608935305
-250665161979
488024312763
171136343400
7540572500
-59634762763
97001662852
184551064635
-392624790923
-351482543867
63258032360
-385140851874
-188627547293
-490399502048
165617680822
-29690218419
-542944453214
73699271967
-105134602217
-14589505511
-169172249707
-232239555134
-136101953839
-84720808198
532618206145
67944046544
-153500591749
-137823616091
-87619728499
398524136568
-377442695424
-285254155197
-355558164255
-56332658616
-51347627928
358998087141
-69177910282
-64963765630
-93246932342
-165022914764
-360308700843
-179939297185
-352827731469
133242424242
316263390271
479651002225
-342484282835
85404792808
4608338707
-49406775772
-198400841552
406866646499
-76906653693
19199872666
-83837510635
102396923274
554473928430
437340264467
85665006230
-28448088007
199259471208
-69725051319
-112757645851
199461543286
476138406686
4970355354
135681621862
-157885960498
-329386446738
498028971127
-374020772711
45359611308
191977874753
99948954265
-78030895007
-176403790467
-180340341923
-174203534537
-47641577971
460927792391
-222084486778
-370900400451
232664786345
-85735093124
-252187532950
-272563428850
8559278391
249556646433
173163711773
-124247626039
326546136789
-260076232994
-121421599770
124866022819
113622273417
15711248535
-57652122557
-658830739403
314945028651
408893252420
-33839540563
212828992267
309805468517
-133253081234
-436179195165
-116388255712
-18580430040
189474266852
-355950378682
89379382570
-91260434052
380980040961
127068932984
-358154766645
77811732249
226837949240
375003602840
360155555554
-243966992481
299917898425
249359818691
363283824411
220297024406
92212365249
44377463498
199912814467
-163296691969
-250989068366
374024522363
-184519390540
270725344588
-284654249278
-50521913216
-162354874045
460127885836
-438459982538
370180077664
120905055104
-155034647825
-60049585324
109471981805
-231037735257
-314713072114
-187232634930
-325013728192
60109331784
-114997659573
-47296884742
391806932382
337911738343
283757957340
426078542101
42707158933
60747488172
474540966554
155691678941
286347707100
-89867161053
-22774274324
-408308363753
-239074575165
-99963369696
-71434481865
-323691305877
246422275549
390389384982
331403281979
-71627376522
-455824052220
12299868318
-84965420836
-106350715134
-276375236626
159153565278
178880290092
145831934414
96802146975
-133728466550
99322031146
-15899533770
498489618199
116767207132
581593693478
-191789111839
-40696562984
214926591659
336163212086
331899367538
34495739613
-398138761187
197522560100
-472380944040
20413870877
181930174372
197312186018
-277599146294
-191231732807
-354770647902
-298629154091
33071345186
97909882376
302820575346
-89658768870
260360701736
-179203337347
-68467189715
411661138885
-45227808443
-362083733922
112144338362
252447115020
115675483853
-190484241471
378906787742
-222851377165
-436772405874
150583136860
-357593391300
-7799227908
-808908991289
-314030439825
87451647335
-67271674469
13858163372
187642120245
-216051102219
4298670158
-102363535818
154489888692
-16488214029
-65171894086
216063104582
77587035149
-247410624695
-288427468363
231351777221
248376852797
125084674448
-23392584899
110248076002
198696958031
-485485037050
106062310657
-276300260664
-259029513658
-127223876448
88524379259
179544703032
535840034604
67471207810
239246338222
-179718092387
421426568052
46350443935
-32133134319
-310835804720
136190688308
608458064445
-188901653186
-273094756686
-179161094331
104695368914
144184984185
256178166845
-41542912196
-141627663855
178825232070
101034824447
-8018952074
-141285875441
-457401621839
-3434251816
-525847033951
-11447684938
357652489797
321976887326
322435869175
300368326863
-66020136434
-241118456778
83845244298
-309872168419
-174568279614
-252510017209
-118091437004
-359778218342
-62967616993
-127339493545
436190799552
-230589117589
457487964931
-177185523149
212820379879
-227141526789
288242795438
126214077513
128743479399
72609610514
473140830435
444821734821
68509893914
30386096729
252874228905
77575827097
-98635547044
-64304083288
-387479541300
432156675660
176256514065
