# n=47 points in the plane; r^2 = (max squared distance)/(min squared distance) = 9166671780547520682511685/199999999999670748407732
# x y per line, exact decimals with 12 digits after the point
0.726762299755 3.655951873128
2.071264232907 -0.396478837003
4.145988626485 2.258780889925
0.901406516310 2.613466575841
3.925665989449 0.264156219797
0.508096032908 0.763084487471
3.172623694902 2.029519663450
4.521020555653 -0.635653984040
4.684833613336 3.101185828269
2.073320477883 4.695397032068
1.152548138033 -0.001560190925
1.951815781432 0.599415045017
-0.435052598770 -1.213918350985
-0.214514147209 3.993588734847
1.307363676307 1.364059723413
3.243279341602 4.469674970072
-0.639924611607 1.142015514671
3.012602214580 -0.897101637112
2.939198264440 0.100200654124
2.176927412237 1.857880449138
3.501536521360 3.023425568322
-1.079504703895 -0.449273672589
4.925557771940 0.278867552414
5.144955196789 2.213329911782
1.078682186555 4.591981997255
-0.315609350224 0.196066461480
2.506151305025 3.793921865979
-1.403819965278 0.496675380603
4.040381508211 3.865830506665
0.328842754902 -0.568578216917
3.876706287202 -1.400414811665
-0.023177217814 2.994445471050
3.008772255668 -1.897094302792
3.807847242372 1.257191336415
-1.585252939200 1.480078693579
-0.964453664777 3.332082332770
2.144668183047 -1.393781128239
1.206199391801 -1.048417077044
0.442304038130 -1.693757211113
-1.478590147850 2.474373945978
2.528171589777 2.794164341846
1.380772829376 -2.039121262308
2.821379517362 1.093235770742
-0.537313700886 2.136737084258
4.807739024862 1.271902669032
1.651346033878 3.274972977919
0.387270033237 1.755758189049
