-528627719317 -365314729806 -238223243537 -130496035873
-30780768398 -1152314745 115984091846 453917115774
-180366373341 562721229555 -46767534438 549875311251
6886026350 -280289957262 92679853045 376902861259
-248489764161 -38752836045 569966762846 -169583502971
349388594234 316971245660 133820872933 -169698618636
-442162005529 51329186988 132853257308 -57050939183
-70045340585 17824891543 4924872856 -137600883388
-40972938578 -403598489705 357483087871 188454176142
476689518116 -441870515053 -52065671008 273143838121
-149465043347 55812659112 386775567926 287078580907
-227026900543 -71727728731 -527708165516 245417540200
261901093070 -49390483300 -196355602993 288626582333
-99240394009 -104623947258 -516109224054 182447202731
289180130900 -512710210505 69249716959 -275002866025
-227420564392 -222122530860 518074273816 -25086914867
-187429420744 -320328308032 82810686575 -90420363428
-339042853440 32746319555 139521938371 139657503769
393048222113 75462811270 355558037302 -389445217077
-517854233761 -126188163055 121726049609 24348596017
-46281985916 -158292179834 -281942476612 -15793771919
369032705989 216836303280 9542891313 65321844895
108389781264 269135830065 407583102687 631550448755
-251790863371 636077907772 -92789691783 -473116198073
-811472273441 300075937856 -107018192920 219946329294
-245059372160 188051385213 105766322749 -634323811751
72545124104 1547288341 -17561900574 184534136887
-259730502522 -141566758774 -82109108880 33840829913
274490271983 645787541350 24138019871 23830416598
-219857647669 41978293366 63250979655 399438647606
-129069443526 211577851028 630886556929 -72955408821
-152927809562 -213519207469 46351168851 -540991567108
-115203996736 -550908108917 117473437082 86524215956
103961363839 -83879665009 637225715123 213138110535
7116983699 -68881487219 -290214073556 43194725085
144489502204 173516570140 -247951259973 -34136445788
126203151580 -345007163350 139105466350 97970117633
-642182071959 301926124853 175500831645 120850115406
94331827176 -98222914647 460317807193 59391126201
183871498061 263601968740 -183763538928 356461423490
111493583487 -300179968485 -135458456751 202234948559
-142723247708 -171540542448 650039755627 216405546486
-13251994532 382209616575 -57115120843 -327380689921
233185843465 -352309133966 -167374487438 -298011148286
591240466178 358050749112 274519877266 71570749691
-171412048344 -437894038086 -42249298777 15572675470
-72866155115 -15307733306 219994808792 -737898676692
239497132125 27404218494 326292337993 -107826806729
8640913364 110879579761 -47091974702 35053076828
89703884027 -42680447982 199504632860 -131580442275
82648716724 466043907313 11526143843 296543830019
727374075390 -10497143504 -235667876247 -350586073898
191343799143 -237320588194 581748223517 102583582457
-211235701756 -63697617865 114848069839 -668588957393
-237309951946 4795450149 -7504919848 -481086103727
-114239084909 760517036611 227882782261 -203241038463
-369611996024 -171840623899 397146509882 103333392050
264082489645 277358523398 374022537313 13950139401
160366313963 -120186376058 145765456036 99968788087
270749321891 -94274395529 424068755762 -139490256057
