41532754956
-351953678759
-426135403594
345364128159
487683301854
93282029692
-194571767696
-260436470321
127770644862
125164289997
323156387416
-89434886688
-277297530401
-189754675372
318610843809
316008468367
-152324475484
102189856267
273276532634
-237571190121
-263315276188
301993762974
-499035115668
-190099702110
-88794652553
379815341711
116626700071
-285375205023
-815337033568
-172673067558
-150528820162
-881702610
-247398711093
-32284520086
-197096237021
-14102890313
85644132826
201080724474
196586951828
-94592134425
-687892273631
9437608746
-97638201464
-467941587614
58647140182
75153570479
-148489092643
-15803087434
-35790494494
501280202482
23477642968
-69026347807
-108465770595
360193180320
136457958740
168284756698
-330726032268
-465350417632
236217900345
-302717573011
503297452083
-238164444074
6664072593
144637687534
84810803227
265788115352
282534176080
38357590015
-673140230817
26587451455
10888363718
-407175375306
145788830766
327516011730
206555517246
-73493037680
67356725119
217256412809
632547583142
456636519281
190911192358
104606489159
-21206782369
339362801896
-223312751911
-5645585017
-126206705416
-179695974642
128859468617
258251778623
216661549529
217854308599
115078721928
225378660127
127962179873
348419882270
-198141812036
411104059676
181024496280
149270810970
-294665580272
19786183245
69923762217
628731353694
98966675252
3550099743
-25890128157
-463160422203
270180100518
-19023426849
-153605241884
150449835051
-382783723615
-473213967174
-197837364649
429274135885
248083601796
309368144366
-413172274414
324422119835
130663814291
-199616383226
15776611367
360637313598
68548465034
-176196862495
-131746394089
-215031593933
577164444664
92971412199
312994436076
-52988028215
511855454090
-277787368260
335582864135
166816464484
106128208
-265131368790
-254374910709
208667900689
-303357496628
-97272801283
373617480714
-37828750596
-413079647519
19965685886
-283042704438
298131366175
108117221701
283002239535
-456854267208
-243943124183
227098074877
-104710020971
284538963004
-393746443417
388504868447
73029529711
-399826015389
-48244305531
-41945500731
354662259756
55342464832
223579434145
391572464974
195496813981
515009310789
-157177720296
139497593215
-127720804853
88494286032
-267898653891
219038887125
36762666757
-259813296544
99159667568
-178956157453
-102473910426
-208028247508
719311496618
-186742632231
373279455486
-289427262325
143452714128
-513576273846
436973874651
-61782492460
-357380774302
-177635864851
-311723759909
-35818267746
-32345171441
-386013620024
-124411485985
117763466954
-131458315649
210024596883
-252081750944
-65170172071
520327905515
351234862554
-272882091197
-96786572562
-34096257854
158090411122
229072025489
231034672468
510754872298
427768331300
-109553069319
-206648243332
280566559365
85334223368
-49965363827
-369144521246
-204213843264
-322014605051
-203555281087
-350838774657
283508087330
-383730388057
-175445491671
168631555798
-20277982610
266799182272
-57157756834
-263805036444
-286384511951
349603146524
-622681832403
-33146702415
26965686235
-387918809454
-228147327813
-241999612031
-247417555685
310729506359
348452005814
-171341842053
88325005570
66304966686
-138359502883
256598097758
255564118519
-529000298905
8860191850
436434025549
-370224771914
-284912682902
372892431374
-189646030420
308112468130
303351070685
-338661827097
-107609635788
308860284020
410962633670
35526387390
-145156075721
-83065006865
-82410246034
38038119350
206281508034
-149590828873
-252668862294
-119053158706
-149798216661
62932370684
95648649450
-58334439310
459778129951
632471444551
445476543395
136731176554
-434427193880
54697078394
-213835226649
-174349495789
361656197532
-167983735848
283841437282
100781902697
-165347915788
-15086109790
-92752914297
653877095581
42485315249
131934417811
321857907053
219995561998
662845049130
-49451455791
-111163529950
-237861307275
-357598061247
-344078797275
259738499327
32691774798
-57043649210
-339851074823
-11157463788
134182176860
-276351232954
395178607355
-191674723162
163826742000
280886970284
171926123813
338769410934
-252199203977
487451854925
214062653284
17556458053
376153837812
306496616243
225295583192
-97851222771
-78253520826
440602382651
-341728746958
-432926431178
213824767450
169060512984
233945130141
265398204847
744945114948
-438975533636
-91022704442
-348703073853
-141496784676
38179794085
-18269650810
-148578855222
75419881700
123067618660
-99352500741
-165324197095
-143363140902
278343248393
-338447431112
-348650052596
394451153549
-114867789836
-13017425628
300001852192
-21071386571
471441484517
-283267460615
-197018943337
-249712886000
152807416505
113013105349
261923463421
-285119714747
-222023576431
-79091754698
23215419818
217296438275
-111450216398
-50583140965
-31244299617
-308271982573
-565593263140
550582280810
-269254360283
152627227445
-470257648721
-97968027711
394798537312
-140960798247
376511520025
23947819625
-578931005923
90482131319
-72670641176
10617249998
81577570446
-78877092654
85444845822
149102476072
317799770589
-265418724550
520597585838
352267331123
189115827823
261196326651
-412930216355
269660079345
193719781628
113774024128
473041521884
196402160392
219757136620
80919120706
294388249053
40118948279
-355421120593
172168914672
107155749836
389144428849
113199203634
-186035764635
-477742002328
-62847595993
327366078151
111199010574
-5549792131
25080476386
458020729674
-66386698515
-505363534513
158482972811
74236160372
542553850396
90132702261
-270476710223
557112786942
-29648860629
164970394598
321017727663
74094461592
-170337852574
406447200733
-158868862597
169074784444
-86208362065
478601685634
84412636342
-247652636342
-304162800925
-412455832609
288398529111
-45365754840
439461220025
359724667322
305821418574
183920146961
-16862167971
-361932373497
-263699222542
-19348151306
32573701805
-422506861427
-43563028052
-324233440575
209882565150
-172453632376
93207247146
118245753058
-301791886561
93479737851
493491758717
111728640008
510219008308
42949384113
-189134662174
458257801758
-310097185752
-51220011437
-412251072887
437191058510
-11023884233
88532884260
-409788047942
46190459542
275181072480
-60708422437
192165574852
-40864678509
-30606243397
523210464511
262094093448
209633461270
80591819400
-456852084731
490835719366
-167379430514
-5816851851
-199623110317
192706699638
223251212702
372896310491
87027155771
21844091038
-272486944410
-37455630970
-244045685933
11460046040
353245754921
-493009584109
222741052828
309914813656
-87737831225
443120812042
-328938282139
15960209540
-325231011322
-443713231633
42766420408
517044183407
120325690576
218050997498
107886298979
-85376196928
38621382286
399551925079
-278636270896
43963850205
228597098062
316609507193
186761111926
181849900055
-170943015963
-482743150253
-484271700159
179810644236
236104934843
-121683801545
413710548380
82447259957
132708308479
-175451920584
54183614949
-89630297611
58004628348
-81268104497
-826689741434
-54813010826
-143507352780
-60513955859
442410429548
-101038580051
118550223919
-261334993996
-2978592895
-432470013723
372553149842
244254179601
129583305533
-2713230986
533770380691
157606186743
409404722462
-155081552059
-141015775011
90062172721
250074641943
-280333221143
-116388027292
694869764883
-257424124271
113460583042
-241309646530
119093055138
-40660623610
149113522679
261214576739
221918613911
263747521930
481773316679
6772426630
-304063969185
188823874670
122664735605
-199588324991
189677981207
-161944754549
329002003
451328160112
-331388095608
267925386184
370612974453
15833727077
395598003990
-223608773937
-260833355820
-162329769256
237405574490
42440953927
-535053999736
-155967409899
-17016537107
-469144703179
329669911372
32028308981
495140787866
-89164884561
-258915214731
-3332045800
442950394328
102276288749
279310340733
490985974487
100622721466
-124372945101
-170922077266
228454239786
-217004124900
272154953571
63567195130
-262650265911
180482639417
-57203039627
458247059172
-520102862599
-207901183185
199798517742
252179670495
-342221351321
-224325378557
149626001530
135730034313
-251095588520
-63201858869
76094864503
-477350941223
53713254645
-2386959365
-197895254840
-649718684962
250754205956
-330411703331
-138429010573
159623524297
126098054690
215863314357
220953321375
-60398888711
-28415160406
369211197240
297674103467
64812009253
-622052357935
-278153508141
-168087828059
37253537337
-401421551637
-2800611909
96165495185
-268959571765
201442210527
-115467981471
126163966473
-224182473987
245648994226
356207270307
-205184745365
-418929610686
589822308454
213536774550
-256478606905
109963571069
33604916892
104469155350
520267100359
-127057306964
323773062094
-565000275402
231102369942
208477026634
-38075233258
-235909874997
212682279309
-247477408718
-239034322590
121374189773
122512599445
-131621721998
570790067918
-348461081816
-268423505872
-350001309152
-249374083328
2389134235
352082398675
81354392566
-58905759958
419013457888
209035007390
532616035249
-526897917417
149719699752
-179213149801
-49026170867
-98997312713
32918890635
-294129043040
118701788334
-218031892327
-296033729218
-498650738176
168023367759
159326048710
266372466243
-218696854856
-68185236866
-121541269988
-416601867850
329615275682
201095684454
100215446748
373101544229
-349485862881
219815467626
233860042240
-51900831301
-159795694203
-469312548868
-420628907165
305413578924
307622101707
184655574529
-176174113167
10223342968
-310307329099
-95679127768
-63652114939
-172580000962
-518354996346
-390659324176
-540617683311
-154634151889
78393847224
45945858091
-298100415695
157170862639
-291290719592
113361401812
-481042425618
-216150449623
289364162141
89865230266
-329477480640
323324705941
192233636576
405292945459
-268252093923
336433826796
-31007906864
93713886554
-144459970310
74940561829
554796994391
53230666329
81937370406
-116716635249
19236928867
220542436150
525658169383
78961249122
306873389573
221334191768
396903869017
-176524783998
113676439756
-188626608916
479557267120
-229752715441
-286268944289
-362962200818
113739521546
-137260659146
126637744336
621338822139
77661109596
121244370591
20905889696
-206177461096
-785095038
205973864004
411278629819
182415137459
436723214871
-77626812337
3021014401
-165337297391
14097512689
130875564383
-583954516088
360847536885
-65318234671
-135935543890
291436499454
-256668697292
-365069325721
554760221000
292557397792
-302418190967
115144741544
-13924390085
-176556629178
-396653749776
-80007833769
-18266886067
-283659490608
125197281576
302206199211
-90210664833
-313724828946
-237689846505
78189763363
51116169995
-775854224478
77374855258
167673034286
66072523821
495808547977
10545163047
257022698072
264058216390
-231689250058
261170208834
286289367907
441544714163
-1926114725
272860850728
-207904725416
-290672786054
131492789861
