325398008346 -54702146338 -692843984129 195551663376
564782217841 447950296081 75420339725 137612766211
-13587400614 614920368307 -347085364877 -428307962615
404130064033 -553164914649 -234600430685 -226808059431
404109132473 166433310397 459041980000 -264469679493
-265114160845 18532891537 -247815858169 -625694144040
-332332839578 266080112813 -190936978404 467287252534
153600312868 112715375212 -40972613465 140664871475
209770290700 26130980581 -168835569959 91385508479
-689096737554 218359756985 400075934075 95993312312
-356174855582 202126887417 -81708787835 472916794709
-186320107620 -290960054455 278510539464 39060002323
180693639692 -669004888322 324144909474 235149169778
32176680120 -274445301140 36770416556 30421395286
173919456275 195000524145 -420871637770 316834112061
237409599754 373388600099 465457373056 -518063825534
481855421636 347302533876 335364204697 480118100465
-105301961927 -76517446179 -378180067028 -331815219464
-496334645595 -142833079917 281519684182 -56244048022
-527155610285 -128057467932 -282868423081 297193226874
372199199476 -359436935464 -296107253082 473265952325
22499317568 -493012407090 -424541153855 -540416195077
-197227845962 -337200137004 362743588788 -315217502550
319548426544 -545235657295 151293053594 50184589615
-172539777232 30256798972 -464780571443 -335148693199
402643666229 336050307758 64248852185 -421460859277
61794028309 -257123928208 445192129454 -25455805378
312732908324 520689834663 -191702351733 -560341987284
-549747797890 -150204137089 -63524275153 -55754248996
-271881716125 157666442019 108315681464 -296309362513
-14548595752 580500313448 -273025882285 571144725700
347156974001 141583188391 116481107578 -189741720034
-57987831293 16000719441 234537307191 272193506817
-260340722109 512570508033 685747108539 70504795059
-57759235075 179186882720 -492836094231 223810944070
-575195778466 171298585886 -302038649886 -322101373346
157440367973 333090853164 -180426154029 -671301472319
437618782482 -523835009344 -60200857330 77196746971
124035242198 295754706582 -628722585770 92923101051
-170739052125 221306485694 -384447584362 -102790036391
721566672206 304578839887 235977588199 -81221165516
-73922681394 -577017979748 -275075975606 -485647939064
147430021660 -183900931257 -333264467153 -31441305504
-58432436648 55016014407 -360332231243 479030379021
-433466008266 125042498500 220166955543 -226462012418
-292279684223 149763606903 446558492051 88872417929
194453855654 399662276616 -207543019372 -411105529279
355250151456 -472745719451 56626951854 -194685172003
-468295399608 246476636968 -538715927031 58841054604
135543561694 -153301297831 -507130988687 593513639387
-268131645387 166992257906 107222357388 277404048814
434550420254 179817926405 246004886859 578537696603
308086102505 -87217635699 -367235655003 -127587157540
-396534086977 -665035769051 -5571561545 39160638744
-473746934977 -273258904375 -187394841059 443394514405
-40459455596 284125875560 -187769164640 691743875180
-134805766193 445370647130 402054388753 138342368635
309753798857 358878852671 -71745957877 290466907964
-457189567598 -153690799476 595480368735 32374203699
-497286869653 -30353218750 -362675305793 20998480201
-128094548028 -237185618905 -151979484576 -155619716128
314154147030 -440576941754 -247836183817 155794753102
297303364875 -492489365007 438383297635 414009122830
148910260489 386697573757 307539759239 114090038663
-46949168611 366996437127 -588412614949 -150365004909
20720571117 61266715842 344858480009 -146640595985
-512594250021 -445599600565 -4878879880 581427734800
173833229338 -558689728246 -324444012772 -190402464912
-309350637793 428828936080 -158993332468 415541832844
287132302684 -53090444262 -294756511824 15034544205
646370772501 -79926365375 206485082597 496470225382
293740292014 90723200290 -424474296703 386232206701
223152126897 -300208828366 -459937685794 -152797305853
129705953050 198440345182 -214095819839 317021660103
844545161923 100821112537 314474673984 309794317758
-101361175460 -113260310327 350097532786 -50870991028
-143009700545 -497423563140 -127614484306 163888138237
274596187632 -39612644871 -94634862380 -519847860478
-226076891525 -281561155905 393763037787 472128585239
28239463967 8657244384 -581327467390 503885797901
-249170236319 720522240428 -54088205952 60683235589
-147958909517 -66240440685 230358627677 -92911000516
607086066778 -474860118272 241670618747 265463373038
-59474882188 133563111381 -704436018192 -53343793103
338225214374 158598251064 271350690624 -403358665112
-219827776373 -210628269052 83782700746 592368959956
-307229911160 267009672428 208485132318 478732113401
405697473956 -6498344613 -460862955083 335441151472
413038652358 733383959158 114578291114 248939650362
117112224285 -271246878698 -206544121575 -27853793838
163846291763 541859949446 -137228890156 156982379772
438255314864 -544295859533 42600181541 -230789943688
-720682729703 -298643211813 -79782468114 -43830956753
-112173974093 -53657137276 626317346 37766936092
-193916426037 -100727740926 131938392281 810303456361
-249638237476 -166007489332 584996924413 -227667516403
-235126873616 478094522542 328281736314 -214741198639
303881186264 -93043961422 590772275654 348944227278
39608362167 207670028145 395699255419 -206021830257
-190288467650 141468624340 -130491636238 341977871180
-170722985059 207045375701 -87523173323 -508818691900
404857540666 512819479431 -154554554792 82991322361
-341062187599 503158065526 -572928536071 -59337835479
253928659227 109722683412 -291906526399 -250297329163
434678052347 -468230118739 -537074963599 -235519182308
-115900184900 -331181962327 -323594236467 15939528006
608785634200 278815279354 225605567215 923362787
-130128179004 47634229481 306443095273 -703827519153
483788267189 -183841944298 -104396527337 -216206796777
495967053580 145146995014 29101261781 272889474442
391916617561 -388527359080 130038569736 -403165442273
94303128526 14607374629 256448147704 440283583449
-190998303697 -384847939320 -718480842654 283220808229
-468424421165 281890883417 204770087961 -262645041204
-16060915409 -268354932555 528116543078 197788951415
-1492318048 83956774674 -131214084637 -574862244426
-318295316878 -698093180611 226515055346 -60086893891
-160630163154 502646099422 309114182138 -611745859798
546378089970 117742979001 -163824097155 95601553858
-130833126147 2883228403 65882221052 324705771806
-17905605111 -215739996331 243112260836 -104466522618
347633586012 118846705156 21124199075 273917093941
361756870329 573003084221 317506097854 314383018541
632603338611 -389250946705 146904999159 -486973618106
-25313866450 354700685276 12242125203 -209304410465
-75406211177 -259124451006 831371605725 213216687099
