# Packing of N=87 2-dimensional subspaces of R^11; each block is an m x n basis (integers / 10^12)
# m n N 11 2 87
386358991185 -699711935578
-36616131226 25791587416
-239838178184 -156518187627
51298018150 152077217701
528604844009 110798967339
-481275504193 46779088448
134515896692 22319362077
351305248681 516176221062
95682470856 304093100804
357051522376 -61329431733
-5668276988 290650865267
170025919391 105899626268
250330390140 157484253084
-473346949530 138127902047
-109428778723 145267618611
-434437317699 -110486159262
592802215656 288640323679
5495524099 354464743267
-57376947981 365827991178
-9539239496 545614683690
268375154006 -495707850959
-238338215667 159325211737
-680454530216 196785461326
-415721792225 241770377656
37300037228 72811850472
-149117872129 -363354490079
-267349578579 -608826820934
-348676712321 28095285381
-93564941370 473017028033
62732757139 202931818656
352363710359 56094884904
-58626211965 -163760156446
84801710785 314872380398
428926050042 -444139605158
5536103957 263084419468
119824517043 168709331998
802771309208 193556210972
8648342297 -298725473786
155874881922 398717099755
-224341192931 305651301789
60532593368 152097522088
134359837977 428861959649
-192784505863 324080587927
153651343209 117814842501
-98694027297 234530417589
-612476163407 -294896930820
-185238842392 256164289186
192344749656 527476910973
-53263182399 -115059989063
268831269535 20795121712
154225584886 -373600709663
62608774080 -525705237212
627947953799 -120329233805
-215077524075 261509233849
20806850695 -41210678172
-288098887730 27098294369
-206611816281 -209717242383
-496550219124 -311343923923
211307321783 275703287936
-232021206214 83009244137
-290969675541 -148972657558
-3730720577 65188199974
283159486968 126413836108
498886956091 -791205708518
-118449535064 -280857603726
-318573054483 -167738502726
-11481488901 -34019082151
-142279832345 136816453631
-252274283308 444676221832
445370428830 526627949732
-110903286209 466495045655
625878398956 127351295811
343898757845 -161860894829
35978488896 -445290623294
-263107950700 78444786426
-264419713577 -29347432716
-234307056432 199289978185
7275718855 -125398137875
211622716196 -374838342944
184718048552 404408704674
-330659551571 -482970440891
369552832968 260057205173
-466196636595 310150356769
223025438116 -210839191626
-486003832642 -167006171291
-112720405885 -201782868823
386723093488 -410604138653
97964691303 -38540523036
-317299250161 -444882265798
70844697074 127916341327
-499897078731 -87593182714
92132557611 -521524228630
-303531121526 536990139077
-505289151665 29616336643
-262432294640 236664883510
-339705908293 -34960401568
153432052247 273001176048
-183284589771 102898774551
216940083479 272894226651
683941464761 -117891146213
91870302523 -63672508434
98281262450 358512437243
108714277722 97857793798
445706580051 349270108588
134261286736 110454228497
51554797777 141641430893
508955927472 -428469062630
-8196896565 -247840766652
-154408490343 -523246360189
-4718756482 413389159100
-496702787334 -281169255716
225176789218 -189510333590
21910840675 89633262617
20138851222 58934389819
332968157379 486384221364
431973748392 64757869587
584994736896 -661629005536
72211882679 -5778678399
-113123737241 -327702073834
-138784698880 -138171290755
157274958239 261711325113
114458892998 544181059389
36741401646 -356122972959
-676942160490 204043230133
-160078498049 -303666378440
209242398198 -509732629024
-522395822668 -47046973626
-5086899172 138131096196
231472178167 214484106566
-287812488379 -146646879239
-195840878194 -953766769
100988694614 307515648689
355786180692 -120506725390
88534128690 189149315585
-199537904706 -343161371079
-541281359391 -10065429744
498564567932 -375162141030
-155058020169 -28731165173
236020812100 -324999383176
89043053647 307665323241
62670790982 -392704177321
-389778105095 -270243615843
-201688645766 -512578560982
615299950786 29842002834
448959346246 -110624338847
-118801944321 111325097797
93462922057 401668737940
188300429004 -185933159307
187943064530 78167889292
-231016755267 105466584939
-35198182895 270727049579
425879767003 -94110681587
-281892762929 -576194500332
103768251939 -589224949339
123314842081 103871216080
-61525184235 504682235044
-354189627627 122956618014
-352648377906 -160875163944
-512414835637 455752661376
127789683663 53665589933
-204603760842 310521371295
24355336724 142653096485
-448926661235 -72436444598
84285781209 -87121899893
448556175054 594395733501
6153898713 230114033983
490250844080 -71127832937
-219560338453 144675627202
335911887321 480122021356
-858618815 -224961016045
565169541009 87590716374
-55456340489 -273002454135
-336991323098 564687335721
-270973789419 40224835941
47659252400 483540642392
-294649957404 -58556473205
-395839077349 -314174769882
-419547855082 385484224479
-605640022836 -335799978782
44283860980 199160390695
-61474134386 191187012890
246235752406 115785871198
-25114201001 373363124614
-392858162943 102233532629
27077528459 -345841140283
279977061373 -469038047985
5513877819 -246690686940
429096071157 318687101251
335103511525 -176392732462
147800651608 -138426402819
-23308078042 -391704065512
-80100934969 -34559305647
-1248226415 -86671825649
-363264226781 452021194280
564713736822 -149027612911
-407043481983 -558903468260
-61162059255 367210408906
-233427685973 110792056558
-347199020713 -56424611663
-35862606053 442354179448
684803715165 84001040433
171692382007 4785115701
264339416067 -709385835740
114795521553 -323188146822
-35070461094 91081411554
69212364309 34243460197
-62725504026 -322274684097
-494208980046 -262032595312
-206110841725 -66261887160
274551094552 -92875597633
86375394471 166113625210
273388077608 -543775826960
278431875345 460022661777
251982044116 -170020050908
235015972672 -215821360542
-691115474768 -303109767117
-92007251820 -175021509444
392861081139 -170670584923
-32758993238 361803955129
68185518942 -313756434162
-130296574603 273227179099
438791176468 10162327133
-150109095957 -151080884799
342078402757 -469907149686
-18331654589 542699514358
553352948179 313154502679
-143948505661 74383410541
138844939903 -152216017851
-310869712027 -222976001847
-86347321833 458559883718
447553649855 17857631133
-80815980345 -153935510079
401317926445 -383570284023
-464464165675 205994686662
-272935097430 361377110603
-63981927977 88277853162
-644746573136 -425383000526
-81477457017 306934627771
-27582313583 518418864304
45441136183 66969066278
173120383543 96820237455
-288037177932 -300966432754
-332615370970 162361835165
-132596189189 -160219743009
-234695527053 -303775941580
-43642223154 122180335493
422524337503 39176376734
673557423908 3776680865
-80964347036 -132515616706
-156682153481 -104364988022
268380134609 -441512751216
-275751208221 24533135680
-58489864629 -784361865421
38969525045 -435456430166
366074915741 447351773590
97205375116 -218630122540
-77191462655 -55718002595
117879153793 233968049073
-362042985807 -163803614481
-256780323629 327456378906
383494786706 -18530576933
546837719280 198921898353
-241037019946 470774604959
366002437982 -330163712432
-342241473729 436067374388
118761874710 365111881580
-41761769859 157420997351
615390914781 134196283688
-295110968054 -587924403567
-92055813465 279864019191
531334496199 -141744561709
-56073154328 -2097049285
-99341233237 -154415143863
141416374414 238796610582
-278251314532 329857236002
-124001749195 -464356215464
174534914559 172156310402
-62003328996 191081801621
-188571140157 -24298105968
-347488347547 -384743270696
210680664905 -19145662065
55953866225 400976642081
706785113660 -271135144472
-165575177998 242560478591
-466988202660 44172574717
-38131283935 -523598682359
-184590148358 -266249899490
-343416606885 -113739579885
445635566785 217068369716
-253924390004 -112674511851
127961319096 379944765079
317768610079 -448537981959
59373611733 -458631448894
2238879522 411695078126
1576988681 281314381874
670522354596 -103507358046
120162036550 -202801707535
-375577743103 316672683110
198892291667 -73687498347
12597768055 -401437096838
559908882678 -28250607404
247225293000 -438613022579
-260052860147 172414449567
-188081663046 -191034914819
-182679621910 -598137348359
310967952292 277422233363
393725491490 86530068467
237721123866 177531474201
-256535717312 -135867615933
-75640346045 68902803820
-427323605466 -296830357634
-615597578851 -112568178904
-5569096972 203492757024
-109503094131 -27528516722
-189017285039 -301505784631
33163879982 -195669741848
281967215390 210723290662
-459248159212 795326871424
-166248065190 -166444865885
-94021805251 435077554377
-27200005552 466287160547
-436757249585 109273663994
-90997173361 -158786268170
-198124935928 520867705891
-43871885292 -404460792767
-733118823328 -245949310937
-23347153362 -163471326746
399620133793 -107219758751
-216772382906 -149098998549
74226886267 -17255920872
-105070191450 57106090440
-25104612919 -662360735011
421246172172 188063283476
-338933813900 159692537294
324968738749 -69841572323
181132005213 -323529221369
-309120514486 38633150628
217101567790 -423087805231
-44053545747 128264617553
213349274365 -263218037846
606172294030 348378077612
221342546960 569863449891
-572053113215 589867841479
-382572871192 -163703364730
-454636094544 -180286843556
-58130995476 -28321830842
-227887290405 -385862501828
88598341968 108925721560
-284484471079 162608556448
197504361496 231510163371
-275310138631 55955199552
-108674637524 152588166367
-200140334459 -52226847798
121604975239 -216860349936
538872335353 -671131741617
357065124056 360223314185
-100096905758 -118635758423
-17508769969 -83877350530
243852674657 -272275748142
573157114056 355494624228
4551669940 -255493541969
16682732970 93614961874
358718548053 272771368077
-332123479141 492377292488
275645123865 243377827544
-127805516100 -403882868109
-242147616662 -96914760779
395734714402 283177590576
-76388646116 -41623306965
77574655610 -141858287402
-104297959490 -121406108910
-654509675834 331461115645
-78343955215 349232617573
-353392515522 -420954672215
80101846648 -220304810221
-9118893353 87248863883
545467794710 -122009462851
-98121188010 91008464314
-498783659999 -79366943630
38762609804 423014027335
339954801448 -483839076362
247307650411 -301825254685
-462931461929 -629302213173
-22549339171 105120500273
-210963565156 56340628468
293007723342 229540146878
275264367474 -101295455739
319133914858 78054750355
205070884170 -254005287907
73370887147 -43906417417
328768668954 575210989397
-578230264908 93157069211
49939988746 -160576375116
-432055631308 138671839250
-129637870367 -345661182829
201695479467 -600390973751
303291243733 552057579442
-181772729705 -92562072035
-23404346817 207683292759
-313170977995 -39910434816
154547146064 72022600119
724648703702 -358454684802
191801528645 -276613409039
-138612271648 -548765589466
378085249102 165647116566
168488796434 -176788403556
3254045892 268161753085
386539065327 399211261112
81264549143 -346131624658
159432155718 -211057738333
-538563683087 530892592509
-226854071557 21293211641
-196495802724 -378649234507
-111322610151 7348004053
464659723065 182318003544
135349984831 151074855180
-437675046107 -28255637445
-16135507199 -440098249909
213155956007 62934087490
398331572197 -69141789141
-205824836318 404906594864
-59133290704 139621183390
-376767305345 261955247016
-45435590399 375436989574
-402500988706 -118666207933
18605149984 -512884550923
280182202463 -232196128672
-62084123092 269714421667
-601089169767 -440963332632
-120603006996 -71416157612
-283741426874 262166363784
316561593475 628894600281
-486675583268 527531319535
-258258051496 -200696581874
228884655060 -308485812058
-147153805955 -14287646076
-341480094666 -194060931436
-405702663729 -162351353
204674779234 -69127756325
322562599830 272554122276
-67864186774 88571506077
423517915940 -2791462278
216054919697 -61269213454
-253100748309 -176603868028
-94711806937 251581445510
-178185927627 -151324824615
517872212577 259497569668
-125661050238 393779217181
219175312590 -211472961183
-542746417144 367387239217
-194866466218 -684774977392
30813444904 72162117183
538652640836 373134737438
44972572311 24278583023
556551529876 -250918532397
159478879207 -336318906860
-51320497289 91970402467
322108862563 246869396691
-66018396042 -240883206929
-326994209257 -421435330151
-132306181929 170872732119
369488475448 -587086133834
-291349877448 -180896704394
319334778629 521859710189
200037969248 -331433025217
-547052125406 195742612551
-348057240551 148680173281
-360408104043 -219108717324
131849153319 -515023878780
-344857199328 296699781129
-165304142760 -87902603400
-173437433333 -223928977735
170601280188 255949155350
-408302926452 166608007328
-652265444066 -241923117840
23724481045 172726427215
406471273309 -224360458689
149722904170 -322296323683
-68666469493 -356673524631
-24794267150 -276034096381
217741104800 3865990784
-58799539826 -650394801003
301469768228 -255936652283
269364771629 194229977171
-362763059462 256087101211
-40743710548 -53172236367
-318750668554 -186339453216
712095759940 -324811696573
104871281397 -60861969877
153256421486 109782569422
200517508313 422130046223
266914848186 -155802706116
100528672673 98334518689
-307981887160 -490853050622
84648521273 567922559742
133866617464 -63607972835
-174572654103 121449365901
529760963192 530308715006
300351966228 99293585331
559619603692 -279110370474
-241271827244 284541873511
-32996842274 -539764069242
-63586419781 352316033787
-111835900830 96215750049
349748027215 113661598659
-263433035770 305945393253
-454403085923 -257132326849
-134424802753 -278221163549
-135272000230 -122161479371
-420371668458 -246639894158
129288245526 -93802383631
-360139497259 404788820506
-185969221739 -444759042475
106946102324 -548966178037
-478413645773 300584164371
-68843717592 -135299212184
392912143046 -15402033940
149687326675 252240898270
472572550855 -338687909209
274669130566 -441214326046
198752476418 146541261937
370486923022 -104929219592
641720060689 476607310835
-50944130598 -156579902827
152950114324 154555250957
110711362681 243858849627
22620469924 -194697892129
-226936732197 470719595156
166842452012 -177832550445
192831032737 799074397649
-258892123487 156484488341
-161168567184 91832405938
113338011345 119515435668
177461502396 -86757582888
-724623423606 -22301047924
90415758876 -371906043101
-330166409642 202644164786
166433545372 295317577227
-357319411937 89642160987
221161825838 -276443702781
154025957394 -193609150059
351851669716 304069734300
-49402319794 172724005587
239638668895 -75168195485
73207192905 397620279968
-163299908814 523998473156
451275265654 104440639315
392912033481 394364831726
590935669023 -262468847869
-66604979151 -300257360467
200115635816 -249669644782
-179243513134 -630196384693
245068170474 -135365198518
-247515793206 -237804462233
-511077143593 377256479538
170424782101 184494823673
80553261539 296485636542
563965202918 136661065618
384179532097 -252865891030
82785417669 226692559158
-193043129560 -259560089181
-372877032665 -375955222238
148992853593 229942824320
373543152114 154158105107
2123469182 -459343186338
36208828149 -181869223447
-504102300986 -51550754531
553546794912 -287291246432
64898346812 545503824767
-201968055500 318832663607
-300623642008 218853086420
44756275863 75017101717
202434611282 181131547096
-242047828947 -113796277235
-570012569543 224419155849
246565697384 -49582185668
270070459856 165131538685
314136343272 439432541919
438369477210 370752516653
-215042107761 419308625129
297098516784 -410177791683
26925494789 -112212502837
-125303595472 432360286133
-231851146259 414041407372
7098696016 273871052164
-268374971231 -595924577000
149722673851 188557395437
496664497513 -47982804316
19925180601 361162940964
615627736835 -216512419698
297105609201 204166668706
-191388487704 -283247741074
316961711214 -194892650125
-17789922794 -152870085676
-55962705700 42441096197
271851560825 372544934935
266238784447 -80169828873
-175494571678 156273783183
-174063410226 453943360635
-153921598098 277975576367
193581002603 419956563765
574163108538 -278918177814
-113816782318 101622315396
578998460470 411398124875
-227954344850 333902612768
-606098946396 -458948491469
-401247343187 261424000400
-221974226213 366028205766
-344066471638 -293358453761
26601121141 191274886964
332376953598 -301965885381
213813818760 -12841382177
118553021622 -106987335429
-232530554469 438657421981
-228485675606 -293073987120
163587753451 -288608002736
-154947905649 314791540564
-100167210922 -396418550889
-30026068279 -92282896107
115715028601 -23610574617
-494018584471 -323103590023
-146824944207 -15358112373
387776227190 7465604830
521520749624 -455892716602
330500773691 -263415679568
377633613914 299861925160
108912879391 512693208598
599859040742 178452394143
-527963452807 -205585642298
-95680759233 -453169224048
-95185716400 29812058932
-61453603658 -357345073828
-18223583903 190986393650
62903522768 -97397161999
260919749435 1818097986
-22112902448 416535267387
510337522870 -444820254313
78298240775 -417864424910
-300724582550 99186844944
-129447249775 -540228754487
-246044678602 -557839977338
8051215716 66228012762
-244273565850 274906912456
205533733044 -291089644668
181749512898 289215938766
218532209643 247729856823
-238303056509 112507930652
768804720377 -159652251792
-40661797003 198175335792
-550005072500 -368664501001
-104895226889 264033944249
245928147742 -56951796552
-252108638284 -217842033454
503764800449 -157364505947
123998034946 -85025671400
170335519343 -484678030778
-338686844196 348833486295
11233737330 -437755898143
221526683541 403097725516
-316818985310 31070137304
-13900518316 145168551328
90264144469 -285193719088
189370495551 -348304024485
76125175338 -50036177846
-186963255157 366426322463
595334770749 -351183736853
-184712028997 -403716059825
515133167319 24862293003
61117936135 254521984374
34252743091 35906571072
-506196422954 -535254651506
366598460331 -184286241369
367353894501 200326348897
-418204815564 183394165766
263935989234 -444522199984
473691166626 96474420613
-73728062191 597549803588
303719766176 236256297550
-169832352955 131211306876
3654576769 206692570767
-341561323539 -445614353828
136065588100 -118211805381
517917560107 349608337385
-286230097478 285596135390
345457939931 -186716404578
23934350257 309819391605
220358824223 198544062426
421284506763 29154879982
-370868956655 464856734780
25500098334 192169824366
-57892053115 453067594539
373792593208 95647971937
150381558772 397049404926
190446897987 213563897015
-323684930812 182502683732
76789307528 200140853540
436839721856 300671660716
-364209199668 726314946577
-529093806224 -201379287072
165062656992 -331342594446
349029712803 287942745990
-207039461304 108488006763
-198788298100 52236582433
134886471572 123851348837
174892315325 442180057640
-706310587478 -127230292775
-112950843356 329480281745
-392687241710 -92371926755
301531120602 116446959170
-174741160912 419560311178
-182125784410 528217610443
-78939139016 -211215074488
-176823341694 -187333116273
178109062264 -342897729608
282366531281 -72872973059
-81582007909 70848739511
259198520542 461342898941
-448042296905 62366090450
-114623819525 262422494722
573833503193 -263897324892
289741196415 135374184838
79264414566 -343779948031
360946197215 54277984163
166989161046 472288777188
-42533822825 526115510919
364397615439 20860263815
-266060552114 59898545679
-283865933160 89856103383
26124705668 83247930860
100480888239 -404491504832
62262972913 529684750217
556510925628 276062615406
-170805909093 -245856126137
-14352596294 253909837929
95681135172 -536904444660
541048412295 -213104625780
-439321064413 -49219329733
184564157514 106191913073
-271007759776 566726962253
262181182322 303271786907
-272025698622 -497623399344
608413992027 -288716500223
-264068901930 -209233451850
157127792231 301186995568
465222778832 12848488364
-115321452133 207116279925
11540898449 257117626231
235160233611 30328725496
177630747104 244045116988
133871773032 25502497803
-64420014945 -235936132045
-490727007801 326109107221
-140555749034 -41424544184
291128018400 -426245060728
358699062455 -272148252649
400282440825 298357131060
-115455357544 427524025292
445727078550 235012185055
316476968984 439645973718
-257346290628 589022093667
-64361967523 -83611917709
445251930173 -414650499580
311628803304 -59627912237
-422605233806 -93676476330
61307919610 261794999710
143241173220 383023336845
263036256461 -43732186019
99775060754 -194217385573
293233245180 209627039264
-516011513507 -403703260413
-57149950700 -107963405855
427296324837 -249768559413
24980345646 -76385893790
264315983771 -442701540870
-135633400300 -60256948520
-34743611519 311627716287
-439557378635 -199979591304
-179957775411 131228331308
-432828536223 -68454873164
-540513802089 -398853932692
-137731757742 634361203182
-546050241958 -108959064271
398498748223 68058729103
31589031109 155519407928
-396561262860 379324068102
-265733931557 298163570141
249884642012 283149668205
-408905754507 140808855382
-49033758888 291852904004
6302121459 -528601648201
-116014343480 -92766153899
-261925661083 -503306203557
361710678583 362506882586
409493938797 -236628343724
84332384117 621501485735
-182916929602 396599012392
-43566689619 -193725820944
-156375156198 -178637919111
550206930908 -117975310947
-530950043814 -37812922407
-137941519907 153682676695
-109269237398 -361227813874
137677354784 -173631287653
-308309529262 -208494898460
21817917979 -199016767618
370200147026 199489031122
-159354786884 519075793206
84096823229 -271709734600
171418157049 35984258903
-644101110989 -319590744523
-103124041779 -287082349629
370915361743 -423456718241
25721301635 -301544297314
-376603312933 278866507864
291630010457 461844381984
284875289686 -145942290663
-22983041778 338090838370
395025325776 -462266539974
319853082431 395150638712
5011894666 44035263266
33171585761 -229242012791
-537260892497 246981321865
314470773264 -54304385667
-232669188231 70431823084
-363479333095 -397316539030
118108443426 -197290288171
-339745537158 -12672489935
140647162376 166381225120
36798244665 549606597111
-387833702114 312825567020
473771179990 -87209707778
-283180843299 -142812987855
426556909332 238043073400
-364248760376 -387349029561
274829938723 -542794669655
65289183102 63048232480
537968352272 -48251037398
-94159612609 -585786976367
7224733279 -401480219338
314280414798 -149150201897
-160809170703 -110344895654
77483392759 -359559169457
350349895118 95453503719
-555936718112 16692931339
219867756261 -170730641660
285319575305 306049338272
97347850645 -444330214299
-46873943497 -525506750327
-388736586446 245690483
701191829931 -241140002344
-323933339996 -152433582255
117771568690 8141657436
-280472716364 181683161125
189930356684 -9702588190
104612175112 141996330303
-194028462310 298968096315
-4454544241 48200696816
-269934597484 -705280590844
-398682320432 448615657194
-283745553846 -38361164743
14173840192 571801948562
537737012327 36851726132
138081743524 -154329082412
-467820374143 -234121838858
140717671689 388658914183
-306747855351 -175316430528
-139804766064 57984942555
-7571919978 429677646901
315844881300 -143351518157
165634613684 -85840425055
-389298017879 672541957733
63163121941 -356345883213
251892589538 57445493932
-292627672841 -262523747726
-17243672458 195644000162
274604094699 276163125062
406674388929 398664389583
-545680897977 -77167759384
322015257998 -104057569211
-159347218360 225519095367
373677195624 -302601447403
-214716492580 -190110662678
-103726742499 94466005891
162689667579 54834012179
-175489586221 39235768051
171279729554 364777358017
433356320658 -297647564300
697566609968 255611821119
57074657188 416251340372
-189884583698 429991501048
56490069883 462242786232
173721721950 153189394764
-334019334846 457642574202
336316075591 -267084387393
12199742173 322446502201
332946730923 343338754782
-263252554404 -331548369672
50365956629 -96976688119
7087537757 234579194504
26753562926 -497652846032
-552700960022 125226422290
-506021749249 -190296495858
223030535110 -30509722832
-150810172333 -278153108175
225610932148 -404396423979
324884371061 488786605351
-677200849547 98596234512
287325422042 163032034159
299838042411 276775055892
-74061172616 -74565047050
184669338158 37523393859
-240697078022 239728518957
-206108902030 584729325938
163314804825 -45765301854
42010562752 20895946775
30135082741 -109240785577
-327761250440 133924134523
-298332936978 -421428559340
-253414591694 -341893580262
-32221915167 144054289781
-319644256646 -653458753425
616615607453 -400928462833
-410062140680 247299728230
-241722694163 58699692819
120917840926 470792744544
-28932304465 -506233014039
-412970838357 53674862452
-215691377270 94082951623
78960900651 395685398488
526492486398 66229376255
77093384148 -230222952120
-59393013853 64234363556
-437105482434 437882283448
-530403416764 -240213685989
46744460789 -206940328217
-216700869551 -207096097464
-367358539277 -80652201590
-110210784447 19867960867
126880441187 47882389609
203911241216 -488542465976
-57283382548 -366517503547
-8723793004 -531150945979
583998378119 62387394890
74823365846 38008286454
-628374412168 19801798301
-58301329545 535779705394
243868976667 -171273079286
32789145080 205851592519
-566662722937 63917565331
-406158510597 107501295222
43910960574 -181483072268
132868417384 441647775275
-83598466168 462133945763
161243135268 -601359474703
565952807348 277973331489
-45654992465 -121728543234
280043242005 131802104360
