-659780599647
-27009125910
-414658701864
18875614075
-383283907102
-103626785722
109556438229
-96147823968
77453289317
-119706974587
-236728241766
-243174647403
188485541418
123041020824
-163098205772
157198489005
511041572507
197979580043
-43622373464
-262672835834
-71044760642
264550179303
-152141590147
-375600202642
-501058315425
251448147893
30218749786
-167866435183
81623541650
-121376475933
116686094064
-547894046929
-258747368950
67583635677
-149547341840
332527230000
27092578385
5241734485
-113490705312
32228975537
104982530553
357139704465
142176899613
-485688910000
-269038166348
527951979089
59316725206
-280593024989
-60621432251
-372403193408
-122765752373
118502866502
184158333123
-538022492872
171816791601
57332366086
128935776174
160372448461
130326251017
228085816089
245992666649
196555600078
-228875791372
207622234726
-464937306026
397237684823
202228789426
-187844905503
114974536712
-346620488459
-290477804833
-94584841149
249571518645
-254517896006
38234258660
-218767883420
-307545782678
-135455526190
-32499761180
-169785673034
757236419350
-155546868902
-156300167860
88003306349
-9090412649
-11438584027
-310373078766
-218818335588
175983731691
64434351599
279728968142
-64705334457
-155273947832
-377997756277
287890764126
-249176264597
-139661534921
-123873437962
-464183605325
-264020132240
15280687977
-303243016445
-370777483552
57434359808
229380080761
-13974755208
-398505384036
456630837419
-286203474358
13818146482
105706384275
27408253136
-272918803122
-171103942164
-130765249035
460293049915
-163915701608
-247445964940
-225692442683
-258249115674
47243463737
-300222889412
-218729715140
-462265808091
-139368794047
-395065892401
239697892650
-5935928976
-135486741725
441526718883
-137649242130
-166174634682
29205587275
9800695224
-390253798712
-323767400302
8547182825
167544211108
-90028448285
-472265607829
403694731959
-45495748588
252659829656
-519260157434
-72577665470
-17273814177
198615947050
226332911759
114024269584
-167752525098
-144177052001
-367161044519
192208706603
57165658271
-16323937887
269038647263
493660078950
284524983954
3926891144
-128412951680
-260282801433
-323204942801
26415132495
-57271282264
-462816382130
186716922987
166133753117
87243382686
-59099732111
-310326364938
302349999943
28433476278
94711071145
51462789191
26122067566
751189318625
42416025302
306100554162
-224473190991
124235664522
220816832685
20710506891
259052431595
205772967704
26776396000
-197091480146
488091121194
-34089538242
-229324659715
314739177010
-5994901145
-326057824122
-551296751321
-8009770484
-20268240420
120401883259
-228150208418
304272616514
94511818450
319660881002
169448652174
-133817993813
-141192663862
-176388158603
326823783276
-50044653063
165980796784
376957322485
202458298357
-558687001814
183821546862
19708944201
578627074418
99602705010
-458108257762
-292532854741
-170746771158
-276933682676
-159349142560
394323767039
146879197104
43093450694
122719108629
-2497446654
20632293987
-260574397867
76168425365
316306358919
525701814010
-116891995962
92374981937
-103773609679
-66355227716
-144292857221
-62531877427
297820445989
-460332884330
-46957900805
298402174031
-309734468845
-97624753232
79767129756
-537164458507
120542144340
34615438386
194492693326
-154123484294
-530446063836
322576202318
125771044714
-213231684606
314087894936
-179655570378
-69593569607
-189118294161
-238913715588
67121718306
21777262485
-317411580815
-228771778462
-356475494302
-325890334037
124507282616
-316538060922
179824582195
-418966146235
-159338062684
168110553989
-133624356391
395602795073
-158720369145
43477540219
-269336118334
-24421488382
-4951296487
-234976741538
289168793353
-502891076228
-266368258001
159055495526
439399576412
-167844149047
23216725442
424680281398
98162522303
276098126012
-427565004795
-141951404097
121585553673
63278685900
-327492111900
204779162283
102532472228
-35299293408
-218675823193
-393721526232
-209309690964
498745481412
-72129679389
201196337679
-266961231127
93542760328
-194180831176
-250654480602
14916480125
346825881297
26981832336
-455039565867
-398781105741
-240458262951
137946274197
154255621383
40268470581
-345208487332
332696412464
-78293907739
-138404694488
-193411493371
-56191399980
-98900284135
-335855015226
-247921601212
-42099661049
-507523467168
-220031371421
331882497297
-192003075401
428287310795
-217282775060
-254331464934
-322499897045
394294071985
-339198539464
318868061464
280533298791
-95702781854
-372077044142
-122656191330
-198826378326
-73705032550
-97170647066
-370601911613
-130235831657
-262480234845
69571341500
-120187216911
290459203117
212665750962
-290165983098
-511290787616
-112745545671
-54747269800
-182916992496
209764262346
-136212383300
-443581521317
425850917935
-66609206504
49652490785
-116658312425
122786840731
-96024958417
-13938429412
134392788742
140707134072
269186964366
-349871942152
-204409298714
-233848757810
-613108281640
-199393414326
-51681390724
-117611129387
-31323815429
-461696843630
-182151590863
-262690148854
531516243995
94133193073
-125550152941
120482813645
-257359436670
24828477734
164722954816
-109086708319
-396425850537
-102014598492
317153974588
412152624048
179622942785
-422065886799
-8652958891
44718667400
-232425019818
462443011699
-298497837595
467793663587
-23918709509
-152408632413
-5468600576
-73038783075
-291505172949
74039214853
-316115194766
156294599278
-268358626931
358448385286
547847280419
-60853785189
-184083571899
388388126482
165073230331
-72627159871
9911167216
129055674616
-99263369991
-347660198716
32182324120
-285539270868
219908609819
-228440348815
172144829661
91615638353
-360649760148
110680297855
-56115830161
-219248561043
-200798324876
80097755299
451676554454
125371608087
135747831281
295607427070
-558856893984
-177912404001
-24804500427
-391375631821
209867918464
58065031058
373381913181
-25896287479
114078594405
-354776178677
193097077414
-39554989441
323163632636
280146368685
437367280669
-142585389955
294007645512
106628511064
6180215776
33631147450
180209333893
68186044636
244993641006
692740290316
310258687062
-158499173537
-139288112910
68572746123
286070256017
-28478836682
-264032706965
335527987111
-25872378504
34702244797
-324935569510
627596608101
43395132241
-36995813497
347676249828
-150575714140
-433011005693
-930212436
-171400474716
128443824183
84490953650
24602699492
-332780333226
-39687148620
-253279174738
2381926431
200301703063
13431814544
47200584943
118384926736
-636595942996
50938553872
237644466104
-128712716401
-506846577810
207748707513
-269383956180
-155605793643
-61662109770
-362393210863
-147036158681
273995321730
125407939819
76272428614
-33989395394
-149829222870
-92649813415
35614207650
247067965688
299190936886
-653205841505
-53962386078
364728940866
-416757162591
-163002281763
-243199935565
-308047333406
-65742983612
-202203582535
-377004751816
142294655914
-43897282416
-198635810606
-49809479080
218822451611
-414065084243
-351535224367
-226586099442
116130949798
145544393302
-622115360297
-334426931815
-85079513342
135728117931
-132506530623
-89820490462
115568112479
242748821704
93049739874
-447040355289
287839337729
-71085938090
215601910328
-101055457275
615876149653
-99590944467
-158647906279
201249188034
49945866423
387005510265
-213695368769
424321180632
-150164972811
133669020260
205706081220
237987493541
-78444654876
106724197867
75890505940
218942007709
148526951366
210851900564
-9968917202
290894582357
-189784629215
-317682117352
-537442119891
183420993528
-289025704156
57991043055
-254456728853
360133626594
233016117230
-35475292171
-83637149333
7047345981
-478395558253
204935365437
406468487778
36964995452
419427673232
-331106908350
326597533994
-15915969071
-114044248085
-262644669218
-282475828906
-1130214623
270453928739
-2033270518
305842216343
-169091925179
-38677744309
8882898525
219482245519
-187622618031
-520024654826
-11016923035
-476636710957
99335751109
85433945501
-423566104997
-159577745471
132547998659
164658177216
134826297932
-293123085466
597901709269
279341606053
-203248672335
-303944700862
43133968237
-4090573897
-376626068060
-170182488637
258983811247
-29464311928
203424534693
-560065387829
-311960990885
224981112903
-151901637513
-45457302052
129494816219
260631144535
-369097300393
-84721479197
396998320904
-170015946062
279344647144
-87017851654
110290503797
29316498900
215480080395
213810737840
197968866280
-513877870216
316046175638
-125471175659
218070090139
137480637822
213611272209
-195861355089
-148503813782
14633392062
-351629119669
-1257550463
-438866597774
29163666764
-18751437459
-314029716288
-69815494613
236314058584
510910716290
66156068611
33124287055
-75354963725
369111008310
227045339389
450524735064
156507622774
329603422622
208289648749
-92255895368
-36809425218
38053678821
-152176802033
67013229810
90058637607
88690375593
-208313709390
147502868222
-640415161262
235998573811
-538953366087
279584539031
113494304439
180452029209
-288058340082
-604152606800
-284065191819
-394137905751
-83443857942
-32239139510
88641615164
213080196203
-151715982107
-98999280552
234653191677
-6446033017
87340447226
144287904999
371956894307
10909675546
-140575853933
106459948127
516594495043
112546127416
-257137314292
-532458264672
74684519604
179470013010
75535500013
339471759839
163596384053
-17250551548
-347958605068
-180962103265
652921082681
-185884633584
-329060204016
54857396353
179200330817
319431917462
79276786301
14484104016
-7639862966
214375602466
-372707021087
-185256041106
-140745814932
56285580054
-212093994959
49611571133
92129026500
-123473933246
298316582148
-231927725253
-80490364625
117349924160
393358159853
-131890203720
354489925487
-73328145111
-330835725394
208857299058
-590039293577
-79914688524
-196417580231
440954497053
-292098879792
-346327805844
228581262975
-107947619902
-117412516221
-121333314635
-421680784755
20456700153
-139731839611
310495258552
105089097542
232761935791
-331538407768
592218708696
49336759480
-89274152015
-334900796373
-16148560443
-56919200563
-54514687226
-553374493279
84411276423
-133489009961
174664140211
102373688440
257532219901
-66813576935
-278027523089
73631364842
182093542572
44421708818
-194563873489
-477639748423
-2052142089
282271123158
-213801776092
505791428163
90248854964
204772804719
-391548553057
-169799472580
161783113731
-232039254087
-237497139712
369466988554
168878183926
109661109876
370954855712
147000895729
58636290689
408525662125
-167888479966
-201166226204
282078856030
57159772691
156054734254
-305883459295
-409374852419
-316900967255
-53836637156
14958072384
76237124909
283318568758
-175094250038
400585450178
251354796956
23432365679
-153249342055
43632078821
196085328314
422599022292
550738247715
-98863560731
-27828378311
-325988301541
-183020893014
-109530133388
-123698051673
-235784573093
555088091190
-388514210240
74001975564
-414768472864
-99416050654
186268790814
-254079992609
-127580844362
-120746640792
208654491916
-46875422861
-133242506274
-392278751118
6509309650
223517175032
-80180385064
219798799119
-165000763354
-71025852097
402904893192
-250399109964
52447431992
521539507578
-381878157138
-276741573098
303433291505
-214908308214
91896532036
334699998008
161946320488
262779189797
42677379430
149035002895
536982098310
-59154993821
-311576770002
-12632131992
215069140965
-331710590799
