# Packing of N=64 1-dimensional subspaces of R^13; each block is an m x n basis (integers / 10^12)
# m n N 13 1 64
294513571522
-146842871179
-366546568701
-266440092016
-62499393211
-532003397380
32919873544
233986742826
-131445619310
-222056811586
-224579466453
81809328830
-468901944336
534597576460
-297068154461
-195089019629
-239483350678
279454576937
-137201631177
-515908018848
45929330591
3174462625
-87241517828
-136347174288
-296872158317
225852643467
-94483369526
113207819447
-163430411557
494462116755
-391566923088
226085336444
-164999989795
-93468799185
-363027775797
-31712231669
566932170651
-106604461877
-32901693848
218987175767
-9233141269
46554488110
-128906470071
-184396193348
20351089885
36532394132
-422621517760
-326572119529
-620643519367
329846201992
284133388158
193487609077
102045538404
-103642840105
114797728994
-687985479553
-229129377828
-296868835667
-389884867512
-233985588744
-164160721551
126463873869
-23287043852
313862855136
54382496818
48522283785
373559234535
-291380515795
65407164541
-286543106189
-116646900031
-163785267506
48354694415
-155343363799
383649740472
175078807820
647584521720
-150678986713
-2071058650
-147681425053
-369856534562
411555871148
418260454548
420760575
-343065269142
357837986808
-50161648682
161745687421
358878153374
251580864714
174830514343
-409063344687
504939965841
-116673497616
-153926656417
461010816082
-186016482579
30748319157
-140922451845
78407193632
165047926123
264805102798
262457359660
316330326381
174327750844
423976884568
-120857040123
307104692013
298858161612
-50619629139
-148568069164
209752892929
146402458338
76696626466
-369174826591
-115373236973
588276582089
474637886254
261280157506
633307131303
116725425363
-167038653009
284237968446
155832035274
-136324191756
-109312090862
131244104898
66123485531
281079069565
-166240365117
-323104463489
302739332608
579131253996
-129140569149
1587392295
52383439036
-394904424323
-72803942611
-271557392517
-238529415133
333927834310
27797377517
-212050586567
105704188561
-502849924790
-36425411676
216898196568
277191491280
-376921818680
-60370076814
121797516501
605876284433
-78568158972
81423544235
-62853857515
-257629868864
-318722108501
274513596468
-306699380665
329528966758
280454789332
500146214807
-148225650673
-238175662846
-166279932686
-156270216788
-107079900821
363336471316
-131742721701
229478692821
275543214282
221170231561
11740340276
-337550211014
228989641415
-321382049850
219216913589
6323705923
-126673133184
85240763026
-640309767281
267009033558
-61892670286
-174946874445
44297974756
-76456329914
532655965084
-264889863083
26384743337
-37649468918
-72119652468
424767915274
473986053277
-435146717540
-45911687359
-178434364137
156393080303
-49968274490
-89626763893
-287773933516
-205399816883
249576178931
559859719391
-122016679389
-157622943093
-515000981643
-322643086404
152908032025
132152281970
-297202370327
-73715824796
42769951193
-408176489198
-71279519144
-139371010381
15013881487
46755000706
-86815946117
-27209426925
108229387020
820626425858
-315872447757
163298611788
229836590465
461799870697
42928209076
-85460955596
64891545629
211772576594
-401359131440
-443999296472
-54138566585
211873038517
378448862843
184110028971
-200131420120
220550668282
-63026745744
172958363997
48907108512
806726981744
-145936611519
292796305490
135475962172
190094686960
-62053675799
-157966654181
-304540994264
362307906104
-123949228488
291183144509
170260598996
45223483245
-497315969268
-98294880597
423575986576
7929476370
261170064510
-325979764117
-184026452016
-240876740731
243503579428
420478339094
-81364810073
95048423201
-444392509248
111896796500
66251756478
-443569794640
270251623630
-366155325618
220921067957
-152207423424
-67498436354
-7527955810
167808834318
-152359303113
-99531817436
-555254201751
-295432928778
-55891284887
263023710660
-632362152281
-178320539298
-59456095484
176066068398
-61125715683
-136985415693
494235753
397490424241
-217352833392
423883736508
-198240930990
287762945115
400045274922
115087121789
92405062420
327418208688
-425970021299
-173917331263
-503848129042
332467688403
-55735195158
-144890245349
212444096712
-648631334022
-175483530187
267244622702
-62567184336
-12591840928
-69341900464
65610213620
511007973190
181499557611
7616173511
400903484119
-58386507734
-68136932773
13964737516
119571895761
377791939397
448713434652
384646017256
-168109848651
48157019096
270468663197
-376975928537
163425897238
-252609293067
-195287438132
287795212414
-7985420540
-379862717138
-345282163281
259991718922
269875081017
-324968158271
252272322450
-389137096712
-254420154933
-24151458444
-221500643906
596546640511
442508848857
-19777060512
112312524861
374876276008
34212172443
130414580842
63896982551
-81952322804
-136231893777
-113122038368
422081978362
36705448321
-604389773877
64009731797
-232747586933
399469770724
-263421863374
332036324309
35834552393
136317553388
80661133205
540796013391
112942842855
138911868233
106279624244
238303739304
-33436887683
201021330440
-170717843359
-113495985777
289197199057
-431993532673
-480195049102
-151686549640
-70847522208
177168565157
-357968833422
62358744607
-239537335854
-120494830157
307020623254
-303498219061
120948858560
107064438055
139113181081
-726523827743
-3299732655
356073139691
191081855484
217093549438
206542460035
586477566864
259683370493
-106366712274
-31533286309
-314746714310
-266637827629
287151377505
-200777432673
174016997313
450358711227
69546208329
150983780495
10438732131
-44366957922
-275027950249
-192833223169
-279992390140
56464845463
-295462469348
364763981475
-387367294065
-450170594222
405145922032
-255770314030
236370801752
-144015387675
38467967714
532081877901
-5282413440
367260600467
282672666554
280379408566
-138614694509
-6377284638
310735299214
-34909538363
503873882959
555507331250
246114275100
161183678420
-329399540717
269858465404
-134050247763
193943158383
-106365526447
73679027737
-289058829639
111996994660
-82730776257
-521920196791
-11433342734
1934103440
-68316921443
-454286731947
-177683708654
136823332462
-584119636579
-119623663277
296908222179
-21737003952
123094041943
-201206320265
-186959375554
-334620053758
591116330282
-192166035026
-163228342785
4094737930
233468442711
-370333757994
155724176767
-322815235757
98850474298
-264006345570
298991198946
-40637977259
5865818940
30799855716
84947351969
64524413433
-302387444799
-272833681414
-721528311745
-13541136489
-140506750637
127224085698
-417132304922
204018317215
122387572547
264553008335
41566006154
-163505191425
-202671964952
-426572648345
-153082051793
264602259392
111332990570
-498405526835
127998750575
-501270814579
23698937443
-553128227900
-179281859445
-61556624529
-82420705797
-323869926765
-28643952550
-650451537936
-8480042187
-74130266952
-290030614638
-156802103630
-87703332678
322128804949
-510693021802
104311003281
134772088403
81092080605
-215987379215
-186299058680
-33382282104
-113243812493
666557681843
-112200350012
217166662460
-21438228169
46597529614
-196113153317
450998818429
461140374237
-142626085976
-158890531464
316956185214
246665149887
281532615820
94774784529
-432553015841
223666817363
105132160610
161322907338
235270444825
-382471512236
-501761043286
110141206422
-312172718
-38503762289
350456666294
-115103778040
-325416263799
-62087776909
328321216549
391594432956
295859674103
-57170776594
-59069294743
-367503130011
142084624147
681652457171
266654154972
-75807994956
-141260256200
-326711805711
-73715991050
-17726127470
-276619039909
309808239735
58660992552
-333481560887
343742540129
-271582864553
117638161997
321039669545
-452755623008
49644432903
-48318477390
-13354891492
176515469143
-489309140715
26416040143
-2025851934
-384185536579
-95741166591
87419827547
-61832224805
-442546494998
-179910229470
586016526647
72472702639
-162393822039
426893830251
213482767923
-120740268828
-693592792693
114286789610
403556618226
189425353976
393016502423
141359239173
-114786442421
-246844158658
-74446224123
-29400210888
163997127687
103418586365
99469914461
-70716141971
-461629002726
222780017312
-77966924767
235688600294
27087012338
-148023729367
-404593799743
-429511074081
-323600946841
-334467199559
270810296750
-217144222730
-139940295780
97878627665
-332807717888
-78387783212
-194253882410
-369442454902
51675587982
-262564453347
87008722598
-207468006856
-609014899263
-373408431459
570801370695
-140208466521
16160975232
-323159861893
108487446072
40988398469
-43728871328
340116462499
-233426788598
126610578947
530927861521
173598346038
-190404376085
10891515906
-219610039243
-219637867345
-106380894013
588016104417
93337165927
133933846232
429433055884
-473055070798
58926246945
-285488303377
-152258705289
-57703038256
-262613493563
-146376381353
141093560111
204182625483
674879590198
-264939370651
-438146775148
-222442618533
-93267202670
-84604936587
-253831731464
10702031432
-22353444108
-31151016331
-36922862205
232056435476
-539249081303
-258789235719
161998680738
-183640840578
517839312946
280776879062
-304901097897
-36877399372
14411340541
-290794837327
-358807870841
98433654498
-32703998042
-714833413858
38382451071
40928933400
392105197894
203174032606
-120249110442
331018161925
67556901548
-112847836780
-100026802657
173678231075
390396014782
192371951072
-205477260620
293079994306
214159698708
-531885993398
-56684334914
-88782807276
557062633272
-20595155850
-37409521550
17264735393
-306630862865
-29877330243
-318562079253
-329254411582
-151520870973
344292159915
307381629216
-598644320771
178232073720
2977413681
61535085564
170672758566
190129283214
622296000543
164935065523
64896414169
35073244690
29096501310
-39267095782
303967369490
321007896070
340731422122
-486589025241
-129935630656
-107228061815
31996651227
-162908491457
-269942770259
-131343139422
188129130701
210686818014
172563905141
-304671358078
256025458297
-136005452548
-601496386198
168531397451
-162025212331
-424802117042
-428846942299
-338273813528
522915925419
-149928561246
-78362051737
-291612220368
256927067538
-312423635629
38764535856
-16661605203
110064546146
150113758271
338399913129
-97947594128
271493406321
-527046202228
-284179023506
122544087831
-79583087940
-48409037108
-278806258502
-180142834326
313021792978
-558134789164
19544745175
-120019885294
-282993665945
37783197272
-176354739983
68746418000
-212829348466
-320690767696
138077138513
536465287400
78996239153
49027764209
473052584961
-219494752409
-383483934449
-126793991184
-4616020663
236833642070
-281414004722
458868789237
-353594550451
326911515143
279280132741
-104476022689
-448538782974
283582442608
144605442799
-121357908561
558696280742
274614721319
104947372430
9944948378
369650743497
-528258917944
-87974422573
-170803763375
-9335171285
7931746868
2332576792
381533222711
54742009448
148325497588
-136563274195
-464365062811
-174222217429
-108546819797
-491100356633
155545826116
-211623274998
181109590719
49366114976
558968414828
160748376728
133781212545
127346913565
87929221701
-426781297660
-141050021129
-178841214672
-152086655955
-124926029262
337418737381
-327769583390
530467454559
111574982716
-279592934050
331649781087
