-235956806316
124650834759
-296393846930
-244922321391
801193961031
144728163421
38231423154
109134600659
117975931351
46678782467
-297561330192
-8961994202
238661436587
-199473494362
-20767577259
-82891408703
163514917861
-402760131548
211004806821
597629673941
-232803212630
-109729030904
-417776054265
254041395597
-275822465247
-370172694556
-13506333847
74193136549
-514687920160
487765553700
350988547230
-255521975444
22024394294
188906200162
96843325289
210605115065
-165900998999
-157817414616
426582712379
131652334087
-155589847007
60644299275
-39904060090
-349815753934
611696315458
419212513910
-190005601813
101992178528
274933838766
108301963941
610490247336
-205176733440
-181418099022
-28361816149
-215075615149
-198342364710
-29017419003
-145947724913
-352068334820
-482158936800
128136808029
-206839636700
217656793207
63986448305
-61836955465
36394742487
-608611598493
-362956969760
264864580535
-326521034136
-357765329940
277974978732
161175507753
80502497630
54646543864
-88844558792
76790373192
-446499883641
413912787309
145064019589
54397228718
-454165686302
278885987332
-521567835831
33146466923
353425922258
-69438164631
136060952348
-514268131763
-483839992783
-232282846162
-327039905191
-76475208062
-100249911193
-403276552626
112443041286
-476280456005
62983230076
114830329035
-154919885318
340021941542
423653333682
136250689161
-325614729846
-53506318677
63228594692
297384070686
465853547096
-447953752828
172518342960
-171342183530
-83172217409
-176261701847
-82693342670
-127122399046
-346759267852
282830516943
196281791888
-432723301104
-503211214069
197871745008
-534863250307
202859819656
236529270704
-242158201266
-205037479560
172365657038
65368811431
37037436371
304543113146
-103436988692
581539697597
331513160072
318840667820
-401682283521
69162941088
165871389902
-388086521072
152623778027
-208545158550
512839414448
153669576988
-155477124569
-258081725742
-411789634548
-362325189099
413965977528
272161473895
328743281163
-113329602795
-284444379608
132848056468
-19741746289
408278749845
148063492002
212680579832
-117344814449
147949778306
-153517142221
-459693570631
-165092761689
-22979744531
-286876295802
166875411345
-610109230409
73034928980
-355383281978
296077040936
122938764055
-452847725030
248811730435
-577135063143
11686165994
-108579654297
329500525627
38578198564
284409925969
423371502323
-22796594801
-46751883570
627644744586
-68354502036
-311085145286
49861404406
371999267674
63675873219
376584435016
-158352392725
-112246789813
47719793386
354149027987
-229133511065
479074311292
145785981434
114208885551
-306261520599
170721788120
-541360792119
154095743685
-153301142132
-443908744180
131319473001
100953847658
220088237418
168392027734
-230670513250
-339053884745
41162647849
-355483562310
-315260051878
440887341140
-218862376921
271808966538
274451237125
425778220608
57033314731
428654996299
-612610726458
184681026266
84556404024
-3772475814
-390097430067
-55672088994
-307637931866
-173655666975
106389550738
123523172325
-305028537415
60295381185
606318430738
220266866977
-242656522246
-93902207313
162014291029
13491186619
-496192840919
-483303342164
-77554362233
-7273566228
15409092544
-168300344722
220512838209
-244310019393
165414831158
-505496769904
-127104038116
130050828918
372447110644
-53616323922
448866210720
-294835079349
342642425363
300969736596
-195384321140
-198691166068
-189388408495
-293808793601
-288324920127
-333939146941
-139555672706
22369857527
657818443084
-247017891350
34737246838
-209400639345
77302680357
-328298649297
-357051231911
64879208545
-583473675150
42556330912
327381702503
265856564291
409881007019
131491617365
72782021514
-280052149730
522845370134
328854159839
-415038982072
279521578358
-326062494136
-149609492117
-50934674525
39220215569
94062723850
-29665067899
383547462054
325227827958
-125595070030
-260950908395
382969992808
-173650309021
-220164305284
23128781298
160184297662
-530323864356
428748295875
295742924308
79613226514
-155886757096
-333544258117
193247683896
-191833392725
-582535652772
84566294933
-226107156928
246998172896
144688439456
290337002187
-65394815973
-471343016093
-511105252522
344569106607
-133098295252
-188923565821
-185179388788
-497281054540
-24048694909
-121977829554
-443112936088
48536695854
200500105841
-175197946373
-108845581964
-460878212416
254584537651
-174876164211
230939739893
547789065127
-207022483900
-233193482047
26425492065
203999770812
-313601693294
-298404399406
619466034129
-186165122813
-598758674146
-134375425323
-147549433241
-94583177072
-82048173516
266913630281
98100337417
-35393954412
75718489349
282372759896
-466710480966
383132756885
-128422742736
454264856286
273246033843
-366508091224
272264012102
-172498662250
106334092286
286534708014
-18118038121
77001681532
366113337908
-19776293109
-266638865986
513530569178
-237456411020
192118799906
-165012397756
-399779568755
172511741088
-42359661393
207827485471
419124218864
44028965977
660755660603
168413203334
-38573299438
189505171984
-165711896312
561420188933
160839892868
-81484176765
-107277641895
-326509907063
-49202390776
-5179560546
-35891979445
5387783291
-415356062936
-300535781920
483620762905
-134523703096
193424508871
562408680203
199179035393
131208207937
270598187995
250948563336
17226221628
-417686566698
483270453987
-127575497977
-159618116696
552748781329
-79616195811
-77521574297
-94698247207
-362678843666
169053172834
163232656835
191526138010
-22458107427
73868789899
-515822591846
419235194210
272454308684
223912027447
-595076275476
15619661705
-76477281508
-65607246241
-405642709834
204038550338
-431744217781
31388321421
-111740005587
-97248005101
306772217613
-185699035886
511711653504
-387905404018
200713434092
-57378876161
-166122891887
120414143228
-161875873090
42998685362
210867448056
117018900144
-7395964241
-538389028296
-202210065019
-114681298206
-704594694744
176863194416
247993538401
141418605916
706624917945
-9379215820
602536523305
46806957393
102441675933
134761898011
144248351702
51943434682
-20101465384
35878167118
-251136564638
84996899261
22228848446
-360752365869
398517961348
-356747176252
421983438077
-535543348719
-3805727100
-72398074048
-77159528681
-192089017476
638470250765
453971569204
273085608826
345885528573
-58793509185
-74759447560
41523464012
68509528687
-278321794783
-207691579066
160943436140
-173458917929
110788588743
-579408012858
-219190961036
264145463864
578759951660
80628720724
-69602301609
31840177753
-261037735908
2162575852
-167883082008
300902450429
461667936054
126815116884
-258768204797
158986626729
67316091980
-30378858919
-413066145035
-565525123665
-147279259260
-150550600591
-123278955957
-350844566938
-88731198594
60081565880
-196962229972
190157993468
-475999562267
-290648674065
-411149491924
50152165490
615431926178
114093591988
184400938185
71929885302
-22753171200
253572785632
378557462224
260947674026
-115436500499
-81232816445
625505696011
-321233589776
-134123321557
34536931458
430476028802
70138914677
-39664293560
26647839295
-302797501692
118279481763
93559061411
-55379866044
46959899212
32422594883
599657785838
48526732071
-434758909872
570967578553
-47377171334
-310944702643
529274209181
135194970314
287252940432
-171380076482
116455764060
-512038710186
-219455874775
-187278933786
-63043709468
357519467445
458733975676
306390201764
31280177320
-595959917050
82125506430
216596835663
83583387070
160629587663
-216512799162
303168012037
10608879293
-337925276510
418475177820
202837438558
257465051120
416169841400
165299107223
-220703477402
9079962086
-391286651320
-24748397957
399311927126
-371357527871
130611977920
141655561324
-287686334055
133662401636
173966763478
-422088912333
212889796883
11720407772
41994365766
-28891843818
27967640269
-788642138126
-9211021787
42828697699
-229259798995
-295200299523
-287263183033
-104146263030
75581374249
-16334110320
-67846483046
-456253391687
-78502374345
-432848361071
-593991475957
108081092846
-42089664882
-290206407603
178295472687
265414107254
520226731042
-439350762279
144334296291
-405013845383
140293490989
102495120809
-348385121825
84684788176
2809480581
-51907081542
-194552216429
55472371081
475571094070
303507066528
566966766873
35658093645
-341222330500
-389034588410
-201024103890
211682145031
63526294546
-82819175693
148643061159
-298753094008
158785345621
-294377632145
23861935465
271628197825
-601443256202
408799210623
-343329086386
15161785887
157894071766
161423357778
-27827484379
508886709320
133262611697
-20046112616
-391296434152
-276329834668
572642123644
246436098517
-229696387576
-206953588755
428008137282
304734402222
270765021489
334515572726
-15915268570
36902347854
283722386207
-560520625343
108951290316
237583860499
176885578876
93951203961
249145564459
-32642604330
-564025383635
-236269705384
-152706994751
51508581523
212808941155
300601397942
100619438441
-618323946998
3991413240
524898417882
371631855704
-280603739766
91664528668
229952964681
242008482139
-81859730299
203474040508
-268886056957
38934445615
-488723189170
164363742454
-193672482941
-764891316543
232092143556
-219741377955
-32946477070
-127746779426
103760779261
85035124752
-52756837996
-376435973360
-290195341368
-105719265208
-166169335899
-153904763556
73719568671
340665487997
-343688557799
123799968183
-242273355156
-448000770331
-471013556588
346437741808
-147762033524
-265815165734
52620851961
57010589253
-438339820152
-137594816404
-14920980764
561022877614
269498526627
-119199957473
230160241953
370733203639
-431517676895
-66895185938
-245747336852
336806042108
-280127931947
-316654593744
-324019977209
-20009606987
83321977115
-481203009407
226496512941
328304790753
-7545679530
379997743432
-314282964531
294113878024
-564858842118
73127780090
46914789425
-373484181506
2032733013
291436040936
-33956346388
-224100914205
-448339512954
-106287157622
368558226719
420589228652
123353637194
-212262281593
219119831380
599251973628
-158585531276
20096469332
105419286965
-305880224787
249607356932
165374424983
536568037196
-216723973546
10058654984
-338050743942
437998287268
-136666028567
63968814563
-206912734331
77118588618
-85360784322
-516976321230
-113237493474
-153376691379
40399483865
-5327289657
149826072465
-288196211988
-109481137329
565039624873
319938953315
457624383362
112510578135
-253673677000
-386347397866
-218234686134
-173554572180
122947590701
-234664632200
339448911946
-385317449236
-489505651495
-278468768577
-310147340334
196588677620
-319796023596
-184675706471
-335735426016
151063213262
165005592945
198547870590
-367471741349
-5989033821
-13963418339
296359707169
-199493499394
-449813265855
-199746437253
-541008183637
-21719091564
-369321567517
-587346196584
-314159327320
175514050544
-140026540954
545447406013
129817346375
64467371814
-162497298917
-97764364413
-120668586865
53693513688
192475097436
-726530720847
-142062595232
254099398976
-175454922559
-17287214863
-274310403178
-361742160456
325666557307
-53446835370
37054463243
-59353985483
-35160939239
451119179033
-616802153177
62022056113
-48277491425
325849987568
-16655478272
-148325594659
-315041163852
394411038840
147793259032
212914307534
-132820505080
445446767751
-197420062623
-27491104530
-420114249480
-410764295088
408170914139
329058526759
175060711435
-79983362228
204262227014
-160466593666
472571602722
104326248938
503382802095
-391137835112
320019977939
228848269407
-258883487551
132870889242
90906561260
-292731396891
-15627260453
190913769964
53431573134
-13996189930
453649539460
222115647268
509505182833
389142782953
-38388981149
-206188061802
379220722326
52883210155
322099337107
153968518210
-123305174104
-135708185253
-537432045953
-548311478780
-336336340826
249105798742
281816606191
-271700297999
-4575558360
119995613160
-101768210255
-36708153975
394402567387
346131586609
199716511966
-19774060049
523727928657
71318062980
369513324504
42146186202
158322836159
222798525618
-436595283520
-20722417618
538236814892
100430205911
105802800660
-87422653826
-145263419676
-236945507021
207790273454
-341257367463
403486378723
-361312859468
-388229661411
-546152053329
-214775726637
-74513122966
-49828117864
-50842823403
147420738325
-364445667286
-410917938447
-224349607426
-488530515653
-32316290715
-177547340239
8358787188
-307743889116
115669764719
116673723119
493487060519
-476201866811
521816654532
115122926441
51750063177
132796101633
281132822054
151787463170
-127255982783
-304221059794
321503611754
-516246478986
-448753048386
-54897486039
-190135343542
-462853146042
-177624456594
70911599040
-78621833589
154410656812
-196730661584
239879868882
207456698534
-27656152010
-449082485808
251660064986
-26776805604
-305141636776
142335794252
-516547983444
169671978422
430401428690
-59290433472
-418796674563
436229900792
264426456893
-34833695944
141386911905
436919634205
132975197025
-219172530026
407186734899
-12560248134
-342192785702
31874777658
-173094128661
-560207863442
313914035054
158729691513
-487194720861
-338682082214
10699604770
14633870337
-250326879452
317142158388
-125765093665
-574690406345
-239335173350
-228368178231
196082221749
399448453226
-73873105916
145243730281
48940968250
-33315408854
-60089245248
158592143366
-550881098985
505052831277
-39232333989
93932784689
380972644579
352859614486
-49537975877
-441667545438
100570830212
181339810542
316058176786
349083645739
-51322672743
26783714638
-229083343393
-325545498679
265718335588
297861392539
97110233932
-3205700998
-86059073134
243015965903
-673594768385
-350096051354
-171158361446
-142020458865
-154148929602
-182887080811
215714298901
-49475039461
273945798127
-15257893434
101533592849
258052479299
772936134505
325286309072
-134979506194
484317105103
-341090262636
-204201498668
-97482112722
-150229951195
256645861217
126830252927
-440301964877
-438656604557
132853349760
-202369487103
220187310845
497860281535
93120588711
138091841101
-435870412559
-70195631779
-276189694660
-104151819465
-258151560421
443887262346
-76940210668
415403031076
-14069228267
-6911402653
136293564202
451942553861
-3369453387
86175171748
-587078836195
95864207965
-82226533435
194882264232
422869613899
82660406596
-430631457594
147648240178
-27978419454
-192278174722
-103473204942
-187125912774
-237716413771
97222835376
-525670265023
-308199650543
-465945790077
489876864286
19001334126
-326845912910
-155526528409
-129202902752
81215045217
-65187222256
-286006275178
-362820416691
687386108239
-335064491672
99816355128
104274604987
-149672920048
-132696816178
58878142773
571169872008
-6726890020
-321101545768
-363335563218
223198866395
88631873077
-521425526374
19413264558
-284767568230
80612320099
174353964475
208306795162
-247340752171
-433174905836
-7418919052
198111802280
547654523306
109615280048
-213964185157
64762133159
-3513771777
525508859427
-153828163497
-135928153717
-67859228201
-308172224192
-326299134118
-220258032355
-275016548709
194137279180
-39595316706
-42953576457
391933083655
657991631142
548876888034
-131139440896
93129138572
336477925384
143957071925
-485231272200
15272066959
-6444463832
314594640838
-369360145978
-45432072097
256393459791
957776522
166559598429
355460024769
384822401436
17476994051
153542574513
170773043624
221040719943
-77722293064
-292870232442
-376647052431
601861232490
36129344600
118680967391
-129785417285
349347374924
160767264801
-421370845696
-466859082653
180904150391
-172262701127
134923166463
-151481656474
566403607437
88901109014
401147076666
326499427760
-250475480230
-246118429160
-8951960628
-111806101348
658694447901
-178102221268
-306322747736
82618296134
149748337392
10542791578
-274127375202
243719195139
-494999869268
302291667451
205004004111
-108689171941
142683902801
39830961720
-106989315736
-290272708101
597870157030
-3226245908
-64345553220
-330026529507
-746890806631
165466843586
346145600542
-47435803435
-390285670111
-58749574822
-154115994092
97717819
10652668304
-179657080785
-10620649016
355401499752
223446030918
239394359359
-436891534063
21619039193
32706537971
216345522584
-166862289505
-676174403308
-98949358656
190522618581
341004043211
29511783284
-311810864962
274499851110
196161956463
-486147307291
-291528153220
368687584503
333015174488
-254325845843
-51493555554
-287414722741
-496710377832
-153508690812
-239068861116
96872395396
-73364531174
270799920788
-266404034111
-513872090668
242761816235
328142411263
14392714222
260572314505
-92008346209
135906284681
-255961028836
242874280730
68115683966
-145377698708
320400907254
555010778844
-6812308046
-23812345069
-586157391319
-26380205215
535821352990
271528752961
211994621971
145800648420
-309746246378
-97568855946
-471136913585
266658148733
-376082338750
142453803919
-109554368919
-553769878920
232214808249
-351187770624
74574242987
224937299337
-3300068555
-616272357808
-46257599413
49666000204
232189128166
146809647439
-7099091071
141616007943
185502259024
-33650034516
-129298444377
-340962788695
-156647625080
522472520665
-347842921877
-213577665257
440538357912
-265127824090
-287984103358
299502707495
298788529217
-116176422010
-151838737709
-320639255468
-256237105257
-632137480166
105098783922
-236402392868
72483544873
355029181091
-134816060556
77461211943
202436057109
-155263987791
-269211028436
327307290048
198282762280
-329009069100
553454050186
-81724737073
357315760456
213933945370
339576548418
-591489345316
-148103932195
-56052622574
-123182393056
381900480454
-289584265033
38155696792
172349750254
-327859437979
-342425322560
-11923171090
352325686607
-170600865778
401070109498
114176324336
-248036008811
275543526557
152005317708
402991942920
-49196536805
546643875398
363226128182
183322246300
-85250029517
