0.740057331618 1.869222392277
-1.249038661075 1.660662732106
-0.073872700816 0.042334901953
3.839766880614 -0.012396278731
2.438253868050 -1.030119853978
1.342762702621 4.213444525462
1.500450771989 -1.377287469143
-0.422916638372 -0.894771457888
1.749727718838 5.126888270624
-0.842073644858 2.574106477268
2.517928662880 2.595116695309
3.331858695315 4.422004185633
3.512476659227 2.699396525395
1.930345682751 3.404280610386
0.152474351488 2.678386307353
1.523380666533 2.490836865224
1.670052924008 1.501651721336
-1.668376067278 3.455571759701
3.659148916701 1.710211381507
2.664600920355 1.605931551422
0.935797686404 3.300000780300
2.337310698968 4.317724355548
-1.072144573534 4.258384319311
3.252183900484 0.796767636345
4.498556541676 2.865668788355
-0.254490664729 1.764942562191
2.845218884267 -0.116676108817
4.101416217448 3.783426688279
-0.435108628641 3.487550222430
0.749612177046 5.088211927992
0.856122891574 -0.325235768987
-1.088382187106 -0.144174014196
-1.836621641205 2.469826647183
4.322327536877 0.910397624762
0.333092315401 0.955778647115
-0.288821238619 4.879998792258
-0.661455680946 0.851498817030
0.507078954018 -1.262342128829
1.263087907791 0.588207976175
2.257635904138 0.692487806260
4.645228799150 1.876483644468
1.850670887920 -0.220955938902
0.348214706274 4.109164695377
-1.656003677293 0.747218986944
2.924893679097 3.508560440471
