-164843553325
65544264565
-99922813966
-459643675487
365137291637
249436340849
3562705092
686776628990
-151128769505
16665458184
238615740891
-443160760897
-372758586753
-316847731331
-94000167359
221892494568
-19682861338
-118694996378
29866464086
-203618304555
-94028688314
663720611022
32279275624
-564892419354
-591154248823
-95078295386
257565560367
-101637563198
-256826440283
380562530349
-57445542370
80465858059
-155302150794
392186481139
377658191846
-3954021233
359034758295
140775951246
-421908314061
194746942423
-364411133091
71905931454
49969513095
445453373038
320251510737
358551218479
110941313720
-109638110862
42520631118
-331869808928
-262579070993
252033102578
-697578915813
-79628401763
-84737533197
-126309212384
-254794439805
-529103928857
159497038205
129590509618
-482133408270
422646440360
30390561180
179337906995
346289214259
181265759244
-390644447780
-322390192817
392836487621
227212977552
-268556933403
-53009812753
-492655331364
-359710791035
-184691772489
-214322266118
102157504893
-419875489505
250372747012
-428887223249
60484625338
-392212255760
-192079122931
10982088249
-317890060002
24997367092
499437209619
-177351307974
80571145403
327936872222
401285797608
49339741049
-528298458571
-387161097341
-478068487602
-23478874902
-8530470480
210124305307
142064391469
-217127478912
52798314557
237548384390
-145383673438
-148523059383
137482432406
531109561603
-221123773595
39069342762
683009167476
180390698174
-346986182299
42391938139
9708350145
-137263696278
-207166639560
480047705891
-435827709593
-485817057654
242912963481
137080529697
-285906167496
-351970441427
-689470509003
-45447113579
-176710079127
233509478590
164055538471
64345062659
-271548162059
-130056600493
430701718543
-75611216041
-8406040873
281370794171
-286717612025
24857998523
774027412472
-364392100786
-85554635069
250166162648
-138067183170
-30058420760
-127146006276
548261860186
60741072426
-221611181822
19033235337
-438813749630
121395926006
-379914058369
-258918398414
411051603968
-192553239173
146756932681
53794226647
101459040165
370171486073
385387560828
-68885239365
-143337874873
-115183058443
-36233048328
756715100834
-199807712385
221020325147
-285406183747
-420040316062
693337553816
239820896080
114900337118
-93679455224
59864990755
113705068777
135328340655
299975381184
238932711761
-496939953568
-34200735967
102158483676
-358484926820
252320042084
-320038175559
-469634992174
85087856753
-334734471599
-263774434778
-193448360165
288446761794
-125618802026
-145702834180
-311627687176
734857925996
187506076457
-121771146697
-137270204058
53379365815
106285905847
399606280245
-302951931058
-100475154745
206183654887
-79781089111
-533480803908
81291943186
-53639282301
544477842853
-90546464983
470684096618
170183799951
-201201875528
-110163368094
529528466466
-674043034432
-137433537579
-18707756622
-295730432584
-227911393718
6677018838
183085558475
142984176377
-349958071157
250098395680
-426994181062
8668451447
-245903378222
-56214833181
463591457165
526177251128
-276926973197
15898682555
-15216239885
83115810970
-216055011034
14962766003
147883836381
-563004747426
-416815555443
-90954134675
201610018471
110458893676
-442847468079
419969792394
309968621778
170935176317
-513107320614
167724202965
221758152565
291177355312
-307798418505
283103286404
-423270015568
146119718381
271906863503
11841230053
385586033033
-74525751070
556306308028
6963900453
-363205967495
-417581280707
135560855313
-48516544966
80478730819
-450115293012
165242299524
215563798643
341429113631
-288142378421
355931352324
-328558952789
-145844915422
104144942476
431613644238
-389391130850
-349222778733
-108284258596
370825739049
-206449628719
261599899367
-56180895125
448287400948
392648972027
-438527324689
194951432210
-154823742983
-356557239697
16533417743
306428943817
-358662574431
96319771925
-186859734455
-494318866472
302942882533
-91741547721
458682144632
-191812547485
-375861198827
-90159333803
602883842699
63195192986
-224018729155
215813972051
177512402729
194894516770
323222648584
-212438645386
-289959405024
-473787538689
751856268897
424490272812
123886397584
-112790924321
176059396525
318114836152
98300382073
-125618287003
-219092724321
-49257469003
135593981283
-124020363854
-238587106155
-394232603650
17331612720
-136630821812
-638649955729
115923929437
60762590028
-387850716665
-360465139270
-218951865292
-83784509838
483141564959
22418379089
-137638598918
-561229550573
129472346058
44658821843
128873563426
589211221902
206064057795
-11430398450
-16259353141
581391221133
-417711879990
372409200039
132291618448
141528644279
-265626459469
-113787947003
434685251529
80996907524
178884726083
-236952706419
50414887100
166129523643
671263518522
-318105453844
209264187223
-271469841845
-69296346068
204110413952
443368542085
37428071452
281365397094
-457570589191
453007409170
122929756132
157983642826
469835029298
166227990509
-11556256438
64429828964
201751828781
-415705605202
-285181827896
-213261603983
-52733305521
179316884837
506775308038
-45626252648
-462302573634
12206571338
452704919846
392889045415
78589327553
779254043848
-292507907749
114014800748
69319525903
-100753289514
-339381777965
13770908661
-99605332115
-183195102965
-273355445844
-213710003027
330854755857
71951010934
-359573199568
-448091439182
-113099238154
380846035240
-121249391483
-347972074291
-36664196411
504242184769
77806137203
-372155526272
80008595308
-264694349629
-572727308348
-88451886280
127915616046
457675505280
-61186671435
280711634390
101873800825
-361171856051
164393103360
-122018993694
280202930013
195722356765
53874677416
-847976069504
9676970902
52105953160
247710610796
201619443196
-120332181086
-254701768200
501897313020
-118023938207
-501806010876
-327314353039
163080584751
-404123261035
150121234532
-263023138601
146544159734
-85140200449
306259189146
-38230217621
-328135930346
-106224437463
247795053750
-445060798831
-179182581808
262177533804
515564020610
-169221068830
361966780200
24328496685
-15597121608
681793478797
158850557985
243178838221
-250529536283
-132941905581
-184786601174
-320140876205
-70207304177
-477440180781
161303563710
-284002514940
-34644368586
17080118580
55251854201
-90642451496
310964386603
444463593332
75046960977
-316593938411
-693146769442
-246941047041
-124864965355
-311574120256
587137124099
205703913968
-426707290741
-252872000374
-292547342123
86439178269
-255375196424
187111715736
-96233833811
-678723759829
70705221205
-238728850768
172252160909
-317532250488
-142835168833
-101818756144
228422355192
-498235998679
80000314075
214012986445
13404697693
-128876030006
-35011999709
-62242929560
42269991292
576302433174
143770898417
394019168764
-606905728034
232685874619
444427499659
106564391172
-236005793577
69972313818
60374006648
-186861616171
411515158241
-414783620974
-282547153072
402823848502
-329364479233
221158649262
230451047776
551157371487
-210680367869
430556558540
-126379427607
31282759149
149205445627
-196869659807
518473984874
132875803261
-85451336379
-207508476299
218123371955
350626622591
432771183144
161571971509
-353038964538
562147200742
-188051372261
46006248521
-295971602151
-180551331205
-275689791950
100943772553
426719013368
195910476353
112445788353
-247581116244
-173300027978
398145035196
-303827682350
-553111729521
189040581902
-148803098073
-386255991234
-5999470734
-524128100674
372035239307
240891722976
47840301038
-78546179457
200700698834
-522497212778
-59975944895
-205775450988
-258918305853
185131289948
143119376129
512755220245
119199949693
432622693091
183089357221
575849322419
-53393042871
538059338327
-46651644459
153950630480
125481795586
-343526958520
354170291862
-431059427170
220503437561
-137214825554
401972653518
-102849451803
-97918211460
274869350205
-204299230431
332973920517
-295685232932
478421027776
-281405101419
524524545646
109442968717
-140482602870
-244754294937
217582230947
106682623566
428487272098
-105810842648
286653092109
-49233754300
780723868102
-51873717244
-31504381237
-86171545148
-203093215199
180456263410
-161562688637
44270431269
-191212433680
-489690840558
-305679732271
625986717462
306265091648
208090888410
186213318690
-77063973505
-422242322742
443466137685
442954952270
310259215108
24823831677
81580179342
-252449657582
215748535413
-425032521109
35187349993
182040471561
80441906202
-273667537044
-590279055189
387463254857
108505020672
222360174248
-163795835660
-420146830676
135743102119
297215496604
-220782651338
-268835350346
-173736809628
127749121099
-52145858208
64500509879
202165877817
141676666367
-162045993666
-312145190548
-757957332141
-339422406157
-186976484362
401984402459
35831223732
443594146592
69367072916
-264400421220
388631396351
-256005584003
-496239502331
-205956072619
-159450771874
-41769121765
432556604604
-142421030936
369406155210
-469041376871
238053007763
-303212916014
-349239980057
-317987438757
-240279014987
70567461628
-558644926892
107148964980
-504529385546
189785721158
211998223475
133676402305
-102844390783
29197274041
-211853509292
-86003210995
-509260135500
183431321932
-317448138685
-299050501609
390591179532
-349523993959
-150609080156
-98819814355
341346710235
550094835764
156118880016
-159613516446
-28210080157
-210591419087
424973650293
193116519573
-41616393836
-65877007386
352141897346
-174460356189
-376682336904
-364821700356
549055880523
522216978
8124696098
-60940280072
603160008283
480500873936
-55718298797
88513477086
-51612200695
-276308247663
544496434891
122928086209
238158983655
-54936254121
193530639669
-501250708227
-58595774157
192623227413
160763022110
-620647148061
-57718814010
-125503445035
-425309940078
374355519275
46042799140
-118184967508
311468196769
165181393431
337729570278
-176440759834
-129520447421
-444915627195
-136496080326
-583886755304
-7247189342
-630304171686
-7653874371
479961383036
-235132237224
-116826657897
-105832842845
18625512399
-331151801491
168965330287
-391852883897
-552098452954
542328419472
105933825603
90262767538
-75169326831
-83054068059
-233334044533
-131183123017
267404589721
-424145770839
-214687674362
-550937751574
129906830893
276765629634
230034202403
276941859943
-126457109727
13758368272
-619723743606
59842964494
257037946943
-59094577694
-301551181990
62766292211
-290364699448
-588051595282
298977661284
-306352337324
-127669430279
-18166401737
-25509153808
511665925689
112646816439
311102959807
34682072021
488202334711
458002063043
-293274672964
-190712195669
334425021428
71896697920
-324929064472
330053340959
427299932
159378545242
-149374234313
99809901663
187557104097
241215108984
462206135396
251945217415
-684938403729
-187483721046
141400682614
218095357794
187400564244
-319475152809
-257639781418
411380308002
214558189973
426294567669
-267117213773
148358608604
352642997241
-238975718655
353007089049
661578647961
-46198337622
-76822052898
301726502140
466494000725
-12604364526
-190389962129
134122427021
285599054346
241713798716
-226348912296
392431487074
78725851734
-92709646026
-195226829028
153000510940
592378044721
-16154194136
109361431738
440496128712
-314339067628
-337199497598
-182633437330
-3476951863
-104107644667
-222669518188
-127849598173
-494373564535
-437261797360
-445148838385
505358372561
25259897813
9031411929
-294259629199
138888439207
-194859847856
145119490689
367555545450
52553809968
147758734515
472467434298
626692344142
-179112737349
-165376770669
-543365529242
-258796927202
81285390308
578150816879
223071052792
411639809071
117015234261
-53280112742
-146532089558
-152556849612
128170832345
139492769431
201211944349
135931460185
215185514481
-360174386766
433574603320
-24988831409
295910614366
-70795098411
-100006852576
674062295177
104457307173
-57504830237
-104417904067
-174902230195
-434888372031
-218330931277
-519777555046
-227209127239
-203094050197
-123578722406
-573742186782
396024368863
-97153378640
-368287621837
-23763886286
219623045198
-486854139835
-456880506722
-297109193788
-219563216468
234600919233
109566976558
-149660607162
332404674406
-166340725590
189119955393
337904574016
149309473225
95180633885
220984842161
-284244004754
-621009680219
377967048758
-315522537349
-145730467164
-390495517315
-175520769284
12144216305
-88147810080
-149768188088
-728880546619
-325938465014
-163160400814
-37970918987
154897576533
663150322859
34326829894
-138124042201
109621148396
-122014447421
-329643047870
-550554882921
-61865613623
159332420535
-219289976373
243138012260
51958780165
-102644487383
-463728251229
-54357685014
90755395008
-492930073738
-43120400954
-279757315613
-366980650787
493593689661
-274678906240
653913192794
161949744844
126876237651
149294482004
-429110294174
310218920686
255991718833
171826678828
225888493637
76692178998
374952805750
183748041867
-442407245892
269379158063
-553889532285
-334993360254
-27737745344
141334585439
-277854953810
193976411310
52616652362
169050727966
-394879077376
560178063887
16258574850
-311585721860
-120842907728
-367494744523
294419222971
244304600201
-169474981910
-282131737691
195919562026
394787008232
136559808913
-112089379665
254092053152
30896675929
-704520337597
398389814698
168289873957
88380204154
133539747412
142290534281
-35965360748
-74053402328
16743865776
28838533250
-316530115721
86621494827
523974865190
-263455095939
585981073451
-420520284110
-369235380999
218953436622
-152802032249
501014182285
-354225837198
-64898569935
414526901366
-112927011288
205482952375
-110237235026
415587093693
-56354239462
-437579553668
-355940990657
-521320983504
-542535198372
-212331044877
-85204599824
-3361080831
-140319961774
158173513543
124379220089
374223267761
-240559819496
-548844595223
118310273760
-55653608624
-58983025703
202818055568
-275392408777
-272056215051
-327375828687
426753122099
-173699158282
-214820199327
-86773522045
136143810199
-336067970759
144469908747
-252301071682
378920040298
-645476426518
-358043030718
108314407805
