174968546744
39501871518
-163260300102
-393804273371
-601179870299
133036601931
267578801240
308864647950
-122361368738
287814480059
-181992605524
51764126740
326140776625
195342600335
321689611840
-313233622269
147816365691
-35906585883
-21323942108
-111298808779
-584181686091
-281509636143
-11744540458
390765818101
-145458967769
-360209072698
-226741780342
414338115827
-171177948070
255353940398
-192918962536
110196083179
133149311032
226489195819
-570709359798
270228445941
217972912278
308690169482
149943892016
-52949292736
527265715263
-96689691396
-28437828446
90803932292
-248302946887
119732675547
-273114944275
167875155163
163929314885
94383513263
674038715955
-178636254113
294488441094
-176613522383
82655410060
257898948524
-15208864087
-129647499196
-88537100870
-485965806126
-328367234719
-560234394064
-244499371589
-229032176113
117370239970
403075080150
-382081152152
-192666020228
201017509959
140192551986
-199106755487
-313834466003
194205587163
-254184530251
-23635900018
140367899135
-170680267950
-551822047637
-65959302277
-71382482324
-140206173540
-11363759070
340351669212
167347716973
-465528747219
-297748768801
-63443006274
564927594351
-18167654562
257611200738
-362890270328
165197766389
298634265881
596413875682
139341075814
-224243560754
183574784985
18482437066
460781817770
-187912958770
224267242173
80586641284
-284716554339
196445074674
7532167927
-25735204609
138443796364
205896316903
-336782853325
63147350707
-13674972835
-419332332266
91909137542
-39125074613
-403892417123
-139108917284
-672179784848
-10182701310
124614543515
198909095876
-304505099292
260386256873
148144348921
-424295082180
-333657082383
445749334692
-88070642345
376652683475
237102343296
257768414206
-577415679303
-100829629865
165200726660
-305063532461
-115887132569
25208182148
391729143146
241228293886
-310870434264
143593193317
249237168576
-316393636395
175720964570
213029898021
126047843525
-531564137831
-227783864470
73158130282
-125543881425
423046069
-218221543673
-572276401336
222982276186
-369241742187
138197875919
53764214588
-375745165407
401722383740
381653928054
104233071618
475853055622
-231717080111
217392668401
261598686567
202394341176
127435966192
-156155749132
-248772294292
-40154638538
-294257115336
424776017485
-514012593402
242531500948
134122355391
130657081873
-373555777242
-306377596912
61983126550
58732026525
-34034966928
92075896276
352914538509
354572391073
330696045744
-248820162760
28824751086
-488354292257
-5711973290
-417693273479
134230098351
-218754310470
-164309995612
-274106852029
-317056189063
-143728415320
72869515088
194545054630
-134443564560
-300081683529
-157438290223
-163037680877
-200438357480
97968776856
-137965514874
-510874828325
-255552872533
480237935686
414262393423
64739570475
-299987385591
386497059264
131837152142
11503395363
-39730584896
461692254013
-190304760996
-137011920178
390634970555
-322862166713
-259492004815
380821260297
353740464929
-96838270186
-487366250703
-143512523292
437219552772
338867553356
-305100719791
-107240131798
36015843502
-255898550884
154627506078
-302580884614
120595225472
-524248722127
-69775868140
-360717068321
-52194546042
-476028858726
136388791648
105989803489
-350318822030
-34021199790
424019584939
-63306639082
105928644940
-110056260168
240912952368
59193013895
288431899322
-353060041371
-382248443752
364785873691
18001294438
-327826582621
30316041882
-346563706051
247915400043
-395921487580
-66291230228
127646131969
-179494157422
316186139380
-266761494572
99911538541
215233052898
-690112313551
-37135860626
-217686579776
-314385543968
-194673722143
130065100203
-213004171357
15827393443
567098663227
-76831663067
-399406955689
474684763314
-201205554216
114085050370
-262861047116
-168097695217
-285919639420
89514446817
-118170070648
181149312921
-237917967024
-37112126605
-120352357048
429877397662
-278619076891
-298687795753
-408587370686
-237834045574
-303074170099
-136602625907
-48294458498
449158598960
-194413915069
529263834489
77855367994
-189039455789
46366655321
600353396502
-218774596201
216524008511
-78420848727
4869770480
412401742239
209295319578
10695074939
-24407480471
-12366083302
-185397797664
331101955587
-85769225302
-442071400404
-26244103505
-151594976882
-226639044649
-700266969935
213727223326
-9554053747
-159005437059
-128843074607
279507550000
264553214043
149965368716
564125126617
48374578013
-125885964484
213147105941
401300044622
176767072380
85737938226
144217273407
202812825418
-431242750279
644915327079
-135368415143
131264183861
-24237801296
-58527663637
503463938701
-89258207968
-56312546901
-90979064088
377629163028
-268638538087
-174865462547
-162100991617
-465998370313
-187868327171
243766090209
70331805981
-113931863645
-24736375377
-452535842287
39093917274
-115098723399
445473606551
85006424498
216071693867
444596042203
199300538584
265382717308
146363926582
-50855415880
299065766315
48382403568
663122591275
270200731103
-208139645703
-53011394509
-228462116673
366335558546
169683353249
-340103893731
-248541660462
326548407454
309475939650
133991395761
122191668420
-124329016409
528914199149
-426994647581
-204986258777
128129388696
107212406205
-199497611156
90035482151
-203292205839
-412473277655
-655146554341
-161183254371
42534502694
25783339710
410510429
21583057684
177150674762
106714318649
-311163933292
-427435813762
280000536809
-316658396082
-55996976798
-105802888279
-458854017103
-654146651432
-16789670036
-109075451133
45283117682
-18913881515
-380496218021
84532188746
-45074281178
-285190710858
7883245328
-366943956899
-14260079155
365834664868
-68929769671
390164817804
166854193265
-269948056684
25155819984
332670656195
73602500438
-524886474719
362891036570
-485569636465
472866031152
158879397314
55567985433
-204525145885
-238110361240
-337934480730
51007303761
270681280839
266386844599
144579232289
11725079652
120892111079
503136079939
182770055302
217768364607
-156376054204
-569398221290
-103270038557
-219459440844
314423297812
-272118629229
50087920979
-249451446372
-79188979807
-749057237627
-324701578988
-211418075515
106339626330
296314246479
188436773100
-90868170459
113134466256
196735029479
-20898377358
-186687366379
-238812063567
-45657968946
243639920841
159564094818
-90400974224
397762106583
-287100036099
-278439933263
-166460391035
-143576280385
-94386591473
715008143722
-83144446759
-75867801666
87744089325
293139378558
88005696627
-78397971314
-349395617836
25550491035
212977423866
114287300115
363284385076
-672279267662
-246495110145
214242073899
-158049837938
-58760103815
160341717449
-507313752
-131831157978
-129874841442
302535077372
-597835483674
-651644929209
-58992592020
-86230108233
61037492202
9156724234
2343928180
227457298737
-277689284535
248552917497
102462127625
321028296201
-83095540706
414458631161
-64347880887
129706628532
-62019966998
355823119791
-645133158883
35407388936
352197604
45231807336
104647561244
-89336975131
299340734040
-197610347050
144910547282
191919084325
-380913696068
279703273682
-601678205776
327281153679
313992729513
38534844478
-142996001892
-312613629486
106372825431
374251697153
-53368171055
594130562571
-111870665363
-549260195127
5857207220
57794924433
31731113102
-53614508284
230539188219
-282825795962
-206163776462
537069003678
-412972442212
-88292953553
388878344419
-59659472330
-171476878057
242495947141
329901262667
-158128123190
-198932759
-184085465248
63864660140
411620909721
152947071560
215532143096
-393978897759
462627099161
-305191646980
-112102458350
279190842651
265669854977
254888983562
128438408995
-227371273113
103566498900
-54837192540
33932735629
478488046658
330251507279
188307971603
-509232591118
303769513121
321196093819
272931650578
-15533774305
-225521081415
176876367023
114344354625
-295662537927
180990059581
-328846754258
477135730929
188429334760
188119729807
-461181442702
-362033702315
-18552976526
27157443639
-163014944715
-297734703252
225829042440
-11692668873
-83327980834
119985131846
436267899970
190133115888
-113972978338
-145664796397
-429435524952
-217348383682
268206366213
600144161925
55437585433
36991380931
244367025815
-206439696487
-339004699975
32315699805
667501082013
-20649310424
-386409518775
15916254108
-131329764097
-251984803228
294142312780
-132352843070
-321825318589
-404733287293
165074030764
-193012871740
55636238911
-407758868398
-302570689559
194276014430
248475721356
44488039806
43635841529
310406560686
-455505717867
-371823369482
198632473957
-90285151121
329737679671
247125693740
36646800513
466960824498
-524846793271
-227147400198
-89235089207
-290270126778
41796307027
-62617820373
-113146244299
-90975404064
-252695465901
430364528547
59835757494
-87739311152
-158433074953
-8078326434
146410127626
220870792734
749069700468
247452780058
29152136680
52872675801
-366461466075
-343991231543
-80946660
-207958340890
-175021429168
414598165193
383928194169
129952105592
-193648866897
129361715701
529341353911
-9201911946
263812521739
-229201192739
122339832717
-728904911969
180247937591
-199741936987
40353852390
-36718835753
1507268225
245082915879
-64513043875
416320660913
136692214535
273162782753
30639719222
-39365830500
233295883126
-148066626835
648637144545
-176045462227
415792492601
39546230367
-404679789035
-55028674593
174134668041
152501532648
60011701254
60762722839
-426515595154
271733098909
310138519041
-292621798411
-84824748814
-170203366848
125142757587
89710587474
-451782539414
-514572900968
-162396990941
-333427331952
62746426657
15097767921
-179934865294
20761213957
-294910957055
-134270530507
-9152495537
-322734145523
-409323578649
-18661165011
-550090493390
-414870879973
39248713622
-232983886889
-139118603513
-139853532321
158116145690
-19556372482
498563407277
32555620515
367895846090
352568439758
-492590311031
106836896887
-341387387738
52250409105
-426730687969
331329618479
46074534887
-59756856293
132961259627
193556087083
-261355491568
-39387190243
-213031989304
-416569915810
595328965829
-36977750843
-102334793218
-241304958310
-433830313834
241266078862
-268033575062
94846265425
199459745122
-106125505422
137525540279
-189640897470
-551119356970
14187709541
440665451311
-175124125634
-33591387761
25892689461
173169351812
286726659961
-122802404760
44268064823
-261601082319
314817048649
-156483855036
161116217668
-524442544314
587590264253
-19962350723
83970643199
108430969257
-93472543343
120744955683
352941401880
-159101305230
506895574714
225213812729
-50591541453
-200043249219
-303447590057
-604379194486
431323800604
-328931171785
82726763365
215947307762
-58689192427
-105506457279
-181288913211
348864562122
-477114512538
109252714443
-214118662904
211295958691
391243813894
43905874414
-614626681213
-389804052652
-72372549327
63467427623
-196744216159
-38446888404
-24088694948
259526475005
472960896576
46307891177
-140366522091
324704973679
-310112574046
-269598286175
-521701956116
-139985385500
-245947671716
-191103452737
-325258767218
429379027369
-367969478015
-44309034659
44717594800
-46891078603
103171947900
-171938876739
-203228283834
-208357987058
336752251088
429555898350
-9499266683
-156375317188
-106944574831
-582173113899
232048625393
174872022573
-300554206779
195284703857
40184014956
-47977437010
62176756886
-56078467458
679423536669
138271299660
-117916884466
-239969160778
103740517665
64641901096
-525936053737
116158281337
363050455568
-303775521780
-611712676406
15922026759
170920949563
-276698037172
-200429136525
373993483464
-312110103299
108561906030
-222963640916
133370288866
-250795848917
-88647632576
-238706657518
-141734818852
-403721193084
-172481818391
-316906184445
409618309469
58081280611
123927519016
366306505786
-123614725069
420398506105
-170310276389
296715163798
-114098647325
-32971214144
16793449576
302355896737
69029679381
-293587836530
-13110702932
280037824037
162982838973
-592846483295
-519957043496
104903022949
-255442697683
-214613806194
-58642401628
750475338606
-270757275259
73192247448
-320589972494
-37427678171
-188046811108
-103737221247
-302466688180
18811862107
-60640812931
250605415485
-224094612138
450978118392
90429065898
-544837941805
-443319081933
-249995167384
-359172636980
-101740184044
-19315420827
157095800049
128429899184
33081197556
18663384367
-591122186500
173936967179
120364218781
-387744709603
284664864253
7679927803
-81612563599
33442286712
-364679470488
24972181434
-288988890111
374229020473
-97150704408
303377737697
-323803962340
-18590609941
-94415956192
152487319757
406925771730
71314003982
-29574452006
368636395698
-10848078503
379944834390
296954663065
-480105233033
-99527258520
-14461561288
-350301344029
-344338223864
-79512147766
36697013731
-503828802801
131708161897
400635537655
126585203858
-534930867058
83686614701
-7671977164
98290079355
602798086438
43512333430
-220816089392
-88462371705
67384400066
383938462787
-59702898975
-167215792446
457590891792
-116674074344
-202045862095
-348130888246
