-98096102223 93851004525 -615724639330 604017186729
-663597627523 443556847453 297990397086 36987391545
387608555851 231952434782 -76655498146 -282366345933
-217962791620 -190256546626 225611134723 311163717752
-228696822942 -380639677039 -13033962623 221727100285
-102847734714 -310638993421 -214681616245 -387200312407
490582604174 112232756452 531020729915 459394515287
-59175482194 -644257080941 296126310941 -7724175750
-212636426334 188157648153 243673047531 -216913775372
225478483824 -48602069184 -13614683163 -544854296172
-211015601421 -655371213526 -79791998931 416421476735
675418642786 -89189787596 340659731678 243460591710
-414727715109 478518471447 517048498374 337491667396
142776629531 -180533679887 343434646672 -202616095946
-331670915258 -390604670856 17842949444 -236904798820
-99084132657 306629373483 -576999581841 -59841837918
50771219887 -142178116945 -234617667837 406439530479
365590350675 178300469815 -322211079831 301001596071
-2712039531 -79436322172 -207617845464 700183473652
-225537189371 534400604222 138657202826 180826136362
-38477965390 157523693322 -712671033699 8939927342
441343212391 -396203173418 -293308051624 165631013385
-557674972809 -385216711728 268507768805 352927077966
-19927381454 456824982035 -254360999555 109473973961
-505309198497 -308598071757 -379595094341 -471984593626
-430348606814 156156098396 -187101442832 142992385459
-30421222951 -222748109261 -166865422926 264145990851
539804607853 -364627679765 53776292039 -256179174300
128366284777 -13244133572 305990216695 -303166436445
546739163591 203307637393 -475321705119 -172880702688
-276568487180 552797687310 -42213865591 -92147701184
-190011955808 211865443815 -85284938768 -607361646630
67894445220 173686210895 -680617395982 250490093516
-304365728222 13397986850 -58613218550 23644537052
395363379743 512471243499 423911533669 468509233204
164482046344 426722183575 148712156985 -390371597066
254314344148 200073431613 428587155520 111208296003
-511712022138 -195725967930 449705933692 -129207092732
-140258852616 -679321593323 136908295849 -149214835060
-651804536533 194554832996 85705036725 450847157602
237780158059 -489785346352 -284685932685 223096121233
-117953038334 -371724077853 -9727753373 -80574062370
-55141599227 -57628412971 -352804550990 551033488783
387611716470 -95975956369 599098281153 273769491004
-72232677148 178133835933 -153159646771 -557277593993
432031983819 -272296302423 646189990578 -384513781395
-67492357922 42387272417 48036252506 268562627686
236845443070 -170115188395 -327230758172 72954731157
-99091482307 -524466618028 88018375727 462681254799
83857469560 742940458573 199987463610 165346224720
-188470507578 126482565679 561790444586 87865556940
-283337208963 170768608566 -145154194443 -119311486099
-435585768357 -71856922435 -97992184781 -691483365385
-655980272421 -133303911032 281119393303 182161261364
-148027876285 194906555824 222029298817 17770406040
14127938150 -108652699016 691524835662 -159720366742
50516531278 103106189604 231206590226 -179366550905
274298669053 -482309897075 -119156316169 -474759480632
16476412047 609680289077 -403035332824 -157082268759
-297339852559 -374313098094 -110941833759 691331367217
-470712057889 304711328163 387280903418 -8512752324
-767341549939 -224473425217 -264881930387 -449338103716
32110958434 227803950600 -99735509735 109606551923
78564481081 -312033243621 -173191928688 -314804911400
241495190598 700847343916 165361032749 -395382300942
-549016034101 224203035671 206451557446 327623028134
267828632635 -107333467865 -106538044325 106815155557
-186618251325 233331100520 175998221105 -381805792712
161648085030 512099819093 -577208262519 216472803711
-329141453661 85932971036 -546025770014 219034251478
622070431037 -25997396764 40136289124 314348905407
-78068689383 -157831598666 -474117990428 -535160725478
82735229901 -404303124152 -9945668511 -130975227223
-747283462876 212708914989 172032197917 -130092011962
-82294784160 -249242336160 57727874720 771820047898
-268547962529 -88516493437 236553493373 444032905975
190555654904 735103862434 372506052846 127826406029
58470675594 313609909227 -211877301357 51164150925
-250966076771 -102728623152 471691538376 -71423711504
346591206534 138106237849 -4832222012 339907579107
364680894083 -230177372612 710525816440 -182905114837
487040345356 627181759907 -76740014061 -480748363674
410764090193 40182489737 299371285606 542600233224
135213958927 -39488332181 603821252208 -106394984137
191785566070 57520256344 -14567133298 -299982114002
-361216795832 203457251254 -129845825257 -115476308460
-548487413414 377500670929 257465417258 84015079026
42733209574 384762573953 412826420138 262165721754
323233280266 -248793781809 -215315941779 178526698200
-37123432294 -454222748736 489633036301 -502156228087
-97860770484 -231669146313 -618699110304 -165341406505
47176800668 228782721709 -295049027237 133662041028
379578879167 -420576425741 384196601643 -83184431885
-81765294800 -465477532647 -236027834376 714870502246
50901619815 163645468707 59026625405 474885089723
301394513564 -408813448498 -411244311530 -342578835627
370999249061 553614948111 -365594179569 23402860060
-285095329897 -3695253064 -143340239664 166920634003
-724625774104 4750667065 -5455309920 -256029089009
-48374592706 93209409732 182769792474 310742930656
-400671356523 212740299119 -259294361944 63936186547
-150609067763 -606679059849 228208444550 -271179803104
127157110742 -18673611022 -234785839216 441117622145
-309579082762 -560617080270 -324098415622 560203940848
624453191850 76986577708 -213587316212 179837893228
250325188626 -31820766326 629646432517 477204785824
-65713737235 -215408112761 422733440843 -38188819460
495487989886 -458272545119 -257566759735 -236378586577
188013458765 586601858985 -43434513696 335424998864
-291083840081 246252946350 -7637638924 413172126326
269091633407 406671940330 -253757899231 200468721799
422978552697 279474834671 425741250349 -339639063887
5114182036 265681644491 -434058243545 -215672489870
-326497648072 425340325347 343163034400 -547099601914
156354737133 140536838978 421041392502 305686475009
-339144621013 266453051657 -409954830618 -236844441180
-618471686753 97573227625 317647889189 256640515905
