# Packing of N=8 4-dimensional subspaces of R^13; each block is an m x n basis (integers / 10^12)
# m n N 13 4 8
-178859567228 293369859558 4933740310 -389700724673
627619933930 475228149073 -16882305217 -88168900024
-90918551882 428974453384 615480980876 -200034681551
126117440054 20593370257 365165124402 38157282619
518218939256 -293502537750 232839058897 396722287685
-104200365995 219938700314 -127040150004 335512753683
1292613439 129932795079 117992092084 -78408049479
143699259082 48393293585 -430449309133 -229074351083
-418988118139 -16368747666 48187683760 303815563839
-148321906969 75683395145 -182103039229 -152946176163
-126574842236 -301421179235 337543650484 -240750998632
190395053931 -406284185520 -69013981801 -533629864638
-7003593239 -296631877448 252555055505 -109046645205
-54912801112 141315252557 24276367753 603300756986
-155838338250 67558691914 204627944960 -372099190288
223150261825 -453532179242 -172977082356 -109847513474
116840807163 217061562400 -505520970884 -260402817454
-242694754809 -272550154160 -201402157119 68061637284
-115830490840 399495566898 -54630033872 148511249274
-151103807221 148913623544 -59007286931 440421169085
403046462178 145364703048 -438542126644 -133644495754
-24252718749 450659776646 -12581176582 -99123223623
-302920633035 310397730720 -357655468687 -91583416149
185573821644 7269483166 304654067368 -25398750628
151820347773 -279850948305 -414773972810 373574053804
-708391671056 -260118857857 -199474166926 -144079994497
227816346499 254039874506 381049569527 -126565816544
-204909324907 -627774455118 288375250355 -1907419280
-118964083599 147216053304 -229710493531 -15112781640
435882801736 -360651564762 178900222391 68465244123
16008765181 301809393145 70213849287 -91595636562
436176292714 -305345411130 -159967261006 279598855503
-226210756071 -368738643618 -414661123971 -286860102712
-361772164476 97509030874 -372722389919 348067220991
-257777104793 -155286771153 67204318931 -451807283323
-95813535161 115344759163 313660075955 -200521816942
427894730052 68301776175 -401739008848 -609890272291
244723537191 -14463909939 -280822218689 165518672079
-103905667893 -132390323579 48259607961 -212968037847
301959416009 336225936709 -464705566835 21045921541
387375153333 -131834786133 -185568259989 -201478132226
-223546447942 -465961325298 -204636829310 7380767113
-190139636956 632675968448 376864118233 -240917618445
-129692137851 -139811814016 388247142737 -38137336247
-2289041304 -244353037265 -176829086598 -321519781360
-277184677042 -254805320267 236509771332 -379829913964
6344503629 100783279132 -144685542573 -576190835291
293907585952 -252285006468 196825636479 -285652384673
-429630636189 106866440732 -270268472893 -321043002646
235376386991 66010932471 -114933687784 -287732161736
490709727302 -66428982078 426199604156 -87846314517
108516288348 118303367099 -13927665046 -211185042310
192465452417 -176588280227 289172575902 274810340304
-110856553723 -218961110015 -338038010602 352931933669
-177472503966 114687683950 163842121621 -265468391045
-124353120287 -150406947573 480422346927 -232122264793
223215813619 -320813497874 96506590841 288064483426
694772786671 81111513304 165355540593 -153338896885
-362620265790 -101809572646 450880246725 339379378041
-153274278671 288440249393 -363119029512 338601029886
133847842790 321087614687 283544045196 348299916394
280427687169 -362300599988 -139552883051 1500317593
119524888339 -362928711462 -254460826642 -139109772932
262325497689 117634694779 49494119371 436227629944
191130587035 549654073234 -74719717934 -90994363826
-216980008640 41112594833 -343137686369 -58508783312
-376067171085 107342255949 -16404055798 -251588027813
-343014444645 36941874588 -73501423579 130489659506
-53214101630 -55309590896 226260217872 -64983737351
-471918855873 -455413626737 -132144373606 16255024559
-166406375353 -357221805559 -79938238399 -146398066290
187800852253 -346821684182 394810858768 -43745833589
17676343321 -277872394583 63383705143 393063076921
17160028003 498524957414 -229955623481 456642603445
355381401572 99430444233 301467222959 -170283719257
-189383270207 -22233067852 279884243890 612811033481
-124961989700 285055673130 -86974717473 -334257399730
476393197138 -331197239001 -641859842355 95584856496
-240167152690 196375087488 330057285426 349001756439
120601354877 -337544840219 110215270567 -207669662054
291874034657 122039376900 581997952670 389920630302
221670099109 2819676514 -321297644010 384437685340
-379916638728 352120596329 -75349739974 -227778901128
104110016272 -165353220701 300040277354 -87547269365
-170791732748 -357358671569 343834194310 1551049200
-302537379935 374412541172 -31633056810 231925546736
379644858005 91113671947 -264834706156 75049653190
193773896908 560641179850 332694443841 -398901415128
-63283470676 -73252688820 59717922884 -488055953155
520996684379 71670029643 77231740117 -121997884187
-245869584931 -283293821590 177996202660 63750685285
3782295181 -374762620924 -358412714803 -335633886245
-1506759348 146525828247 -376411868120 -28705336015
-251316488330 384633702692 -144080197371 221403891373
135597336654 23194242845 -476135838322 55418371120
-614951858290 -6716710897 -133950174936 -92623746621
-103383289154 -284216377753 240573008402 696779857145
146181756044 -143500633357 265161920175 -487582874641
-7915370631 -203739090249 -283283886920 214129256006
-569677520916 2022562445 -102715572220 -108578635417
-47218620926 632362601575 54040900310 -86567013452
260965407866 -47497099579 -321765349859 178893001161
194148942715 285806065536 216663763457 36032902414
274940585334 250695745904 -303421045599 64661036381
