230281729452 -27731676942 418113270331 488614564039
-113361298652 -130747062747 -85110262979 4521221537
-274795295325 341946625977 528845595645 -599010975230
-61251604787 -692141107277 -40059025476 -155282307975
-258040548658 -460955670296 -41500972710 -149160389276
137980251890 201731325886 -314768117943 -352192212671
254386320995 -55441804731 -406192367930 -340590611841
-405913790153 330713803345 -477626393104 226152698097
675450547127 106963811960 -106680012092 -36616959253
288998280278 -95325882903 177070640736 -252056812879
120444207058 255617617086 -295554368149 38750807758
147898529951 -208831113641 268205984158 -150545724864
41707859439 506903985661 275062039 -82589087341
-86019379055 -111796149470 71967683940 372342802114
141751154200 646850643422 129788663147 528642112259
-130692246167 201636398950 -367864881697 -312652768097
472096273999 77564446432 -50303083620 -433487131056
532506697113 148958149460 -41482170587 -226076358860
386231163449 -325408779555 -674694601241 418996624859
511560064679 -168613553329 473180830581 196418479954
-414805678296 -244443061244 -240501106731 109197881484
209160872453 -415151807049 -103948338272 -422147447577
440595886187 -535117503557 -149392467564 347395284096
425458454978 321149020667 101455954078 356717263167
-170102418490 -149149032998 -444923224976 161378491927
460108854599 -50678655495 57852141959 -581059640014
216250604018 -312646595528 -53818487157 335375861723
-148376871001 -161520721486 -377409270238 -256905472302
191036780565 31287049912 -86892934550 131903405912
-251273327035 -478309161528 737939310039 48861479759
-336641544940 10402987987 210093534836 -444225070504
11370258843 36899262483 198139129123 -467913192054
-617122371790 506207893497 -144412453443 288390725010
354201978533 668844533191 517523099188 -167313725955
113952035041 -255523997250 271332709452 242049008945
-183179551518 -450273194716 581891061158 115090922001
-139918551606 -24304051185 186497300530 -142846682736
140820220873 -68922832105 -253110209466 -366064355017
425557902992 129181046895 101657548563 447361140020
336447982904 -69739025186 -326370269071 -214905371808
424150478571 93614221063 -545141040752 158407553882
-505627839854 71472210764 83361791655 246984785421
-549251418447 134785104464 5976298134 114197899497
-175892788537 -222921459775 -262108303433 299956754928
283852683630 517069215919 240949510009 649340045353
301855298419 -186616208419 131711266445 -161019141010
-1769966696 -706020151642 -49666377913 522590143108
-116469020170 310727198414 -508475762129 142317269544
183943154678 -47754965121 486089680618 254409404232
112823971680 -137056677112 -233309937764 72400838738
231275322105 502997077887 244381621748 -51609634696
353475783239 -99255954850 -148942845978 381966770394
302761886510 -91216536275 242033407575 366168360079
91076786463 -295268826958 74591382842 510785908978
-263445919914 -180214283252 -371274030540 -123759699695
-77360996500 -149951304420 165752031780 -466747607248
237543604864 270556879742 524819509699 -164917967599
-398387704765 -396165171160 602109872513 61302243136
68577542232 -416547273842 199981403252 -101193608860
652974556760 -427803666948 -103281590949 -426720610614
-66841666961 -181378876588 -10961489825 -186469547838
-766744047119 239287226392 -144706722536 -55830026718
146206131668 -163613792876 176605831622 -227468342389
-57787757403 40068953378 207599315097 292485827723
-82888499095 -335826378924 -189385422877 -282802771950
-370570914970 -366455137859 243227820186 58876551479
-142104180296 725958456698 144936733637 -18332588930
320292796984 129269615853 -496087870539 486409536166
317836219203 223604931922 579019714055 -266495002516
-122171426793 -201678276744 455249868285 658352904182
90517633405 -29927244940 -422685680277 675350459661
225346619787 -395903258026 -132466393471 -230023014360
56973064720 239484232429 295263701044 243140089961
174776252979 -270316420202 -381654272158 -334019264771
17234003698 370680511828 -372535017822 -381737011733
-468750649829 -380273118051 -395043168236 96610613858
182383862316 417269767866 -327515715761 -226572889495
-107049011552 452704188695 -353482444083 231261572085
126103571292 -212450642122 -208903328115 182776647205
-791570042943 75757524685 15824239723 -164389623573
-134099784541 -106361177477 12910386196 437876884589
-278443463009 170460553403 -613976241992 -541365922222
634461299 512612580349 70118452487 56638315342
-289923435347 -338065214559 132429384346 255333452133
303847746186 -562560119150 264506359388 -411869696213
200891105132 -242781037059 -653670411556 481386745977
-253983657779 8942728027 6367900810 115553992205
530305892016 -161909166046 -281977567869 -91328867388
582083185747 422038581460 130273014077 153119208600
-56541340192 52374789201 81490973369 16573370829
264653466266 -532420919528 -85952153961 -485872443781
-113928566152 -229445926421 662295380169 33392131852
-150220469400 -3794550806 -38274152375 -110603229651
-670035303696 -229260014895 -430579888505 -330789952599
-1402428895 59653368776 -42603176968 31654752653
-233836319888 474120074338 -128800789486 -22537844022
-14194638414 -301462607828 -178637670076 698743617123
477252282063 -258514144295 -370967669254 3293975229
357500228035 397609205154 73498394189 -362022438500
-187099690373 -259147182530 416866871676 -142597862034
-228339872495 -45129627244 891766309188 -219541589479
-246035479269 325433311712 192796957811 493509865128
-385380633474 -436506361304 -77713982139 250633076841
225363072176 -484725457408 -111498580832 -148706993507
-501535365352 -53151478060 -88140144688 229153223619
-406021126351 -15238616540 -147452295726 -246162639914
210884878429 54203203188 195713551608 -345324009194
-266495181720 487568807929 -184194246840 -343027117190
310005663817 442034660553 -4866108358 299143433129
-245018765488 165670268816 -217588896374 -428728913375
-43470309092 426104476121 466048755331 207138825501
-272197659559 116967551692 308534566965 337006704818
-306746308273 52028080752 -106403424490 330407411555
25790797443 -473434928629 158944087855 250063196235
-777657970369 -7206189642 -114616819585 41162133058
-206260826156 215371220314 518019028065 -616193245090
-286474151682 27421283718 -436552831328 -116673268542
-108684769174 -707176448436 377758855293 -65049837711
293809780608 170294101372 30963861531 268374390806
-41962487869 40234136682 187884139966 447841428459
116711613624 -619317341014 -62178565490 324096076371
398117236422 -42925620991 -415695198381 -354273411346
245861218673 463439088133 54208461537 435767590861
342285091110 48034107727 211838984472 385521778762
-88430052282 -277699915810 399172641620 357798307152
-370370255798 318230436479 -579977304408 442195035758
-557013811438 -54313743848 243555762336 -124566635248
270733317060 376939302312 408601334403 -207878429952
93705552265 79667738445 69999123457 205163221999
-336063381990 260292787794 220522576662 -80952665073
-600744188004 -91270529497 -195578901994 -120328667888
-50377793736 333035726150 -136730522286 717266922114
-551383829555 -322966035887 102396727155 263740315257
384205209523 -394957027476 -671724232075 -11277918437
-171284408552 516365698345 -539135071633 -134042668818
-236458029517 -196311396873 -228999553173 140767820445
291652665640 -5842078692 258668727780 319482617410
-3581553542 -526976946418 30919732215 85832686634
62025482046 -50709949142 -170158443827 504122526632
-103724222337 187020725623 203539348250 2024271052
-72427594517 204591383767 326143637227 11014048578
245117407535 477716399074 53806680987 152621909208
261772782071 -4116438767 -803269621488 37608836688
-93307202357 548005748412 81839529851 100663449458
196082425020 -264407467931 -73722551471 -75148041256
-113419932734 570938161367 -250670410945 -194296603780
-661480916237 -19362685903 -200449874528 541480315947
436779427486 108159262820 -128716186558 484035249742
344173077613 -71982663474 314320046323 532680420875
243597413601 128318453858 122391199058 -332264659918
-197912434494 -286146239084 -206612674128 645892275958
625002435224 -350307994760 -312149033121 42817904070
-110665307617 -44884566463 152046724468 -187911395591
-22543207612 353786969123 -326627666776 263700165301
-59622840309 -249868559388 -183764621514 -562189056059
207513620373 297080172612 -2003759215 -316629081919
-39490772551 -638552866927 -111037692767 -118999872884
200022897962 279202793150 -90450752814 -10882452513
-269432401322 159276747767 -817665957648 -186181941820
-629816109895 -80379244618 84903283324 -104344151385
297102959719 2172005560 29322598549 23565655949
-113487570977 -484801948398 -154964588125 -169990986463
524919228577 217248063096 -247813296261 561119264319
-193392509680 530064032156 -96727488804 -85311072537
152182318897 -118285779330 467335741195 -424039616501
77900695648 220978727321 269621490856 26147406048
238545738808 187556428938 652698679599 88908506708
-36341004597 77656646388 -294261145349 -95645521989
408233806781 -542411253196 21754034602 179327413574
576022558191 196358585854 -316514858079 -647078452421
