-442894998821
280011442100
-262088860964
1300417076
114343920558
287859440364
-197541590936
-447666239418
385143499390
412938671149
50260892293
285361816367
281231045289
142855079254
356079508052
-249952160109
557444259445
281303632487
155571371538
327002891505
151187608906
-293146019996
183200543295
200846710919
-76987633461
-556069929675
-301440965427
473025866635
-78281126029
20132494065
167405614835
444149047983
-253989965155
226061696389
137557472270
37864254713
-132197903019
-396749589913
-439839880318
-602052896991
-282402093021
-28218933545
-74127579210
334192859526
-174431333059
-90341011289
429264143797
-224467283422
-371388976794
225693430713
339498492816
86793266045
22022869027
-82791525528
-638560809465
372021816511
-284038946452
-77390883310
47058456319
-67362096947
-160276983533
-351913608141
-198363456388
-760436145605
-1541142601
-32166429143
72266895750
479393244761
-49236249233
-101809232712
423401318490
-371239278869
166031865112
280105876865
-296701956617
-442699656854
-212231209182
76868760289
-617158786239
166888131427
-384077750192
136787257427
-318088124748
17174459551
-114476916754
531570737338
98840745422
110504219270
-203384508643
190295561489
96920989709
160394590663
-498362328105
-112937208262
263100761608
400938028422
-343190021686
468576368080
-242622953934
-159456303698
194013566376
-118445652159
-35871284865
78704913120
397797973004
-786183524858
-57202533451
-99264758034
-202606986160
291408413373
-639933057592
-310062359266
-82583511418
342675574071
-151145935820
85431783095
271326233556
315185040561
156650002372
299655754908
229487291074
-220326234023
-203019071562
569908213789
-65407672183
169839244939
154360304212
530263815293
-402175684048
260170239574
73640013893
111611822701
93397264481
-326767279308
332067668306
-104427260074
72328822762
-241453168919
136745741848
-597805229247
-258210949178
-498235433413
-93878029298
185158235099
122265077058
243656921287
40745166888
-297470577979
-194922510097
366492906440
658551405191
282170514626
96810105712
325969148301
-340900805438
314550665312
104271853336
65191724570
-481155525407
-50448466890
249383315229
335354255842
-78322452850
-594590116512
-36604971135
-347488781325
-301869182910
-93915263261
160849065909
-459140934566
-5957883779
416235410807
-308504478716
400038114921
-334663742458
-46161736420
-239799604012
-376593404041
-240096087185
-129646732285
-444045528061
-160056040523
388609950601
14964443337
-540227226848
-192916295831
-152055918928
-111089661118
406737782044
194505637256
-20722892911
271140151920
324343406761
-462713875011
125962836296
-1132303772
-58979840518
-609750182606
320359663932
548565912434
-34369176588
39617189891
4384359313
341976598632
-164494533763
277659363456
216191606488
-569812977774
33887057709
130908818746
-513678946060
-704410708218
25413036511
152901953594
166611593915
34525766909
-134039132360
-252161426480
-256098024356
150625435983
-523817800941
-69824039529
22767707430
-728154729076
-6050056245
149745275902
176109381149
-119192483145
190618125394
-289061674679
-49379170141
10024077472
520524084278
212166539770
-416861583225
-112440188022
219883511296
-93612402669
223228925182
-67619748529
13584511360
621146533966
-34681320719
-144655684208
-385237485796
749562039142
57141509360
367726492604
-51931429719
-266228268677
221725890047
18256392649
77864060733
215498265357
-212273167850
366790915982
-345711413599
-428468149272
508665740550
326004964687
-46302238267
-166277329128
20376945256
275020630864
-188246491059
-192854326323
637248033879
-167286729861
446144704971
8419797870
73152258798
500311249972
92739399326
136475347862
106281952398
417384478458
-272169609175
169255274051
185190742632
272229260200
37526704078
-24695950385
529660516093
59562255882
207128006652
-534466175418
146675257986
-70377513024
75232536782
432958807867
-345010898320
-61825617963
-373555933089
417335943014
9837514515
-387861969810
439679627303
27474096463
288368425881
-151957206440
64432646450
-256761140188
-460049216578
78187860724
175380002005
-595899296479
-147233237547
444555527718
-153323412512
264183792246
280588134588
310451890695
-141288367935
-403831064911
-480060367547
101688756560
-372331713037
-318652017397
-259958214060
-265463850908
-68427406027
-178219929558
-472832222143
434990713818
115086097497
-293019145797
222757205315
348798295323
182206973754
420370818450
84998997828
-46046531529
329772034592
413976913096
44700610776
-101656501480
266507762777
-480508698987
-458940870609
218025166479
371644353749
497540130867
53248612350
-78012059821
55283089324
-129296755635
199262858190
3146580017
-324229692368
-282077397042
-424356493333
565041660951
353166045993
-28763220548
380338383742
195262199299
75099489855
-417781420449
-389114255160
-272760880750
226139867375
224054204117
-429339763118
-412980932748
117364692269
-580413750566
191958737127
-119664134205
-45087439599
-174426912984
175645577788
413053444251
-294235245319
327304098660
-61343854532
89278539
63590881703
-248971516938
-294898465730
-47708076131
-316226503042
-434030768262
357472379595
-403833058693
-511581460717
26406402528
-25029743371
247430474536
126374522549
217713178053
-753896806232
10866084430
351349106728
-264904740382
326257822786
-74441096405
215223404809
296127629813
-25341097240
153038291486
-298854863743
-495958449323
50482735670
366345121029
276524417611
-128252893834
-526273310516
-82604660172
-486520457287
-109011951153
-378349495625
-303470787527
130900448864
-284237053510
-11157962948
107058995985
-342093947462
531796786183
397435310601
-465096138411
-72150292760
-529058931148
190424149623
265473791040
-330965170189
223522900014
-171505661535
-140811951090
-158560461161
-3894722399
193288325940
100337446783
-234379999707
31262313089
345293334447
70610730680
786499643134
-320770500230
-115868024535
-193730149449
-110671235525
-158446062923
213481492228
426561704396
77406873982
-118719279177
-251834442520
19548991807
690086045194
-412897179928
-67274183155
124860191325
213082654245
544343276066
212404179220
-472055826202
197625043757
3225024000
-330206755316
263077354439
-368731295765
146522529433
292967864582
252463763132
-11781902570
-437290541863
331251944947
-169303372992
230108905852
-471020384490
-45837362740
169643643679
463668225608
-128196889417
-135693704624
556987172179
-237820323456
-94592860169
221268428673
-370246536685
223050680743
-35197022626
-585748381162
-96322025436
304308207807
169017392444
27379334061
-387313859832
365662923241
-255683230340
209234338951
299842495412
363495935956
509727508192
-57868258443
-218182353271
-838755552536
200497573639
-121573997
-7674547277
355873844033
115840795349
-49257502326
-84363891204
-206182201420
-128481293303
35713273651
-430821683693
671715189183
373802041739
-329335313169
-102340299401
105153608536
170428235846
56388554482
233597488350
-73499463776
-350812490672
499333086446
158261395296
-275311878415
111208226669
-300606688542
-367947386533
3036216023
304094589683
-423698813804
128970587726
-143979346327
56215488519
336143382707
81035515443
134710496610
378844509078
151249303740
30880902019
12003966534
818220221327
-37711409855
206465357071
76053008767
560629750030
266920824299
331709868577
105735745775
303863526808
29219452796
94490195724
-459930327377
-362178058147
-27433494828
-27088496524
-510399501044
529856323487
-9591959309
-219633520080
363317030105
443265382402
-215149989664
-80285153455
-166459202716
-69694868581
-564067804414
194866289407
-225989350971
-276188694320
-428341205891
-352400077727
119663100710
-139658066638
-56507830745
-408616095275
188276371147
238953162262
191385798828
-510627081759
564225524086
482213595821
164244802308
61585794054
112770146321
-123807345672
-19746640491
-200192771295
-20104430648
440431665100
-94743380339
-607971697200
-32207502874
-155546427669
-406277222567
-381418951610
214977891774
-70310847488
-607345305431
453205925490
-341439860139
-58156001524
-348749767637
-211093782043
-186714744972
-59345570041
-88955625156
42800632526
-302417749410
551909074334
-535247056555
49847883762
173190216665
-448046734554
-146176649424
-109825915681
-212421429165
192131048577
-245106739201
11728662292
20168686401
405219368537
-59223926712
462644976481
-417497962446
76512493521
-556889068007
-38742461059
318643385762
84878557759
-131603724000
-241676701852
399467085819
223238593752
544216390669
253879955164
-32619049217
-8778094661
579905286199
111777097424
-145220193704
23285519849
-177519546310
-38632923211
243518596284
230040599465
22576502161
97530536640
-7798055812
-72335501663
428247239480
-3308724354
809970702867
-18847281476
-283887646113
75507936328
64022958922
41738201320
619616296529
-83873196898
531798423174
397613412591
-170890844415
215502625619
-45299760869
198609033889
-160930141553
-557356704589
157419936784
-319766340002
-537815054793
-163337860790
91824150910
307336920410
-275887442174
87851150346
-759686610784
-111138574758
287991875438
116806456621
-241633982692
-161471175159
381631109664
-49829851049
152411516532
224519636252
-102399709807
-258932489182
167309637399
-283557612431
667738050705
-241723814156
-132370274917
-33487366377
55454170170
-221322989557
-488941714695
577046408284
-266036818258
-240092964388
54524943998
354485086892
-579255657913
168974659498
-175482336180
-79502362735
-92306915614
15484853346
228665168791
-296102683764
355233306730
-309931934440
-52672303014
-185869869844
-182038471088
70644492939
-236217206786
448716855801
552440874874
-668508973050
64689205401
238998023585
5360442821
150799553553
-329736864748
380841763758
-146846442402
-218414995333
-206798189075
-321279375072
435549429915
233784612884
-272353100964
444969225056
-157999767011
-249695736155
257394363176
-30910800732
418187840656
-278192412241
276904884211
-87016519924
-43819968902
55123730119
-236633540713
-863668329711
-81111436660
-160188213342
204387211038
331263399605
23876305074
-35098644975
151766881828
-61446188613
-23823794434
-99824694906
100538147230
525381520812
301170256955
-95489711110
-543915156862
-475728550651
-233541890804
187904193265
230049422360
-297229786520
-424286538413
-194733409723
-65534990629
-100749943219
-247009191236
688889320783
-22394489758
234424034221
-24033275513
417216773804
440270064229
-78049378087
27401928870
54751595084
683980733813
144823510026
-345923815460
-16017534925
113803281007
751721582332
278150806144
-171382636407
18365825405
175835148137
152829346802
395277020558
250591116075
-223647983436
25984389805
-61880789291
-348871272101
155145305271
392755777624
-11386494836
527328616097
-350330236581
-168317966771
-386461963254
34927350543
331607746988
100786248855
478535827636
251305925025
-461746421721
41768192044
164271899282
55447706955
-147970802476
-98066880685
384961638171
199041821109
-493466481020
463589393522
-5271847563
24362432751
192211816449
170780160754
333917942126
317473210259
-675192877256
75266906632
-6878141965
-210864978467
-347172226192
98198959355
-52020340215
140729765288
-279496645613
469309229129
524303004912
-398312157819
-270356509204
191577093295
-74881632485
-310978974935
-427859637288
-9310212453
-37903169795
100857177651
-296833240788
325551215360
508070736060
266636257296
-401852462941
-154022635125
63260746288
-86695625990
54713954372
-117242899717
473985794016
92803204765
-155173156483
387590320649
-313443746772
-463288085604
501278033157
-71195958355
-501167778167
4997526861
-456262371096
-228635096589
55285339492
220126725664
527556302498
8840960495
387727466023
-55217866552
137837992081
56826177224
-416827163235
47117319148
327009572718
738196754099
-151376296262
52784899052
-211807567817
253425167123
-123081475377
156692895141
178070580072
545316385850
235354889352
165050122624
660005947764
-162058505420
83927382872
-255607657401
-18529340024
170708964926
-520369514717
-106862814904
-334273846766
-128872117404
206915714180
75232158416
-205065690449
250322825605
-358602040269
-489657699750
-260578872140
-301035299146
186352226259
118113077693
-454581282963
-316849554133
-170507365428
403156025411
-109085178134
177162953431
508562522293
245219177087
97984484291
339621864784
69843126399
-65901306547
324017499014
-463292287502
299875043871
-359712321299
491760320123
-164103183236
-241105451486
156579415380
-369159939099
-293892951033
216095428549
-240063015348
-25082340730
162419165994
300318767764
679669915007
205761603585
-164358666804
-539864576376
2394078853
-426404861387
337507457328
158364390737
-74158463271
3263069411
-197173738605
-524739478781
151105062377
212501691243
-63237692529
424932171995
-466252927947
-306925520873
-132717093456
4376005508
557654457034
281341382202
76290055860
104339116057
-281722041013
-445250893694
-277899879705
14333292281
346521374264
540681382295
266512658437
-418694031498
194493277621
45087266128
145274710671
-67863893104
27959577959
-150997698510
382098897685
-89836191424
-141262544824
165594334636
-673786286972
368567179509
197639674961
372086346462
-87360410047
14813274115
-187135558980
176041113613
560950747370
474960602813
-180895482359
275465825755
48010294898
392047081067
346886031948
92610164385
-306842831393
283062739982
299335513750
358644514996
-103940711431
-40065178059
-407530945859
111580561256
-269742471679
403065566224
425830821990
-348813494283
10760737414
446024878412
537688223571
38649217155
196277317673
-100221712975
-428309059419
12623238775
84552036311
-386453816456
409590417331
354478670543
541939309791
183725082246
182377794547
-340602902060
-22048486550
73371485289
-56029004299
-197765028740
426304676790
129540972445
32159504759
212607673043
-255864347245
56061507345
-9496820089
471501562083
53926758861
301862395016
-628257842265
396525652923
511773338627
373931492193
326670240574
-2990033139
-499474919839
68152831277
-264248905051
288717239353
-281764135752
42098745363
-55429576991
-292220891475
230510754401
-136518768767
-105630823667
323906258347
-549696976551
352164395304
206943970607
173962968529
-9969544497
476850493135
-535686111617
152194416328
205859430218
138536019678
371325842746
403787360945
78485139910
-112984925696
77635871574
-516245175915
189520132228
